datetime,open,high,low,close,volume,oi,iv,spot,api_strike,strike,strike_label,option_type,atm,date
2026-06-11 09:15:00+05:30,538.0,566.25,529.1,546.45,2145,40235,12.102344,23104.4,22600.0,22600,ATM-10,CALL,23100,2026-06-11
2026-06-11 09:16:00+05:30,539.6,546.45,517.6,517.6,5005,41015,8.573065,23082.3,22600.0,22600,ATM-10,CALL,23100,2026-06-11
2026-06-11 09:17:00+05:30,517.6,523.3,510.6,520.8,4420,44135,0.0,23092.9,22600.0,22600,ATM-10,CALL,23100,2026-06-11
2026-06-11 09:18:00+05:30,526.8,540.0,520.8,532.0,1950,44135,0.0,23100.1,22600.0,22600,ATM-10,CALL,23100,2026-06-11
2026-06-11 09:19:00+05:30,531.35,543.45,531.35,541.8,975,43680,0.0,23115.85,22600.0,22600,ATM-10,CALL,23100,2026-06-11
2026-06-11 09:20:00+05:30,494.85,504.65,491.95,504.65,2015,32955,0.0,23128.6,22650.0,22600,ATM-10,CALL,23100,2026-06-11
2026-06-11 09:21:00+05:30,510.75,525.0,504.65,522.9,1560,32630,0.0,23142.45,22650.0,22600,ATM-10,CALL,23100,2026-06-11
2026-06-11 09:22:00+05:30,521.95,522.9,515.15,515.15,195,31980,0.0,23142.9,22650.0,22600,ATM-10,CALL,23100,2026-06-11
2026-06-11 09:23:00+05:30,519.6,526.0,514.95,514.95,1495,31915,0.0,23135.25,22650.0,22600,ATM-10,CALL,23100,2026-06-11
2026-06-11 09:24:00+05:30,563.0,563.25,544.7,544.7,1495,43420,0.0,23116.8,22600.0,22600,ATM-10,CALL,23100,2026-06-11
2026-06-11 09:25:00+05:30,543.8,547.25,542.0,544.45,975,43355,9.120976,23109.0,22600.0,22600,ATM-10,CALL,23100,2026-06-11
2026-06-11 09:26:00+05:30,542.05,544.45,537.85,543.2,1170,43550,9.307724,23107.5,22600.0,22600,ATM-10,CALL,23100,2026-06-11
2026-06-11 09:27:00+05:30,546.25,546.25,529.65,531.95,1755,43550,0.0,23101.45,22600.0,22600,ATM-10,CALL,23100,2026-06-11
2026-06-11 09:28:00+05:30,536.4,550.55,531.95,548.4,1365,44005,0.0,23117.6,22600.0,22600,ATM-10,CALL,23100,2026-06-11
2026-06-11 09:29:00+05:30,550.0,556.0,548.4,548.85,845,43875,0.0,23121.9,22600.0,22600,ATM-10,CALL,23100,2026-06-11
2026-06-11 09:30:00+05:30,550.7,551.35,534.75,539.35,1235,43745,0.0,23110.35,22600.0,22600,ATM-10,CALL,23100,2026-06-11
2026-06-11 09:31:00+05:30,537.8,544.3,532.35,544.3,1235,44265,0.0,23116.9,22600.0,22600,ATM-10,CALL,23100,2026-06-11
2026-06-11 09:32:00+05:30,549.1,553.0,544.3,550.75,2925,43550,10.152327,23113.95,22600.0,22600,ATM-10,CALL,23100,2026-06-11
2026-06-11 09:33:00+05:30,537.65,550.75,528.0,528.35,2470,44720,0.0,23101.6,22600.0,22600,ATM-10,CALL,23100,2026-06-11
2026-06-11 09:34:00+05:30,528.8,536.1,527.55,536.1,1365,45110,0.0,23109.65,22600.0,22600,ATM-10,CALL,23100,2026-06-11
2026-06-11 09:35:00+05:30,533.15,536.1,521.9,521.9,715,45045,0.0,23096.95,22600.0,22600,ATM-10,CALL,23100,2026-06-11
2026-06-11 09:36:00+05:30,524.2,535.0,521.9,534.65,1430,45500,0.0,23112.35,22600.0,22600,ATM-10,CALL,23100,2026-06-11
2026-06-11 09:37:00+05:30,539.15,540.45,534.65,540.45,585,45240,0.0,23119.35,22600.0,22600,ATM-10,CALL,23100,2026-06-11
2026-06-11 09:38:00+05:30,500.95,510.3,500.95,508.65,390,30680,0.0,23129.95,22650.0,22600,ATM-10,CALL,23100,2026-06-11
2026-06-11 09:39:00+05:30,511.35,514.05,508.65,510.05,325,30485,0.0,23132.35,22650.0,22600,ATM-10,CALL,23100,2026-06-11
2026-06-11 09:40:00+05:30,556.0,556.0,547.25,547.25,1820,44720,0.0,23119.75,22600.0,22600,ATM-10,CALL,23100,2026-06-11
2026-06-11 09:41:00+05:30,547.25,548.1,542.95,548.1,520,43290,0.0,23120.35,22600.0,22600,ATM-10,CALL,23100,2026-06-11
2026-06-11 09:42:00+05:30,544.85,548.5,538.65,541.15,520,43160,0.0,23120.0,22600.0,22600,ATM-10,CALL,23100,2026-06-11
2026-06-11 09:43:00+05:30,516.45,516.45,497.3,516.45,195,30940,0.0,23141.3,22650.0,22600,ATM-10,CALL,23100,2026-06-11
2026-06-11 09:44:00+05:30,521.3,522.8,516.45,521.9,520,30810,0.0,23144.25,22650.0,22600,ATM-10,CALL,23100,2026-06-11
2026-06-11 09:45:00+05:30,519.5,527.65,519.5,525.8,650,30810,0.0,23145.65,22650.0,22600,ATM-10,CALL,23100,2026-06-11
2026-06-11 09:46:00+05:30,524.8,527.95,519.6,527.95,260,30615,0.0,23154.45,22650.0,22600,ATM-10,CALL,23100,2026-06-11
2026-06-11 09:47:00+05:30,527.0,527.95,525.9,525.9,195,30615,0.0,23149.7,22650.0,22600,ATM-10,CALL,23100,2026-06-11
2026-06-11 09:48:00+05:30,526.45,526.45,515.6,515.6,715,30875,0.0,23141.5,22650.0,22600,ATM-10,CALL,23100,2026-06-11
2026-06-11 09:49:00+05:30,522.25,522.25,515.6,522.25,260,30810,0.0,23153.3,22650.0,22600,ATM-10,CALL,23100,2026-06-11
2026-06-11 09:50:00+05:30,526.0,526.0,519.45,519.45,260,30875,0.0,23162.9,22650.0,22600,ATM-10,CALL,23100,2026-06-11
2026-06-11 09:51:00+05:30,533.95,543.85,519.45,541.25,585,30680,0.0,23167.5,22650.0,22600,ATM-10,CALL,23100,2026-06-11
2026-06-11 09:52:00+05:30,538.8,541.25,537.9,541.0,520,30875,0.0,23170.8,22650.0,22600,ATM-10,CALL,23100,2026-06-11
2026-06-11 09:53:00+05:30,541.0,541.0,541.0,541.0,0,30875,0.0,23172.3,22650.0,22600,ATM-10,CALL,23100,2026-06-11
2026-06-11 09:54:00+05:30,536.1,541.0,536.1,536.1,65,30875,0.0,23152.35,22650.0,22600,ATM-10,CALL,23100,2026-06-11
2026-06-11 09:55:00+05:30,525.55,536.1,517.85,517.85,650,30875,0.0,23141.85,22650.0,22600,ATM-10,CALL,23100,2026-06-11
2026-06-11 09:56:00+05:30,527.05,527.05,517.85,527.05,65,30940,9.659349,23140.5,22650.0,22600,ATM-10,CALL,23100,2026-06-11
2026-06-11 09:57:00+05:30,516.4,527.05,506.3,506.3,455,31135,0.0,23131.15,22650.0,22600,ATM-10,CALL,23100,2026-06-11
2026-06-11 09:58:00+05:30,550.0,552.75,540.0,541.7,1300,43875,0.0,23114.7,22600.0,22600,ATM-10,CALL,23100,2026-06-11
2026-06-11 09:59:00+05:30,541.1,548.0,538.65,540.35,1560,43810,0.0,23117.6,22600.0,22600,ATM-10,CALL,23100,2026-06-11
2026-06-11 10:00:00+05:30,498.45,507.0,497.85,507.0,325,31590,0.0,23130.2,22650.0,22600,ATM-10,CALL,23100,2026-06-11
2026-06-11 10:01:00+05:30,509.25,509.8,507.0,508.2,260,31915,0.0,23132.5,22650.0,22600,ATM-10,CALL,23100,2026-06-11
2026-06-11 10:02:00+05:30,548.45,555.0,544.45,544.45,260,44655,0.0,23122.9,22600.0,22600,ATM-10,CALL,23100,2026-06-11
2026-06-11 10:03:00+05:30,551.3,551.3,540.0,542.0,195,44590,0.0,23120.85,22600.0,22600,ATM-10,CALL,23100,2026-06-11
2026-06-11 10:04:00+05:30,539.1,542.0,535.0,535.0,390,44655,0.0,23108.55,22600.0,22600,ATM-10,CALL,23100,2026-06-11
2026-06-11 10:05:00+05:30,530.0,538.65,528.1,538.65,845,44590,0.0,23112.05,22600.0,22600,ATM-10,CALL,23100,2026-06-11
2026-06-11 10:06:00+05:30,505.7,512.0,492.95,510.05,390,31395,0.0,23137.3,22650.0,22600,ATM-10,CALL,23100,2026-06-11
2026-06-11 10:07:00+05:30,507.8,510.05,507.8,507.8,130,31330,0.0,23147.8,22650.0,22600,ATM-10,CALL,23100,2026-06-11
2026-06-11 10:08:00+05:30,518.2,531.1,507.8,531.1,845,31330,0.0,23156.9,22650.0,22600,ATM-10,CALL,23100,2026-06-11
2026-06-11 10:09:00+05:30,532.0,532.9,531.1,532.9,130,31330,0.0,23156.95,22650.0,22600,ATM-10,CALL,23100,2026-06-11
2026-06-11 10:10:00+05:30,532.7,532.9,532.7,532.7,130,31265,0.0,23158.3,22650.0,22600,ATM-10,CALL,23100,2026-06-11
2026-06-11 10:11:00+05:30,532.7,532.7,532.7,532.7,0,31265,0.0,23163.0,22650.0,22600,ATM-10,CALL,23100,2026-06-11
2026-06-11 10:12:00+05:30,534.05,534.05,532.7,534.05,65,31330,0.0,23156.65,22650.0,22600,ATM-10,CALL,23100,2026-06-11
2026-06-11 10:13:00+05:30,533.3,534.05,533.3,533.3,260,31265,0.0,23159.75,22650.0,22600,ATM-10,CALL,23100,2026-06-11
2026-06-11 10:14:00+05:30,522.15,533.3,522.15,522.15,65,31070,0.0,23147.5,22650.0,22600,ATM-10,CALL,23100,2026-06-11
2026-06-11 10:15:00+05:30,528.1,532.05,522.15,532.05,130,31135,0.0,23157.9,22650.0,22600,ATM-10,CALL,23100,2026-06-11
2026-06-11 10:16:00+05:30,543.2,543.2,532.05,539.8,195,31070,0.0,23164.95,22650.0,22600,ATM-10,CALL,23100,2026-06-11
2026-06-11 10:17:00+05:30,541.4,542.0,539.8,542.0,130,31005,0.0,23169.15,22650.0,22600,ATM-10,CALL,23100,2026-06-11
2026-06-11 10:18:00+05:30,542.0,549.4,542.0,549.4,130,31070,0.0,23173.0,22650.0,22600,ATM-10,CALL,23100,2026-06-11
2026-06-11 10:19:00+05:30,504.75,512.95,504.75,512.95,3640,125125,0.0,23183.15,22700.0,22600,ATM-10,CALL,23100,2026-06-11
2026-06-11 10:20:00+05:30,512.3,520.25,508.0,520.25,5525,125385,0.0,23190.25,22700.0,22600,ATM-10,CALL,23100,2026-06-11
2026-06-11 10:21:00+05:30,517.0,520.25,506.75,506.75,1495,125450,0.0,23182.15,22700.0,22600,ATM-10,CALL,23100,2026-06-11
2026-06-11 10:22:00+05:30,506.65,509.2,505.0,505.0,1300,124995,0.0,23179.9,22700.0,22600,ATM-10,CALL,23100,2026-06-11
2026-06-11 10:23:00+05:30,509.2,509.5,505.0,509.5,1820,124085,0.0,23181.55,22700.0,22600,ATM-10,CALL,23100,2026-06-11
2026-06-11 10:24:00+05:30,509.3,509.5,503.0,505.65,1300,125320,0.0,23179.75,22700.0,22600,ATM-10,CALL,23100,2026-06-11
2026-06-11 10:25:00+05:30,506.9,506.9,503.9,503.9,325,125060,0.0,23179.35,22700.0,22600,ATM-10,CALL,23100,2026-06-11
2026-06-11 10:26:00+05:30,505.95,520.0,503.9,519.1,2210,124735,0.0,23193.15,22700.0,22600,ATM-10,CALL,23100,2026-06-11
2026-06-11 10:27:00+05:30,517.85,534.0,517.85,534.0,6695,123045,0.0,23207.6,22700.0,22600,ATM-10,CALL,23100,2026-06-11
2026-06-11 10:28:00+05:30,532.95,534.0,521.75,522.5,845,123045,0.0,23199.4,22700.0,22600,ATM-10,CALL,23100,2026-06-11
2026-06-11 10:29:00+05:30,525.25,528.55,522.5,524.9,2210,119925,0.0,23199.5,22700.0,22600,ATM-10,CALL,23100,2026-06-11
2026-06-11 10:30:00+05:30,527.2,529.1,512.8,512.8,5655,121030,0.0,23188.9,22700.0,22600,ATM-10,CALL,23100,2026-06-11
2026-06-11 10:31:00+05:30,512.3,523.8,511.35,523.8,3185,118560,0.0,23199.15,22700.0,22600,ATM-10,CALL,23100,2026-06-11
2026-06-11 10:32:00+05:30,522.9,531.1,520.45,531.1,1170,118105,0.0,23204.0,22700.0,22600,ATM-10,CALL,23100,2026-06-11
2026-06-11 10:33:00+05:30,521.35,531.1,521.35,521.35,195,118105,0.0,23198.95,22700.0,22600,ATM-10,CALL,23100,2026-06-11
2026-06-11 10:34:00+05:30,522.5,524.1,521.35,522.95,390,117910,0.0,23200.8,22700.0,22600,ATM-10,CALL,23100,2026-06-11
2026-06-11 10:35:00+05:30,522.55,530.25,522.55,523.45,1495,117910,0.0,23201.4,22700.0,22600,ATM-10,CALL,23100,2026-06-11
2026-06-11 10:36:00+05:30,519.1,523.45,515.65,518.0,910,117910,0.0,23196.2,22700.0,22600,ATM-10,CALL,23100,2026-06-11
2026-06-11 10:37:00+05:30,522.7,522.7,515.3,515.3,650,117845,0.0,23191.9,22700.0,22600,ATM-10,CALL,23100,2026-06-11
2026-06-11 10:38:00+05:30,521.95,523.05,515.3,522.7,260,117845,0.0,23199.1,22700.0,22600,ATM-10,CALL,23100,2026-06-11
2026-06-11 10:39:00+05:30,525.0,529.3,522.7,529.3,1105,117000,0.0,23207.45,22700.0,22600,ATM-10,CALL,23100,2026-06-11
2026-06-11 10:40:00+05:30,529.05,535.0,528.95,530.95,2860,117000,0.0,23212.4,22700.0,22600,ATM-10,CALL,23100,2026-06-11
2026-06-11 10:41:00+05:30,535.2,535.35,529.15,532.05,845,118105,0.0,23203.45,22700.0,22600,ATM-10,CALL,23100,2026-06-11
2026-06-11 10:42:00+05:30,525.3,532.05,520.35,524.6,2080,117650,0.0,23205.85,22700.0,22600,ATM-10,CALL,23100,2026-06-11
2026-06-11 10:43:00+05:30,525.15,530.2,524.6,530.2,520,117650,0.0,23202.1,22700.0,22600,ATM-10,CALL,23100,2026-06-11
2026-06-11 10:44:00+05:30,522.9,530.2,519.8,527.35,845,117715,0.0,23204.85,22700.0,22600,ATM-10,CALL,23100,2026-06-11
2026-06-11 10:45:00+05:30,524.9,527.35,524.9,524.9,65,117715,0.0,23204.6,22700.0,22600,ATM-10,CALL,23100,2026-06-11
2026-06-11 10:46:00+05:30,526.35,532.1,524.9,530.55,1755,117585,0.0,23206.6,22700.0,22600,ATM-10,CALL,23100,2026-06-11
2026-06-11 10:47:00+05:30,525.9,530.55,525.5,529.3,455,118235,0.0,23210.35,22700.0,22600,ATM-10,CALL,23100,2026-06-11
2026-06-11 10:48:00+05:30,532.0,534.1,524.05,524.05,1105,117780,0.0,23205.7,22700.0,22600,ATM-10,CALL,23100,2026-06-11
2026-06-11 10:49:00+05:30,525.7,525.7,522.85,522.85,390,117780,0.0,23193.75,22700.0,22600,ATM-10,CALL,23100,2026-06-11
2026-06-11 10:50:00+05:30,515.75,522.85,508.7,510.95,1170,117845,0.0,23186.4,22700.0,22600,ATM-10,CALL,23100,2026-06-11
2026-06-11 10:51:00+05:30,519.0,519.0,510.95,515.1,325,117715,0.0,23190.0,22700.0,22600,ATM-10,CALL,23100,2026-06-11
2026-06-11 10:52:00+05:30,515.55,520.8,513.75,513.75,1820,116285,0.0,23188.05,22700.0,22600,ATM-10,CALL,23100,2026-06-11
2026-06-11 10:53:00+05:30,548.45,560.2,547.7,547.7,520,31330,0.0,23174.9,22650.0,22600,ATM-10,CALL,23100,2026-06-11
2026-06-11 10:54:00+05:30,551.0,551.0,547.7,551.0,65,31330,0.0,23174.7,22650.0,22600,ATM-10,CALL,23100,2026-06-11
2026-06-11 10:55:00+05:30,546.8,551.0,546.8,546.8,65,31200,0.0,23173.2,22650.0,22600,ATM-10,CALL,23100,2026-06-11
2026-06-11 10:56:00+05:30,504.7,508.3,501.6,508.3,650,116415,0.0,23179.8,22700.0,22600,ATM-10,CALL,23100,2026-06-11
2026-06-11 10:57:00+05:30,507.0,508.55,504.55,504.55,845,116220,0.0,23177.3,22700.0,22600,ATM-10,CALL,23100,2026-06-11
2026-06-11 10:58:00+05:30,505.7,505.7,504.0,504.0,260,116220,0.0,23175.65,22700.0,22600,ATM-10,CALL,23100,2026-06-11
2026-06-11 10:59:00+05:30,497.75,504.0,497.75,500.2,130,116480,0.0,23176.55,22700.0,22600,ATM-10,CALL,23100,2026-06-11
2026-06-11 11:00:00+05:30,546.8,546.8,546.8,546.8,0,31200,0.0,23169.45,22650.0,22600,ATM-10,CALL,23100,2026-06-11
2026-06-11 11:01:00+05:30,546.8,546.8,546.8,546.8,0,31200,0.0,23167.15,22650.0,22600,ATM-10,CALL,23100,2026-06-11
2026-06-11 11:02:00+05:30,542.05,546.8,542.05,542.05,195,31135,0.0,23167.9,22650.0,22600,ATM-10,CALL,23100,2026-06-11
2026-06-11 11:03:00+05:30,495.7,503.3,495.7,503.3,845,116090,0.0,23180.45,22700.0,22600,ATM-10,CALL,23100,2026-06-11
2026-06-11 11:04:00+05:30,513.4,513.4,503.3,505.6,975,116610,0.0,23181.6,22700.0,22600,ATM-10,CALL,23100,2026-06-11
2026-06-11 11:05:00+05:30,513.0,527.25,505.6,525.95,910,116610,0.0,23199.8,22700.0,22600,ATM-10,CALL,23100,2026-06-11
2026-06-11 11:06:00+05:30,520.0,529.15,518.1,529.15,1690,116610,0.0,23204.2,22700.0,22600,ATM-10,CALL,23100,2026-06-11
2026-06-11 11:07:00+05:30,530.0,530.1,514.55,514.55,1105,116220,0.0,23190.05,22700.0,22600,ATM-10,CALL,23100,2026-06-11
2026-06-11 11:08:00+05:30,511.5,517.6,511.5,517.6,715,116155,0.0,23194.8,22700.0,22600,ATM-10,CALL,23100,2026-06-11
2026-06-11 11:09:00+05:30,516.0,517.6,516.0,516.0,65,116155,0.0,23193.55,22700.0,22600,ATM-10,CALL,23100,2026-06-11
2026-06-11 11:10:00+05:30,511.0,516.7,511.0,516.7,130,116415,0.0,23191.5,22700.0,22600,ATM-10,CALL,23100,2026-06-11
2026-06-11 11:11:00+05:30,517.2,518.65,512.65,512.65,325,116350,0.0,23189.2,22700.0,22600,ATM-10,CALL,23100,2026-06-11
2026-06-11 11:12:00+05:30,512.45,512.65,509.0,510.55,780,116220,0.0,23187.0,22700.0,22600,ATM-10,CALL,23100,2026-06-11
2026-06-11 11:13:00+05:30,513.15,513.15,510.55,511.05,1040,116025,0.0,23185.25,22700.0,22600,ATM-10,CALL,23100,2026-06-11
2026-06-11 11:14:00+05:30,516.0,516.0,511.05,511.15,650,116025,0.0,23183.2,22700.0,22600,ATM-10,CALL,23100,2026-06-11
2026-06-11 11:15:00+05:30,510.4,515.5,510.4,515.5,130,115960,0.0,23188.25,22700.0,22600,ATM-10,CALL,23100,2026-06-11
2026-06-11 11:16:00+05:30,513.7,515.5,511.25,511.25,260,115960,0.0,23189.45,22700.0,22600,ATM-10,CALL,23100,2026-06-11
2026-06-11 11:17:00+05:30,514.3,521.6,511.25,521.6,845,115895,0.0,23193.95,22700.0,22600,ATM-10,CALL,23100,2026-06-11
2026-06-11 11:18:00+05:30,517.55,530.0,517.55,530.0,390,115635,0.0,23205.15,22700.0,22600,ATM-10,CALL,23100,2026-06-11
2026-06-11 11:19:00+05:30,531.35,531.7,525.4,525.4,455,115570,0.0,23203.45,22700.0,22600,ATM-10,CALL,23100,2026-06-11
2026-06-11 11:20:00+05:30,528.55,535.0,525.4,535.0,390,115635,0.0,23212.55,22700.0,22600,ATM-10,CALL,23100,2026-06-11
2026-06-11 11:21:00+05:30,536.0,540.0,535.0,538.15,1170,115050,0.0,23220.3,22700.0,22600,ATM-10,CALL,23100,2026-06-11
2026-06-11 11:22:00+05:30,542.35,542.35,538.15,538.75,2015,114920,0.0,23214.1,22700.0,22600,ATM-10,CALL,23100,2026-06-11
2026-06-11 11:23:00+05:30,536.55,545.0,533.5,533.5,845,114790,0.0,23213.05,22700.0,22600,ATM-10,CALL,23100,2026-06-11
2026-06-11 11:24:00+05:30,535.55,538.75,533.5,538.75,1690,115635,0.0,23218.5,22700.0,22600,ATM-10,CALL,23100,2026-06-11
2026-06-11 11:25:00+05:30,543.3,544.0,538.75,542.35,1625,115635,0.0,23215.8,22700.0,22600,ATM-10,CALL,23100,2026-06-11
2026-06-11 11:26:00+05:30,500.55,507.75,494.45,507.75,1495,37050,0.0,23228.5,22750.0,22600,ATM-10,CALL,23100,2026-06-11
2026-06-11 11:27:00+05:30,515.6,519.35,507.75,519.35,2145,35230,8.85689,23234.1,22750.0,22600,ATM-10,CALL,23100,2026-06-11
2026-06-11 11:28:00+05:30,519.65,519.65,515.95,518.8,520,35360,0.0,23236.05,22750.0,22600,ATM-10,CALL,23100,2026-06-11
2026-06-11 11:29:00+05:30,511.0,518.8,510.4,514.05,585,35360,0.0,23235.45,22750.0,22600,ATM-10,CALL,23100,2026-06-11
2026-06-11 11:30:00+05:30,519.6,523.5,514.05,516.75,975,35100,0.0,23236.2,22750.0,22600,ATM-10,CALL,23100,2026-06-11
2026-06-11 11:31:00+05:30,518.35,518.35,506.8,510.45,520,35165,7.565813,23226.3,22750.0,22600,ATM-10,CALL,23100,2026-06-11
2026-06-11 11:32:00+05:30,510.2,510.45,503.3,508.8,1170,35295,0.0,23226.15,22750.0,22600,ATM-10,CALL,23100,2026-06-11
2026-06-11 11:33:00+05:30,509.4,518.45,508.8,516.95,650,35165,0.0,23233.55,22750.0,22600,ATM-10,CALL,23100,2026-06-11
2026-06-11 11:34:00+05:30,509.65,516.95,507.85,507.85,130,35100,0.0,23226.35,22750.0,22600,ATM-10,CALL,23100,2026-06-11
2026-06-11 11:35:00+05:30,510.0,510.0,507.85,509.25,260,35165,0.0,23234.35,22750.0,22600,ATM-10,CALL,23100,2026-06-11
2026-06-11 11:36:00+05:30,554.3,554.3,544.95,545.6,3835,111995,0.0,23221.65,22700.0,22600,ATM-10,CALL,23100,2026-06-11
2026-06-11 11:37:00+05:30,547.8,549.05,545.6,548.55,1170,112710,0.0,23218.05,22700.0,22600,ATM-10,CALL,23100,2026-06-11
2026-06-11 11:38:00+05:30,545.65,548.55,545.65,545.65,65,112710,0.0,23215.3,22700.0,22600,ATM-10,CALL,23100,2026-06-11
2026-06-11 11:39:00+05:30,540.5,545.65,536.45,537.8,325,112775,0.0,23222.95,22700.0,22600,ATM-10,CALL,23100,2026-06-11
2026-06-11 11:40:00+05:30,545.75,547.6,537.8,545.7,975,112775,0.0,23223.05,22700.0,22600,ATM-10,CALL,23100,2026-06-11
2026-06-11 11:41:00+05:30,500.95,501.15,500.85,501.15,975,37245,0.0,23230.3,22750.0,22600,ATM-10,CALL,23100,2026-06-11
2026-06-11 11:42:00+05:30,509.15,526.35,501.15,526.35,845,37440,0.0,23244.6,22750.0,22600,ATM-10,CALL,23100,2026-06-11
2026-06-11 11:43:00+05:30,524.0,526.35,517.0,517.0,2535,37440,0.0,23241.55,22750.0,22600,ATM-10,CALL,23100,2026-06-11
2026-06-11 11:44:00+05:30,522.0,532.45,517.0,530.05,1300,36205,0.0,23253.7,22750.0,22600,ATM-10,CALL,23100,2026-06-11
2026-06-11 11:45:00+05:30,537.65,537.65,530.05,531.6,715,35815,0.0,23254.05,22750.0,22600,ATM-10,CALL,23100,2026-06-11
2026-06-11 11:46:00+05:30,533.9,536.9,531.6,536.9,1235,36075,0.0,23257.8,22750.0,22600,ATM-10,CALL,23100,2026-06-11
2026-06-11 11:47:00+05:30,534.55,552.1,534.55,552.1,6370,35880,0.0,23269.2,22750.0,22600,ATM-10,CALL,23100,2026-06-11
2026-06-11 11:48:00+05:30,554.65,554.65,542.3,546.9,390,39650,0.0,23268.35,22750.0,22600,ATM-10,CALL,23100,2026-06-11
2026-06-11 11:49:00+05:30,538.0,546.9,538.0,544.0,780,39455,0.0,23265.2,22750.0,22600,ATM-10,CALL,23100,2026-06-11
2026-06-11 11:50:00+05:30,546.75,549.9,544.0,548.6,10595,39455,0.0,23273.8,22750.0,22600,ATM-10,CALL,23100,2026-06-11
2026-06-11 11:51:00+05:30,550.75,552.35,548.6,552.35,585,36075,0.0,23268.9,22750.0,22600,ATM-10,CALL,23100,2026-06-11
2026-06-11 11:52:00+05:30,546.85,552.35,546.4,548.9,325,36595,0.0,23270.1,22750.0,22600,ATM-10,CALL,23100,2026-06-11
2026-06-11 11:53:00+05:30,548.7,548.9,548.7,548.7,195,36595,0.0,23274.1,22750.0,22600,ATM-10,CALL,23100,2026-06-11
2026-06-11 11:54:00+05:30,548.3,548.7,548.3,548.3,65,36660,0.0,23272.95,22750.0,22600,ATM-10,CALL,23100,2026-06-11
2026-06-11 11:55:00+05:30,552.0,552.0,548.3,552.0,195,36595,0.0,23273.8,22750.0,22600,ATM-10,CALL,23100,2026-06-11
2026-06-11 11:56:00+05:30,503.75,524.95,503.75,522.0,4745,205725,9.835252,23285.3,22800.0,22600,ATM-10,CALL,23100,2026-06-11
2026-06-11 11:57:00+05:30,522.0,522.1,516.85,521.1,3575,205790,9.522681,23284.95,22800.0,22600,ATM-10,CALL,23100,2026-06-11
2026-06-11 11:58:00+05:30,519.6,528.55,519.35,521.0,3640,204425,0.0,23290.9,22800.0,22600,ATM-10,CALL,23100,2026-06-11
2026-06-11 11:59:00+05:30,518.75,521.0,513.45,514.45,1950,204880,0.0,23283.15,22800.0,22600,ATM-10,CALL,23100,2026-06-11
2026-06-11 12:00:00+05:30,515.0,521.25,514.45,515.0,68380,272415,0.0,23284.55,22800.0,22600,ATM-10,CALL,23100,2026-06-11
2026-06-11 12:01:00+05:30,516.6,521.55,515.0,521.55,1105,272415,0.0,23288.55,22800.0,22600,ATM-10,CALL,23100,2026-06-11
2026-06-11 12:02:00+05:30,521.1,522.75,517.05,517.05,585,273390,0.0,23285.7,22800.0,22600,ATM-10,CALL,23100,2026-06-11
2026-06-11 12:03:00+05:30,516.85,521.5,516.2,521.5,1170,273390,0.0,23290.0,22800.0,22600,ATM-10,CALL,23100,2026-06-11
2026-06-11 12:04:00+05:30,520.15,521.5,517.5,517.5,130,273065,0.0,23286.7,22800.0,22600,ATM-10,CALL,23100,2026-06-11
2026-06-11 12:05:00+05:30,516.9,517.5,507.2,508.55,3445,271375,0.0,23281.15,22800.0,22600,ATM-10,CALL,23100,2026-06-11
2026-06-11 12:06:00+05:30,513.0,515.0,507.85,515.0,2145,272285,0.0,23282.1,22800.0,22600,ATM-10,CALL,23100,2026-06-11
2026-06-11 12:07:00+05:30,515.95,524.0,514.9,523.45,2210,272025,0.0,23290.3,22800.0,22600,ATM-10,CALL,23100,2026-06-11
2026-06-11 12:08:00+05:30,523.45,523.45,515.0,515.0,2795,270595,0.0,23284.7,22800.0,22600,ATM-10,CALL,23100,2026-06-11
2026-06-11 12:09:00+05:30,518.2,518.2,515.0,517.35,520,270595,7.72251,23283.25,22800.0,22600,ATM-10,CALL,23100,2026-06-11
2026-06-11 12:10:00+05:30,513.25,517.35,508.35,510.75,1495,270920,0.0,23278.7,22800.0,22600,ATM-10,CALL,23100,2026-06-11
2026-06-11 12:11:00+05:30,512.0,512.0,506.15,507.1,1625,271180,0.0,23277.55,22800.0,22600,ATM-10,CALL,23100,2026-06-11
2026-06-11 12:12:00+05:30,508.45,510.1,506.15,509.95,2275,271960,0.0,23283.25,22800.0,22600,ATM-10,CALL,23100,2026-06-11
2026-06-11 12:13:00+05:30,510.9,517.85,509.95,517.85,975,272740,0.0,23286.45,22800.0,22600,ATM-10,CALL,23100,2026-06-11
2026-06-11 12:14:00+05:30,515.55,517.85,511.15,517.0,1885,271635,0.0,23287.55,22800.0,22600,ATM-10,CALL,23100,2026-06-11
2026-06-11 12:15:00+05:30,522.0,535.0,517.0,532.0,22880,260585,0.0,23301.1,22800.0,22600,ATM-10,CALL,23100,2026-06-11
2026-06-11 12:16:00+05:30,535.0,536.05,528.0,535.6,13390,248560,0.0,23304.4,22800.0,22600,ATM-10,CALL,23100,2026-06-11
2026-06-11 12:17:00+05:30,536.0,539.45,527.2,527.2,11180,248560,0.0,23297.65,22800.0,22600,ATM-10,CALL,23100,2026-06-11
2026-06-11 12:18:00+05:30,527.15,527.2,523.3,524.7,520,249535,0.0,23294.3,22800.0,22600,ATM-10,CALL,23100,2026-06-11
2026-06-11 12:19:00+05:30,524.0,524.7,518.0,519.45,41275,228150,0.0,23289.5,22800.0,22600,ATM-10,CALL,23100,2026-06-11
2026-06-11 12:20:00+05:30,520.0,520.0,512.55,512.55,2665,228215,0.0,23283.95,22800.0,22600,ATM-10,CALL,23100,2026-06-11
2026-06-11 12:21:00+05:30,515.65,516.05,510.5,516.05,1365,228215,0.0,23283.2,22800.0,22600,ATM-10,CALL,23100,2026-06-11
2026-06-11 12:22:00+05:30,515.9,519.95,515.9,519.0,1105,228605,0.0,23287.35,22800.0,22600,ATM-10,CALL,23100,2026-06-11
2026-06-11 12:23:00+05:30,519.0,524.35,519.0,524.35,325,228735,0.0,23293.35,22800.0,22600,ATM-10,CALL,23100,2026-06-11
2026-06-11 12:24:00+05:30,523.4,524.35,519.0,522.0,4095,228735,0.0,23291.75,22800.0,22600,ATM-10,CALL,23100,2026-06-11
2026-06-11 12:25:00+05:30,519.0,522.0,517.6,519.0,520,231920,0.0,23288.7,22800.0,22600,ATM-10,CALL,23100,2026-06-11
2026-06-11 12:26:00+05:30,518.3,527.0,518.3,520.6,1170,231725,0.0,23292.65,22800.0,22600,ATM-10,CALL,23100,2026-06-11
2026-06-11 12:27:00+05:30,521.9,523.5,520.6,521.35,390,231660,0.0,23292.85,22800.0,22600,ATM-10,CALL,23100,2026-06-11
2026-06-11 12:28:00+05:30,524.25,530.0,521.35,529.45,1105,231660,0.0,23300.8,22800.0,22600,ATM-10,CALL,23100,2026-06-11
2026-06-11 12:29:00+05:30,526.75,530.0,524.35,524.35,715,231075,0.0,23297.6,22800.0,22600,ATM-10,CALL,23100,2026-06-11
2026-06-11 12:30:00+05:30,526.15,540.65,524.35,538.9,1820,231140,0.0,23305.95,22800.0,22600,ATM-10,CALL,23100,2026-06-11
2026-06-11 12:31:00+05:30,535.05,547.0,533.2,546.0,5785,230685,0.0,23316.0,22800.0,22600,ATM-10,CALL,23100,2026-06-11
2026-06-11 12:32:00+05:30,546.25,553.3,545.1,552.4,7085,229905,0.0,23320.1,22800.0,22600,ATM-10,CALL,23100,2026-06-11
2026-06-11 12:33:00+05:30,544.8,552.4,544.8,549.85,1885,228345,7.785033,23316.05,22800.0,22600,ATM-10,CALL,23100,2026-06-11
2026-06-11 12:34:00+05:30,549.75,549.85,545.55,545.55,4615,228735,0.0,23322.05,22800.0,22600,ATM-10,CALL,23100,2026-06-11
2026-06-11 12:35:00+05:30,552.0,556.0,535.9,541.65,1690,226265,0.0,23313.15,22800.0,22600,ATM-10,CALL,23100,2026-06-11
2026-06-11 12:36:00+05:30,543.9,543.9,536.7,538.6,2470,226655,0.0,23307.8,22800.0,22600,ATM-10,CALL,23100,2026-06-11
2026-06-11 12:37:00+05:30,539.5,539.5,530.0,531.0,4225,227045,10.642603,23293.1,22800.0,22600,ATM-10,CALL,23100,2026-06-11
2026-06-11 12:38:00+05:30,534.55,534.55,526.95,526.95,780,224900,0.0,23293.65,22800.0,22600,ATM-10,CALL,23100,2026-06-11
2026-06-11 12:39:00+05:30,529.5,534.7,526.95,534.45,1235,225225,10.202602,23297.65,22800.0,22600,ATM-10,CALL,23100,2026-06-11
2026-06-11 12:40:00+05:30,533.1,534.45,532.85,532.85,650,225030,9.026934,23297.9,22800.0,22600,ATM-10,CALL,23100,2026-06-11
2026-06-11 12:41:00+05:30,532.15,532.85,528.3,528.3,1235,224965,0.0,23295.15,22800.0,22600,ATM-10,CALL,23100,2026-06-11
2026-06-11 12:42:00+05:30,526.4,533.7,526.4,532.9,1820,225355,9.953489,23296.55,22800.0,22600,ATM-10,CALL,23100,2026-06-11
2026-06-11 12:43:00+05:30,532.5,532.9,521.95,528.6,1820,226265,9.096658,23293.5,22800.0,22600,ATM-10,CALL,23100,2026-06-11
2026-06-11 12:44:00+05:30,529.7,529.85,528.6,529.85,585,226655,7.536647,23296.1,22800.0,22600,ATM-10,CALL,23100,2026-06-11
2026-06-11 12:45:00+05:30,530.75,531.85,529.85,531.85,780,226525,10.17865,23295.05,22800.0,22600,ATM-10,CALL,23100,2026-06-11
2026-06-11 12:46:00+05:30,535.0,541.05,531.85,539.0,1495,226655,10.66668,23301.4,22800.0,22600,ATM-10,CALL,23100,2026-06-11
2026-06-11 12:47:00+05:30,539.7,541.2,528.7,531.7,2795,226135,10.899899,23293.25,22800.0,22600,ATM-10,CALL,23100,2026-06-11
2026-06-11 12:48:00+05:30,532.8,532.8,523.25,523.25,975,226330,10.217537,23286.1,22800.0,22600,ATM-10,CALL,23100,2026-06-11
2026-06-11 12:49:00+05:30,523.2,524.85,514.2,514.8,3120,226395,10.950203,23275.45,22800.0,22600,ATM-10,CALL,23100,2026-06-11
2026-06-11 12:50:00+05:30,514.45,520.4,514.45,519.3,780,226785,10.042997,23282.4,22800.0,22600,ATM-10,CALL,23100,2026-06-11
2026-06-11 12:51:00+05:30,525.0,526.0,518.0,518.0,1300,227045,10.048804,23281.05,22800.0,22600,ATM-10,CALL,23100,2026-06-11
2026-06-11 12:52:00+05:30,517.6,518.35,515.0,515.0,715,227110,9.456803,23279.1,22800.0,22600,ATM-10,CALL,23100,2026-06-11
2026-06-11 12:53:00+05:30,518.95,524.65,515.0,522.1,455,227240,10.346642,23284.65,22800.0,22600,ATM-10,CALL,23100,2026-06-11
2026-06-11 12:54:00+05:30,522.1,522.1,522.1,522.1,0,227240,12.718236,23276.95,22800.0,22600,ATM-10,CALL,23100,2026-06-11
2026-06-11 12:55:00+05:30,522.1,522.1,522.1,522.1,0,227240,12.718239,23276.95,22800.0,22600,ATM-10,CALL,23100,2026-06-11
2026-06-11 12:56:00+05:30,518.25,524.2,518.25,520.0,3575,227370,10.140799,23282.95,22800.0,22600,ATM-10,CALL,23100,2026-06-11
2026-06-11 12:57:00+05:30,526.0,540.65,520.0,540.0,2015,228215,11.937912,23299.0,22800.0,22600,ATM-10,CALL,23100,2026-06-11
2026-06-11 12:58:00+05:30,538.55,546.9,538.55,544.3,5720,227695,11.857923,23303.8,22800.0,22600,ATM-10,CALL,23100,2026-06-11
2026-06-11 12:59:00+05:30,544.05,552.2,535.55,552.2,1885,229840,12.986904,23308.25,22800.0,22600,ATM-10,CALL,23100,2026-06-11
2026-06-11 13:00:00+05:30,557.2,567.85,552.2,566.25,7345,229060,12.734661,23324.15,22800.0,22600,ATM-10,CALL,23100,2026-06-11
2026-06-11 13:01:00+05:30,568.0,568.0,551.0,551.25,2860,228540,10.69819,23314.1,22800.0,22600,ATM-10,CALL,23100,2026-06-11
2026-06-11 13:02:00+05:30,552.4,552.65,543.1,549.2,7800,227435,12.535709,23306.75,22800.0,22600,ATM-10,CALL,23100,2026-06-11
2026-06-11 13:03:00+05:30,548.45,549.2,540.95,540.95,4745,223665,10.372261,23304.15,22800.0,22600,ATM-10,CALL,23100,2026-06-11
2026-06-11 13:04:00+05:30,540.0,545.0,539.95,540.65,8060,226590,11.314465,23301.6,22800.0,22600,ATM-10,CALL,23100,2026-06-11
2026-06-11 13:05:00+05:30,543.45,543.45,538.8,542.5,1495,226005,11.611534,23302.7,22800.0,22600,ATM-10,CALL,23100,2026-06-11
2026-06-11 13:06:00+05:30,541.7,542.5,541.7,541.7,130,226005,11.733245,23301.5,22800.0,22600,ATM-10,CALL,23100,2026-06-11
2026-06-11 13:07:00+05:30,539.35,543.25,538.4,538.4,455,225940,11.390833,23299.05,22800.0,22600,ATM-10,CALL,23100,2026-06-11
2026-06-11 13:08:00+05:30,537.65,538.4,532.0,534.45,5785,223210,12.310781,23291.9,22800.0,22600,ATM-10,CALL,23100,2026-06-11
2026-06-11 13:09:00+05:30,528.8,534.45,522.55,522.55,715,224120,11.918589,23280.65,22800.0,22600,ATM-10,CALL,23100,2026-06-11
2026-06-11 13:10:00+05:30,521.8,526.0,520.75,522.7,1690,224315,11.413613,23282.5,22800.0,22600,ATM-10,CALL,23100,2026-06-11
2026-06-11 13:11:00+05:30,525.6,525.6,518.0,521.0,4225,225095,11.936826,23278.95,22800.0,22600,ATM-10,CALL,23100,2026-06-11
2026-06-11 13:12:00+05:30,565.4,565.4,556.3,556.3,195,48815,11.573315,23267.45,22750.0,22600,ATM-10,CALL,23100,2026-06-11
2026-06-11 13:13:00+05:30,556.3,556.3,550.0,550.0,390,48945,11.756446,23260.35,22750.0,22600,ATM-10,CALL,23100,2026-06-11
2026-06-11 13:14:00+05:30,547.35,550.15,547.35,550.15,2080,48035,12.106676,23259.45,22750.0,22600,ATM-10,CALL,23100,2026-06-11
2026-06-11 13:15:00+05:30,550.05,551.65,550.05,551.65,130,48165,12.350067,23260.25,22750.0,22600,ATM-10,CALL,23100,2026-06-11
2026-06-11 13:16:00+05:30,556.85,557.8,547.3,547.3,650,47970,12.479125,23255.2,22750.0,22600,ATM-10,CALL,23100,2026-06-11
2026-06-11 13:17:00+05:30,547.95,556.5,542.3,555.7,1690,48035,12.730488,23263.25,22750.0,22600,ATM-10,CALL,23100,2026-06-11
2026-06-11 13:18:00+05:30,555.7,555.7,555.7,555.7,0,48035,14.88577,23253.75,22750.0,22600,ATM-10,CALL,23100,2026-06-11
2026-06-11 13:19:00+05:30,555.7,555.7,555.7,555.7,0,48035,14.820663,23254.1,22750.0,22600,ATM-10,CALL,23100,2026-06-11
2026-06-11 13:20:00+05:30,543.85,555.7,534.1,534.1,2210,48620,7.960858,23250.4,22750.0,22600,ATM-10,CALL,23100,2026-06-11
2026-06-11 13:21:00+05:30,525.0,534.1,525.0,525.0,65,48620,9.926863,23238.8,22750.0,22600,ATM-10,CALL,23100,2026-06-11
2026-06-11 13:22:00+05:30,520.7,525.0,520.05,520.05,260,49985,11.875496,23228.4,22750.0,22600,ATM-10,CALL,23100,2026-06-11
2026-06-11 13:23:00+05:30,528.75,538.85,520.05,534.5,520,50180,11.852253,23243.8,22750.0,22600,ATM-10,CALL,23100,2026-06-11
2026-06-11 13:24:00+05:30,533.9,534.5,526.05,526.05,455,50440,10.228019,23239.3,22750.0,22600,ATM-10,CALL,23100,2026-06-11
2026-06-11 13:25:00+05:30,532.1,532.1,524.45,524.45,390,50505,11.960322,23232.8,22750.0,22600,ATM-10,CALL,23100,2026-06-11
2026-06-11 13:26:00+05:30,514.95,524.45,511.4,511.4,2795,49400,9.780163,23225.1,22750.0,22600,ATM-10,CALL,23100,2026-06-11
2026-06-11 13:27:00+05:30,515.95,519.15,511.4,519.15,130,49530,10.873496,23230.6,22750.0,22600,ATM-10,CALL,23100,2026-06-11
2026-06-11 13:28:00+05:30,515.85,524.05,515.85,523.45,845,49595,11.30087,23233.9,22750.0,22600,ATM-10,CALL,23100,2026-06-11
2026-06-11 13:29:00+05:30,523.5,528.7,523.45,528.7,390,50115,9.787451,23242.9,22750.0,22600,ATM-10,CALL,23100,2026-06-11
2026-06-11 13:30:00+05:30,529.2,549.6,528.7,543.35,1105,49465,10.044116,23257.5,22750.0,22600,ATM-10,CALL,23100,2026-06-11
2026-06-11 13:31:00+05:30,542.75,543.35,542.75,542.75,65,49465,10.151171,23256.7,22750.0,22600,ATM-10,CALL,23100,2026-06-11
2026-06-11 13:32:00+05:30,545.3,548.6,542.75,548.6,195,49205,10.101596,23262.8,22750.0,22600,ATM-10,CALL,23100,2026-06-11
2026-06-11 13:33:00+05:30,547.15,548.6,547.15,547.15,65,49205,11.299504,23258.75,22750.0,22600,ATM-10,CALL,23100,2026-06-11
2026-06-11 13:34:00+05:30,537.5,547.15,532.85,532.85,130,49075,11.355149,23243.65,22750.0,22600,ATM-10,CALL,23100,2026-06-11
2026-06-11 13:35:00+05:30,533.15,534.9,532.85,534.9,520,48815,9.958486,23249.0,22750.0,22600,ATM-10,CALL,23100,2026-06-11
2026-06-11 13:36:00+05:30,534.9,534.9,534.9,534.9,0,48815,0.0,23256.3,22750.0,22600,ATM-10,CALL,23100,2026-06-11
2026-06-11 13:37:00+05:30,534.9,534.9,534.9,534.9,0,48815,8.242021,23251.1,22750.0,22600,ATM-10,CALL,23100,2026-06-11
2026-06-11 13:38:00+05:30,524.35,534.9,524.35,527.2,260,48880,9.137004,23242.4,22750.0,22600,ATM-10,CALL,23100,2026-06-11
2026-06-11 13:39:00+05:30,524.85,527.2,517.75,517.75,455,48945,9.183389,23232.7,22750.0,22600,ATM-10,CALL,23100,2026-06-11
2026-06-11 13:40:00+05:30,515.8,517.75,515.8,515.8,65,49010,5.355211,23232.75,22750.0,22600,ATM-10,CALL,23100,2026-06-11
2026-06-11 13:41:00+05:30,516.65,518.75,515.4,517.5,650,49010,10.669727,23229.5,22750.0,22600,ATM-10,CALL,23100,2026-06-11
2026-06-11 13:42:00+05:30,518.95,519.3,517.5,519.3,130,49075,11.276464,23229.7,22750.0,22600,ATM-10,CALL,23100,2026-06-11
2026-06-11 13:43:00+05:30,564.2,564.2,554.5,554.9,1105,120120,10.08673,23219.45,22700.0,22600,ATM-10,CALL,23100,2026-06-11
2026-06-11 13:44:00+05:30,553.3,563.5,551.15,563.5,390,119795,12.091191,23223.9,22700.0,22600,ATM-10,CALL,23100,2026-06-11
2026-06-11 13:45:00+05:30,559.6,563.5,557.45,557.45,195,119795,10.617916,23221.15,22700.0,22600,ATM-10,CALL,23100,2026-06-11
2026-06-11 13:46:00+05:30,510.0,515.45,507.9,514.05,195,49140,9.903452,23227.7,22750.0,22600,ATM-10,CALL,23100,2026-06-11
2026-06-11 13:47:00+05:30,526.05,526.05,514.05,524.05,325,49075,11.896861,23232.75,22750.0,22600,ATM-10,CALL,23100,2026-06-11
2026-06-11 13:48:00+05:30,524.0,524.5,524.0,524.5,130,49075,12.255848,23231.95,22750.0,22600,ATM-10,CALL,23100,2026-06-11
2026-06-11 13:49:00+05:30,518.0,524.5,518.0,519.75,325,48880,11.232687,23230.35,22750.0,22600,ATM-10,CALL,23100,2026-06-11
2026-06-11 13:50:00+05:30,562.0,565.7,558.4,558.4,390,120250,9.199098,23224.2,22700.0,22600,ATM-10,CALL,23100,2026-06-11
2026-06-11 13:51:00+05:30,520.25,520.25,512.6,518.5,975,50180,12.08511,23226.2,22750.0,22600,ATM-10,CALL,23100,2026-06-11
2026-06-11 13:52:00+05:30,520.05,525.05,514.55,525.05,1040,50245,12.912494,23229.95,22750.0,22600,ATM-10,CALL,23100,2026-06-11
2026-06-11 13:53:00+05:30,524.85,525.05,524.85,524.9,650,50245,11.209797,23235.85,22750.0,22600,ATM-10,CALL,23100,2026-06-11
2026-06-11 13:54:00+05:30,525.6,525.6,524.9,525.6,130,51480,11.880223,23234.5,22750.0,22600,ATM-10,CALL,23100,2026-06-11
2026-06-11 13:55:00+05:30,526.6,526.6,525.6,526.6,65,51480,11.74978,23236.0,22750.0,22600,ATM-10,CALL,23100,2026-06-11
2026-06-11 13:56:00+05:30,526.6,526.6,526.6,526.6,0,51480,10.104866,23240.3,22750.0,22600,ATM-10,CALL,23100,2026-06-11
2026-06-11 13:57:00+05:30,531.35,532.35,525.6,525.6,390,51480,10.091928,23239.3,22750.0,22600,ATM-10,CALL,23100,2026-06-11
2026-06-11 13:58:00+05:30,536.25,536.25,525.6,536.25,65,51415,11.100586,23248.05,22750.0,22600,ATM-10,CALL,23100,2026-06-11
2026-06-11 13:59:00+05:30,528.55,536.25,518.8,518.8,130,51415,9.72715,23233.0,22750.0,22600,ATM-10,CALL,23100,2026-06-11
2026-06-11 14:00:00+05:30,526.2,526.2,518.8,526.2,65,51415,9.954155,23240.2,22750.0,22600,ATM-10,CALL,23100,2026-06-11
2026-06-11 14:01:00+05:30,526.2,526.2,526.2,526.2,0,51415,11.678129,23235.85,22750.0,22600,ATM-10,CALL,23100,2026-06-11
2026-06-11 14:02:00+05:30,524.95,526.2,524.65,525.3,195,51415,12.284494,23232.8,22750.0,22600,ATM-10,CALL,23100,2026-06-11
2026-06-11 14:03:00+05:30,525.7,527.55,525.3,527.55,130,51545,11.991973,23236.25,22750.0,22600,ATM-10,CALL,23100,2026-06-11
2026-06-11 14:04:00+05:30,522.5,527.55,521.3,522.4,910,51610,9.933012,23236.35,22750.0,22600,ATM-10,CALL,23100,2026-06-11
2026-06-11 14:05:00+05:30,514.4,522.4,514.4,520.2,3510,50375,10.752494,23232.25,22750.0,22600,ATM-10,CALL,23100,2026-06-11
2026-06-11 14:06:00+05:30,525.55,525.55,520.2,524.75,130,50635,12.118372,23232.85,22750.0,22600,ATM-10,CALL,23100,2026-06-11
2026-06-11 14:07:00+05:30,562.05,566.65,550.3,550.3,845,121290,0.0,23220.0,22700.0,22600,ATM-10,CALL,23100,2026-06-11
2026-06-11 14:08:00+05:30,551.75,551.75,541.05,541.05,1365,121355,0.0,23210.05,22700.0,22600,ATM-10,CALL,23100,2026-06-11
2026-06-11 14:09:00+05:30,540.0,548.75,538.95,548.75,3250,121550,10.473638,23212.6,22700.0,22600,ATM-10,CALL,23100,2026-06-11
2026-06-11 14:10:00+05:30,548.3,556.0,546.7,548.0,1560,121160,8.165302,23214.6,22700.0,22600,ATM-10,CALL,23100,2026-06-11
2026-06-11 14:11:00+05:30,544.0,550.5,542.0,550.5,975,121680,11.096417,23213.1,22700.0,22600,ATM-10,CALL,23100,2026-06-11
2026-06-11 14:12:00+05:30,545.45,550.5,542.4,546.85,520,121810,10.604488,23210.4,22700.0,22600,ATM-10,CALL,23100,2026-06-11
2026-06-11 14:13:00+05:30,547.3,555.9,546.85,555.9,585,121940,0.0,23223.25,22700.0,22600,ATM-10,CALL,23100,2026-06-11
2026-06-11 14:14:00+05:30,561.75,563.85,552.45,554.05,780,121810,9.297416,23219.8,22700.0,22600,ATM-10,CALL,23100,2026-06-11
2026-06-11 14:15:00+05:30,555.6,557.4,554.05,554.4,325,121810,11.866944,23215.2,22700.0,22600,ATM-10,CALL,23100,2026-06-11
2026-06-11 14:16:00+05:30,556.9,556.9,552.75,552.75,260,122005,10.709579,23216.3,22700.0,22600,ATM-10,CALL,23100,2026-06-11
2026-06-11 14:17:00+05:30,550.1,552.75,550.1,551.05,130,122200,10.853224,23214.25,22700.0,22600,ATM-10,CALL,23100,2026-06-11
2026-06-11 14:18:00+05:30,545.0,551.05,540.1,540.1,520,122330,0.0,23208.0,22700.0,22600,ATM-10,CALL,23100,2026-06-11
2026-06-11 14:19:00+05:30,540.0,550.75,540.0,550.75,585,122330,8.982444,23216.8,22700.0,22600,ATM-10,CALL,23100,2026-06-11
2026-06-11 14:20:00+05:30,554.75,562.85,550.75,560.95,520,122395,11.519765,23223.0,22700.0,22600,ATM-10,CALL,23100,2026-06-11
2026-06-11 14:21:00+05:30,558.9,560.95,555.95,555.95,650,122460,10.648129,23219.75,22700.0,22600,ATM-10,CALL,23100,2026-06-11
2026-06-11 14:22:00+05:30,555.55,555.95,555.55,555.55,130,122460,10.286126,23220.0,22700.0,22600,ATM-10,CALL,23100,2026-06-11
2026-06-11 14:23:00+05:30,560.35,560.35,549.8,549.8,520,122330,12.251009,23209.25,22700.0,22600,ATM-10,CALL,23100,2026-06-11
2026-06-11 14:24:00+05:30,544.55,549.8,544.55,545.0,130,122330,11.512032,23206.4,22700.0,22600,ATM-10,CALL,23100,2026-06-11
2026-06-11 14:25:00+05:30,550.0,551.25,545.0,549.95,910,122395,8.30613,23216.55,22700.0,22600,ATM-10,CALL,23100,2026-06-11
2026-06-11 14:26:00+05:30,507.75,514.0,505.5,514.0,390,50960,11.061928,23225.05,22750.0,22600,ATM-10,CALL,23100,2026-06-11
2026-06-11 14:27:00+05:30,517.1,517.1,514.0,517.1,130,50960,11.692966,23226.35,22750.0,22600,ATM-10,CALL,23100,2026-06-11
2026-06-11 14:28:00+05:30,526.85,538.4,517.1,538.3,1105,50310,10.597808,23251.55,22750.0,22600,ATM-10,CALL,23100,2026-06-11
2026-06-11 14:29:00+05:30,541.95,541.95,531.0,531.0,325,50050,11.663229,23241.15,22750.0,22600,ATM-10,CALL,23100,2026-06-11
2026-06-11 14:30:00+05:30,520.75,531.0,520.75,522.0,260,50180,0.0,23245.45,22750.0,22600,ATM-10,CALL,23100,2026-06-11
2026-06-11 14:31:00+05:30,526.95,528.15,522.0,528.15,195,50115,10.986191,23240.1,22750.0,22600,ATM-10,CALL,23100,2026-06-11
2026-06-11 14:32:00+05:30,526.8,528.15,525.5,525.5,260,50050,0.0,23243.45,22750.0,22600,ATM-10,CALL,23100,2026-06-11
2026-06-11 14:33:00+05:30,518.0,525.5,513.95,513.95,130,50115,9.216109,23229.05,22750.0,22600,ATM-10,CALL,23100,2026-06-11
2026-06-11 14:34:00+05:30,513.95,513.95,513.95,513.95,0,50115,0.0,23231.7,22750.0,22600,ATM-10,CALL,23100,2026-06-11
2026-06-11 14:35:00+05:30,518.4,521.25,513.95,519.8,325,50310,0.0,23237.25,22750.0,22600,ATM-10,CALL,23100,2026-06-11
2026-06-11 14:36:00+05:30,558.5,569.25,558.5,560.8,195,122460,14.268926,23213.3,22700.0,22600,ATM-10,CALL,23100,2026-06-11
2026-06-11 14:37:00+05:30,493.75,504.05,493.75,504.05,1170,50440,0.0,23226.05,22750.0,22600,ATM-10,CALL,23100,2026-06-11
2026-06-11 14:38:00+05:30,555.0,556.25,544.0,544.6,585,123045,0.0,23218.4,22700.0,22600,ATM-10,CALL,23100,2026-06-11
2026-06-11 14:39:00+05:30,544.3,545.45,531.0,540.3,4745,124540,0.0,23217.1,22700.0,22600,ATM-10,CALL,23100,2026-06-11
2026-06-11 14:40:00+05:30,541.1,541.1,533.8,533.8,845,125320,0.0,23208.25,22700.0,22600,ATM-10,CALL,23100,2026-06-11
2026-06-11 14:41:00+05:30,534.25,536.5,528.9,536.5,1040,124995,0.0,23213.8,22700.0,22600,ATM-10,CALL,23100,2026-06-11
2026-06-11 14:42:00+05:30,534.7,538.0,529.8,529.8,3380,126360,0.0,23210.65,22700.0,22600,ATM-10,CALL,23100,2026-06-11
2026-06-11 14:43:00+05:30,531.8,531.8,516.45,516.45,2860,127010,0.0,23197.3,22700.0,22600,ATM-10,CALL,23100,2026-06-11
2026-06-11 14:44:00+05:30,519.0,522.5,516.45,519.0,780,127270,0.0,23200.2,22700.0,22600,ATM-10,CALL,23100,2026-06-11
2026-06-11 14:45:00+05:30,522.0,522.0,516.0,517.65,1495,127205,0.0,23197.25,22700.0,22600,ATM-10,CALL,23100,2026-06-11
2026-06-11 14:46:00+05:30,515.0,526.65,513.0,513.0,1040,127140,0.0,23192.0,22700.0,22600,ATM-10,CALL,23100,2026-06-11
2026-06-11 14:47:00+05:30,543.55,556.8,538.1,538.45,585,42835,0.0,23167.1,22650.0,22600,ATM-10,CALL,23100,2026-06-11
2026-06-11 14:48:00+05:30,488.6,505.15,488.6,504.35,2860,128115,0.0,23180.35,22700.0,22600,ATM-10,CALL,23100,2026-06-11
2026-06-11 14:49:00+05:30,503.0,514.25,503.0,512.75,1820,128440,0.0,23193.1,22700.0,22600,ATM-10,CALL,23100,2026-06-11
2026-06-11 14:50:00+05:30,548.1,555.7,540.8,540.8,715,42445,0.0,23172.75,22650.0,22600,ATM-10,CALL,23100,2026-06-11
2026-06-11 14:51:00+05:30,543.95,546.9,540.8,546.9,195,42445,0.0,23172.4,22650.0,22600,ATM-10,CALL,23100,2026-06-11
2026-06-11 14:52:00+05:30,546.9,546.9,546.9,546.9,0,42445,0.0,23171.1,22650.0,22600,ATM-10,CALL,23100,2026-06-11
2026-06-11 14:53:00+05:30,541.0,546.9,541.0,541.0,65,42250,0.0,23174.0,22650.0,22600,ATM-10,CALL,23100,2026-06-11
2026-06-11 14:54:00+05:30,543.9,543.9,541.0,543.25,130,42250,0.0,23171.7,22650.0,22600,ATM-10,CALL,23100,2026-06-11
2026-06-11 14:55:00+05:30,543.25,543.25,543.25,543.25,0,42250,0.0,23172.6,22650.0,22600,ATM-10,CALL,23100,2026-06-11
2026-06-11 14:56:00+05:30,544.45,545.9,543.25,543.65,390,42380,0.0,23170.35,22650.0,22600,ATM-10,CALL,23100,2026-06-11
2026-06-11 14:57:00+05:30,535.5,543.65,535.5,536.9,585,42380,0.0,23166.2,22650.0,22600,ATM-10,CALL,23100,2026-06-11
2026-06-11 14:58:00+05:30,539.35,539.35,536.9,539.35,65,42250,0.0,23172.5,22650.0,22600,ATM-10,CALL,23100,2026-06-11
2026-06-11 14:59:00+05:30,498.0,501.15,490.0,495.9,2730,128115,0.0,23177.05,22700.0,22600,ATM-10,CALL,23100,2026-06-11
2026-06-11 15:00:00+05:30,549.55,552.25,536.95,541.4,585,42120,11.125168,23154.0,22650.0,22600,ATM-10,CALL,23100,2026-06-11
2026-06-11 15:01:00+05:30,530.75,541.4,522.95,522.95,455,41925,0.0,23153.15,22650.0,22600,ATM-10,CALL,23100,2026-06-11
2026-06-11 15:02:00+05:30,521.85,524.55,517.1,524.55,260,41535,0.0,23158.8,22650.0,22600,ATM-10,CALL,23100,2026-06-11
2026-06-11 15:03:00+05:30,522.7,524.55,522.7,522.7,195,41665,0.0,23158.25,22650.0,22600,ATM-10,CALL,23100,2026-06-11
2026-06-11 15:04:00+05:30,522.05,522.7,522.05,522.05,65,41535,0.0,23145.0,22650.0,22600,ATM-10,CALL,23100,2026-06-11
2026-06-11 15:05:00+05:30,516.45,522.15,516.45,520.05,520,41535,0.0,23147.55,22650.0,22600,ATM-10,CALL,23100,2026-06-11
2026-06-11 15:06:00+05:30,518.5,520.05,512.7,513.2,6695,41535,0.0,23139.35,22650.0,22600,ATM-10,CALL,23100,2026-06-11
2026-06-11 15:07:00+05:30,513.2,513.2,513.2,513.2,0,41535,0.0,23148.1,22650.0,22600,ATM-10,CALL,23100,2026-06-11
2026-06-11 15:08:00+05:30,526.7,526.7,513.2,526.0,390,44070,11.67649,23136.4,22650.0,22600,ATM-10,CALL,23100,2026-06-11
2026-06-11 15:09:00+05:30,526.0,526.0,526.0,526.0,0,44070,0.0,23143.85,22650.0,22600,ATM-10,CALL,23100,2026-06-11
2026-06-11 15:10:00+05:30,529.05,533.25,526.0,533.25,390,43810,0.0,23151.75,22650.0,22600,ATM-10,CALL,23100,2026-06-11
2026-06-11 15:11:00+05:30,540.1,542.0,531.0,531.0,650,43875,10.770293,23144.1,22650.0,22600,ATM-10,CALL,23100,2026-06-11
2026-06-11 15:12:00+05:30,530.25,531.0,530.25,530.25,130,43875,0.0,23151.55,22650.0,22600,ATM-10,CALL,23100,2026-06-11
2026-06-11 15:13:00+05:30,530.25,530.25,530.25,530.25,0,43875,0.0,23161.85,22650.0,22600,ATM-10,CALL,23100,2026-06-11
2026-06-11 15:14:00+05:30,548.1,548.1,530.25,548.1,130,43875,0.0,23165.8,22650.0,22600,ATM-10,CALL,23100,2026-06-11
2026-06-11 15:15:00+05:30,537.65,548.1,530.75,540.35,3510,43940,0.0,23166.4,22650.0,22600,ATM-10,CALL,23100,2026-06-11
2026-06-11 15:16:00+05:30,496.35,511.15,491.8,510.25,3640,122135,0.0,23180.55,22700.0,22600,ATM-10,CALL,23100,2026-06-11
2026-06-11 15:17:00+05:30,511.05,515.15,508.25,509.5,845,118365,0.0,23181.9,22700.0,22600,ATM-10,CALL,23100,2026-06-11
2026-06-11 15:18:00+05:30,508.35,509.5,504.0,504.0,715,118300,0.0,23181.15,22700.0,22600,ATM-10,CALL,23100,2026-06-11
2026-06-11 15:19:00+05:30,541.3,559.2,541.3,541.3,130,42055,0.0,23172.0,22650.0,22600,ATM-10,CALL,23100,2026-06-11
2026-06-11 15:20:00+05:30,499.25,502.4,498.8,501.15,260,118170,0.0,23178.2,22700.0,22600,ATM-10,CALL,23100,2026-06-11
2026-06-11 15:21:00+05:30,503.3,504.7,500.15,500.15,715,118300,0.0,23176.65,22700.0,22600,ATM-10,CALL,23100,2026-06-11
2026-06-11 15:22:00+05:30,545.4,552.4,545.4,545.4,130,41925,0.0,23169.9,22650.0,22600,ATM-10,CALL,23100,2026-06-11
2026-06-11 15:23:00+05:30,540.0,545.4,540.0,540.0,65,41925,0.0,23170.9,22650.0,22600,ATM-10,CALL,23100,2026-06-11
2026-06-11 15:24:00+05:30,540.0,540.0,540.0,540.0,0,41925,0.0,23173.6,22650.0,22600,ATM-10,CALL,23100,2026-06-11
2026-06-11 15:25:00+05:30,553.1,554.75,540.0,554.75,3445,41145,0.0,23174.4,22650.0,22600,ATM-10,CALL,23100,2026-06-11
2026-06-11 15:26:00+05:30,515.0,520.0,508.5,519.9,2730,115830,12.601087,23176.6,22700.0,22600,ATM-10,CALL,23100,2026-06-11
2026-06-11 15:27:00+05:30,519.0,519.9,515.95,515.95,715,115830,10.487516,23179.1,22700.0,22600,ATM-10,CALL,23100,2026-06-11
2026-06-11 15:28:00+05:30,516.45,519.6,515.95,518.8,4420,115570,11.262747,23180.05,22700.0,22600,ATM-10,CALL,23100,2026-06-11
2026-06-11 15:29:00+05:30,521.0,523.7,517.85,521.0,5070,117780,9.281418,23186.55,22700.0,22600,ATM-10,CALL,23100,2026-06-11
2026-06-11 09:15:00+05:30,26.0,27.05,22.05,25.5,702130,3268915,16.082683,23104.4,22600.0,22600,ATM-10,PUT,23100,2026-06-11
2026-06-11 09:16:00+05:30,26.75,27.55,25.5,27.45,374790,3333915,15.966192,23082.3,22600.0,22600,ATM-10,PUT,23100,2026-06-11
2026-06-11 09:17:00+05:30,28.05,30.65,27.45,28.45,503880,3341260,16.367152,23092.9,22600.0,22600,ATM-10,PUT,23100,2026-06-11
2026-06-11 09:18:00+05:30,27.95,28.45,25.85,26.35,383435,3293875,16.149633,23100.1,22600.0,22600,ATM-10,PUT,23100,2026-06-11
2026-06-11 09:19:00+05:30,26.45,26.45,24.55,24.8,357305,3287700,16.194888,23115.85,22600.0,22600,ATM-10,PUT,23100,2026-06-11
2026-06-11 09:20:00+05:30,30.3,31.25,28.0,28.05,222625,1338545,15.961708,23128.6,22650.0,22600,ATM-10,PUT,23100,2026-06-11
2026-06-11 09:21:00+05:30,28.4,28.4,26.55,27.3,125320,1357135,16.126489,23142.45,22650.0,22600,ATM-10,PUT,23100,2026-06-11
2026-06-11 09:22:00+05:30,26.9,28.4,26.45,26.75,148200,1371630,16.039701,23142.9,22650.0,22600,ATM-10,PUT,23100,2026-06-11
2026-06-11 09:23:00+05:30,26.75,28.05,26.5,28.05,123045,1399125,16.106377,23135.25,22650.0,22600,ATM-10,PUT,23100,2026-06-11
2026-06-11 09:24:00+05:30,22.4,24.25,22.3,23.75,268645,3482635,16.0212,23116.8,22600.0,22600,ATM-10,PUT,23100,2026-06-11
2026-06-11 09:25:00+05:30,23.75,24.2,23.3,23.95,225875,3526965,15.899485,23109.0,22600.0,22600,ATM-10,PUT,23100,2026-06-11
2026-06-11 09:26:00+05:30,24.25,24.55,23.5,23.85,168090,3565705,15.850606,23107.5,22600.0,22600,ATM-10,PUT,23100,2026-06-11
2026-06-11 09:27:00+05:30,24.1,25.95,23.6,24.85,175175,3589950,15.912817,23101.45,22600.0,22600,ATM-10,PUT,23100,2026-06-11
2026-06-11 09:28:00+05:30,24.9,24.9,23.15,23.4,147745,3603080,15.974445,23117.6,22600.0,22600,ATM-10,PUT,23100,2026-06-11
2026-06-11 09:29:00+05:30,23.2,23.8,22.7,23.45,94510,3627390,16.073004,23121.9,22600.0,22600,ATM-10,PUT,23100,2026-06-11
2026-06-11 09:30:00+05:30,23.35,25.2,23.3,24.95,154895,3631680,16.119081,23110.35,22600.0,22600,ATM-10,PUT,23100,2026-06-11
2026-06-11 09:31:00+05:30,24.95,25.65,23.85,23.85,111995,3597100,16.048749,23116.9,22600.0,22600,ATM-10,PUT,23100,2026-06-11
2026-06-11 09:32:00+05:30,23.55,24.05,22.65,24.05,109005,3620110,16.026857,23113.95,22600.0,22600,ATM-10,PUT,23100,2026-06-11
2026-06-11 09:33:00+05:30,23.9,25.55,23.9,25.3,134810,3621605,16.004247,23101.6,22600.0,22600,ATM-10,PUT,23100,2026-06-11
2026-06-11 09:34:00+05:30,25.4,25.4,23.75,24.0,126295,3665740,15.930576,23109.65,22600.0,22600,ATM-10,PUT,23100,2026-06-11
2026-06-11 09:35:00+05:30,24.25,25.75,24.0,25.55,155935,3682705,15.954493,23096.95,22600.0,22600,ATM-10,PUT,23100,2026-06-11
2026-06-11 09:36:00+05:30,25.6,25.8,23.75,23.75,120575,3674255,15.940765,23112.35,22600.0,22600,ATM-10,PUT,23100,2026-06-11
2026-06-11 09:37:00+05:30,23.7,24.05,22.55,23.1,90610,3680560,15.960826,23119.35,22600.0,22600,ATM-10,PUT,23100,2026-06-11
2026-06-11 09:38:00+05:30,28.55,28.55,26.35,26.95,109395,1518140,15.815652,23129.95,22650.0,22600,ATM-10,PUT,23100,2026-06-11
2026-06-11 09:39:00+05:30,26.75,26.95,25.65,26.2,85280,1536405,15.734927,23132.35,22650.0,22600,ATM-10,PUT,23100,2026-06-11
2026-06-11 09:40:00+05:30,21.1,22.35,21.1,22.35,104975,3725280,15.825819,23119.75,22600.0,22600,ATM-10,PUT,23100,2026-06-11
2026-06-11 09:41:00+05:30,22.2,22.35,21.5,21.8,51350,3735160,15.730505,23120.35,22600.0,22600,ATM-10,PUT,23100,2026-06-11
2026-06-11 09:42:00+05:30,21.75,22.4,21.3,22.05,52325,3734055,15.773745,23120.0,22600.0,22600,ATM-10,PUT,23100,2026-06-11
2026-06-11 09:43:00+05:30,27.1,27.3,24.65,24.8,109460,1537380,15.673778,23141.3,22650.0,22600,ATM-10,PUT,23100,2026-06-11
2026-06-11 09:44:00+05:30,24.6,24.85,24.05,24.6,68770,1544920,15.699404,23144.25,22650.0,22600,ATM-10,PUT,23100,2026-06-11
2026-06-11 09:45:00+05:30,24.6,25.4,23.9,24.25,93145,1552070,15.664703,23145.65,22650.0,22600,ATM-10,PUT,23100,2026-06-11
2026-06-11 09:46:00+05:30,24.3,24.8,23.55,23.75,45500,1549535,15.754116,23154.45,22650.0,22600,ATM-10,PUT,23100,2026-06-11
2026-06-11 09:47:00+05:30,23.7,25.0,23.7,24.85,80925,1550380,15.861569,23149.7,22650.0,22600,ATM-10,PUT,23100,2026-06-11
2026-06-11 09:48:00+05:30,24.55,25.7,24.55,25.7,70655,1548235,15.846143,23141.5,22650.0,22600,ATM-10,PUT,23100,2026-06-11
2026-06-11 09:49:00+05:30,25.45,25.7,24.15,24.25,42380,1552850,15.826854,23153.3,22650.0,22600,ATM-10,PUT,23100,2026-06-11
2026-06-11 09:50:00+05:30,24.35,25.15,22.9,22.95,115830,1556100,15.778854,23162.9,22650.0,22600,ATM-10,PUT,23100,2026-06-11
2026-06-11 09:51:00+05:30,23.4,23.5,22.5,22.85,94055,1554410,15.854381,23167.5,22650.0,22600,ATM-10,PUT,23100,2026-06-11
2026-06-11 09:52:00+05:30,22.95,23.5,22.55,22.9,69225,1550640,15.932252,23170.8,22650.0,22600,ATM-10,PUT,23100,2026-06-11
2026-06-11 09:53:00+05:30,22.75,23.35,22.45,22.85,85280,1557465,15.954028,23172.3,22650.0,22600,ATM-10,PUT,23100,2026-06-11
2026-06-11 09:54:00+05:30,22.7,23.95,22.7,23.95,121160,1611870,15.755643,23152.35,22650.0,22600,ATM-10,PUT,23100,2026-06-11
2026-06-11 09:55:00+05:30,23.9,24.8,23.6,24.45,101400,1640535,15.631739,23141.85,22650.0,22600,ATM-10,PUT,23100,2026-06-11
2026-06-11 09:56:00+05:30,24.45,24.85,23.6,24.7,75530,1650025,15.65049,23140.5,22650.0,22600,ATM-10,PUT,23100,2026-06-11
2026-06-11 09:57:00+05:30,24.9,25.8,24.6,25.55,56550,1642940,15.609698,23131.15,22650.0,22600,ATM-10,PUT,23100,2026-06-11
2026-06-11 09:58:00+05:30,20.55,21.75,20.55,21.55,166790,3896815,15.581828,23114.7,22600.0,22600,ATM-10,PUT,23100,2026-06-11
2026-06-11 09:59:00+05:30,21.7,21.9,20.85,21.4,178360,3899025,15.61159,23117.6,22600.0,22600,ATM-10,PUT,23100,2026-06-11
2026-06-11 10:00:00+05:30,26.35,26.45,24.6,24.9,128635,1641965,15.475066,23130.2,22650.0,22600,ATM-10,PUT,23100,2026-06-11
2026-06-11 10:01:00+05:30,24.6,25.05,24.25,24.85,34060,1645280,15.5151,23132.5,22650.0,22600,ATM-10,PUT,23100,2026-06-11
2026-06-11 10:02:00+05:30,20.15,20.95,20.0,20.6,96135,3907280,15.55971,23122.9,22600.0,22600,ATM-10,PUT,23100,2026-06-11
2026-06-11 10:03:00+05:30,20.75,21.2,19.75,20.8,76830,3892590,15.560076,23120.85,22600.0,22600,ATM-10,PUT,23100,2026-06-11
2026-06-11 10:04:00+05:30,20.85,21.9,20.6,21.8,160160,3909035,15.511688,23108.55,22600.0,22600,ATM-10,PUT,23100,2026-06-11
2026-06-11 10:05:00+05:30,21.8,22.05,20.95,21.05,161200,3939325,15.434753,23112.05,22600.0,22600,ATM-10,PUT,23100,2026-06-11
2026-06-11 10:06:00+05:30,26.2,26.45,23.7,23.85,102505,1655680,15.435878,23137.3,22650.0,22600,ATM-10,PUT,23100,2026-06-11
2026-06-11 10:07:00+05:30,23.95,24.35,22.55,22.7,52455,1658020,15.436865,23147.8,22650.0,22600,ATM-10,PUT,23100,2026-06-11
2026-06-11 10:08:00+05:30,22.8,23.1,21.75,21.9,98995,1663480,15.468995,23156.9,22650.0,22600,ATM-10,PUT,23100,2026-06-11
2026-06-11 10:09:00+05:30,21.85,22.45,21.6,22.4,51220,1675765,15.568281,23156.95,22650.0,22600,ATM-10,PUT,23100,2026-06-11
2026-06-11 10:10:00+05:30,22.7,22.7,21.6,22.05,68835,1684150,15.528613,23158.3,22650.0,22600,ATM-10,PUT,23100,2026-06-11
2026-06-11 10:11:00+05:30,22.05,22.1,21.45,21.65,54145,1695915,15.546414,23163.0,22650.0,22600,ATM-10,PUT,23100,2026-06-11
2026-06-11 10:12:00+05:30,21.6,22.45,21.55,22.2,65325,1695785,15.526023,23156.65,22650.0,22600,ATM-10,PUT,23100,2026-06-11
2026-06-11 10:13:00+05:30,22.25,22.35,21.8,22.0,40170,1714635,15.551053,23159.75,22650.0,22600,ATM-10,PUT,23100,2026-06-11
2026-06-11 10:14:00+05:30,21.9,22.85,21.7,22.5,54470,1722825,15.398607,23147.5,22650.0,22600,ATM-10,PUT,23100,2026-06-11
2026-06-11 10:15:00+05:30,22.65,22.65,21.85,21.95,29705,1727505,15.505409,23157.9,22650.0,22600,ATM-10,PUT,23100,2026-06-11
2026-06-11 10:16:00+05:30,21.95,21.95,21.25,21.75,56680,1729585,15.610222,23164.95,22650.0,22600,ATM-10,PUT,23100,2026-06-11
2026-06-11 10:17:00+05:30,21.75,21.8,20.95,21.1,62530,1743170,15.566533,23169.15,22650.0,22600,ATM-10,PUT,23100,2026-06-11
2026-06-11 10:18:00+05:30,21.3,21.75,20.8,20.95,40430,1756235,15.614695,23173.0,22650.0,22600,ATM-10,PUT,23100,2026-06-11
2026-06-11 10:19:00+05:30,26.0,26.0,25.2,25.25,132470,3849625,15.585058,23183.15,22700.0,22600,ATM-10,PUT,23100,2026-06-11
2026-06-11 10:20:00+05:30,25.25,25.85,25.05,25.15,177840,3875495,15.716592,23190.25,22700.0,22600,ATM-10,PUT,23100,2026-06-11
2026-06-11 10:21:00+05:30,25.15,26.0,25.15,26.0,120120,3840200,15.700453,23182.15,22700.0,22600,ATM-10,PUT,23100,2026-06-11
2026-06-11 10:22:00+05:30,25.8,26.45,25.8,26.3,73125,3844945,15.70716,23179.9,22700.0,22600,ATM-10,PUT,23100,2026-06-11
2026-06-11 10:23:00+05:30,26.4,26.4,25.8,26.25,91650,3857035,15.734097,23181.55,22700.0,22600,ATM-10,PUT,23100,2026-06-11
2026-06-11 10:24:00+05:30,26.2,26.7,25.9,26.4,36075,3864120,15.723514,23179.75,22700.0,22600,ATM-10,PUT,23100,2026-06-11
2026-06-11 10:25:00+05:30,26.45,26.7,26.15,26.55,52130,3870685,15.742462,23179.35,22700.0,22600,ATM-10,PUT,23100,2026-06-11
2026-06-11 10:26:00+05:30,26.45,26.55,25.25,25.35,101985,3876275,15.819131,23193.15,22700.0,22600,ATM-10,PUT,23100,2026-06-11
2026-06-11 10:27:00+05:30,25.25,25.45,24.1,24.1,218010,3860025,15.889527,23207.6,22700.0,22600,ATM-10,PUT,23100,2026-06-11
2026-06-11 10:28:00+05:30,24.25,25.15,24.0,24.8,105430,3856060,15.850707,23199.4,22700.0,22600,ATM-10,PUT,23100,2026-06-11
2026-06-11 10:29:00+05:30,25.0,25.2,24.55,25.05,85605,3850535,15.899711,23199.5,22700.0,22600,ATM-10,PUT,23100,2026-06-11
2026-06-11 10:30:00+05:30,25.0,26.05,24.55,25.85,103675,3857230,15.82402,23188.9,22700.0,22600,ATM-10,PUT,23100,2026-06-11
2026-06-11 10:31:00+05:30,25.95,26.05,24.8,25.0,150215,3879395,15.885078,23199.15,22700.0,22600,ATM-10,PUT,23100,2026-06-11
2026-06-11 10:32:00+05:30,24.85,25.2,24.2,24.65,91065,3864445,15.922262,23204.0,22700.0,22600,ATM-10,PUT,23100,2026-06-11
2026-06-11 10:33:00+05:30,24.55,25.45,24.55,25.05,116155,3848260,15.891935,23198.95,22700.0,22600,ATM-10,PUT,23100,2026-06-11
2026-06-11 10:34:00+05:30,25.2,25.35,24.95,25.2,30160,3840980,15.958975,23200.8,22700.0,22600,ATM-10,PUT,23100,2026-06-11
2026-06-11 10:35:00+05:30,25.25,25.3,24.7,25.3,91715,3834480,15.990756,23201.4,22700.0,22600,ATM-10,PUT,23100,2026-06-11
2026-06-11 10:36:00+05:30,25.4,25.95,25.3,25.85,96070,3833440,15.982961,23196.2,22700.0,22600,ATM-10,PUT,23100,2026-06-11
2026-06-11 10:37:00+05:30,25.65,26.25,25.5,26.0,78715,3840005,15.920568,23191.9,22700.0,22600,ATM-10,PUT,23100,2026-06-11
2026-06-11 10:38:00+05:30,25.65,26.0,25.3,25.3,60060,3826550,15.945504,23199.1,22700.0,22600,ATM-10,PUT,23100,2026-06-11
2026-06-11 10:39:00+05:30,25.15,25.5,24.7,24.95,124085,3819400,16.056036,23207.45,22700.0,22600,ATM-10,PUT,23100,2026-06-11
2026-06-11 10:40:00+05:30,24.95,25.3,24.6,24.7,104845,3789045,16.113206,23212.4,22700.0,22600,ATM-10,PUT,23100,2026-06-11
2026-06-11 10:41:00+05:30,24.75,25.75,24.6,25.75,76765,3781310,16.121423,23203.45,22700.0,22600,ATM-10,PUT,23100,2026-06-11
2026-06-11 10:42:00+05:30,25.55,25.8,25.2,25.2,61230,3769610,16.071712,23205.85,22700.0,22600,ATM-10,PUT,23100,2026-06-11
2026-06-11 10:43:00+05:30,25.3,25.7,25.1,25.55,46865,3757390,16.058565,23202.1,22700.0,22600,ATM-10,PUT,23100,2026-06-11
2026-06-11 10:44:00+05:30,25.5,25.95,25.45,25.85,321425,3716375,16.171766,23204.85,22700.0,22600,ATM-10,PUT,23100,2026-06-11
2026-06-11 10:45:00+05:30,25.85,26.4,25.55,25.65,165360,3567655,16.130987,23204.6,22700.0,22600,ATM-10,PUT,23100,2026-06-11
2026-06-11 10:46:00+05:30,25.65,25.85,25.2,25.75,273130,3484195,16.192022,23206.6,22700.0,22600,ATM-10,PUT,23100,2026-06-11
2026-06-11 10:47:00+05:30,25.85,26.0,25.35,25.35,47710,3466060,16.197803,23210.35,22700.0,22600,ATM-10,PUT,23100,2026-06-11
2026-06-11 10:48:00+05:30,25.4,26.0,25.25,25.75,59475,3460145,16.175083,23205.7,22700.0,22600,ATM-10,PUT,23100,2026-06-11
2026-06-11 10:49:00+05:30,25.7,26.35,25.6,26.3,46540,3445975,16.024572,23193.75,22700.0,22600,ATM-10,PUT,23100,2026-06-11
2026-06-11 10:50:00+05:30,26.25,26.6,26.15,26.5,101660,3454295,15.905917,23186.4,22700.0,22600,ATM-10,PUT,23100,2026-06-11
2026-06-11 10:51:00+05:30,26.45,26.5,25.55,26.15,58500,3453190,15.920418,23190.0,22700.0,22600,ATM-10,PUT,23100,2026-06-11
2026-06-11 10:52:00+05:30,26.1,26.4,25.7,26.35,34970,3453255,15.915946,23188.05,22700.0,22600,ATM-10,PUT,23100,2026-06-11
2026-06-11 10:53:00+05:30,21.25,21.75,21.2,21.65,45890,1948245,15.825767,23174.9,22650.0,22600,ATM-10,PUT,23100,2026-06-11
2026-06-11 10:54:00+05:30,21.7,21.75,21.4,21.5,51025,1958970,15.792608,23174.7,22650.0,22600,ATM-10,PUT,23100,2026-06-11
2026-06-11 10:55:00+05:30,21.55,21.8,21.4,21.5,68315,1969695,15.763185,23173.2,22650.0,22600,ATM-10,PUT,23100,2026-06-11
2026-06-11 10:56:00+05:30,26.75,26.9,26.25,26.45,53300,3444090,15.762624,23179.8,22700.0,22600,ATM-10,PUT,23100,2026-06-11
2026-06-11 10:57:00+05:30,26.5,26.95,26.4,26.5,47710,3446690,15.719276,23177.3,22700.0,22600,ATM-10,PUT,23100,2026-06-11
2026-06-11 10:58:00+05:30,26.75,26.85,26.25,26.85,23660,3451175,15.746719,23175.65,22700.0,22600,ATM-10,PUT,23100,2026-06-11
2026-06-11 10:59:00+05:30,26.8,26.9,25.8,26.1,43680,3456375,15.634275,23176.55,22700.0,22600,ATM-10,PUT,23100,2026-06-11
2026-06-11 11:00:00+05:30,20.75,21.4,20.45,21.35,30940,1984125,15.661818,23169.45,22650.0,22600,ATM-10,PUT,23100,2026-06-11
2026-06-11 11:01:00+05:30,21.4,21.7,21.1,21.7,61100,1997125,15.68593,23167.15,22650.0,22600,ATM-10,PUT,23100,2026-06-11
2026-06-11 11:02:00+05:30,21.6,21.75,21.2,21.2,56290,2001155,15.602177,23167.9,22650.0,22600,ATM-10,PUT,23100,2026-06-11
2026-06-11 11:03:00+05:30,26.7,26.7,25.3,25.3,59280,3497000,15.577032,23180.45,22700.0,22600,ATM-10,PUT,23100,2026-06-11
2026-06-11 11:04:00+05:30,25.25,25.35,24.7,25.1,131950,3476395,15.565955,23181.6,22700.0,22600,ATM-10,PUT,23100,2026-06-11
2026-06-11 11:05:00+05:30,25.05,25.1,23.45,23.45,133510,3467815,15.640726,23199.8,22700.0,22600,ATM-10,PUT,23100,2026-06-11
2026-06-11 11:06:00+05:30,23.45,24.3,23.1,23.25,82615,3464825,15.694444,23204.2,22700.0,22600,ATM-10,PUT,23100,2026-06-11
2026-06-11 11:07:00+05:30,23.25,24.6,22.95,24.45,140920,3481790,15.626881,23190.05,22700.0,22600,ATM-10,PUT,23100,2026-06-11
2026-06-11 11:08:00+05:30,24.45,24.7,23.45,23.85,79950,3528980,15.615178,23194.8,22700.0,22600,ATM-10,PUT,23100,2026-06-11
2026-06-11 11:09:00+05:30,24.15,25.3,23.85,24.1,83785,3556670,15.636782,23193.55,22700.0,22600,ATM-10,PUT,23100,2026-06-11
2026-06-11 11:10:00+05:30,24.05,24.85,24.0,24.0,26390,3559010,15.5764,23191.5,22700.0,22600,ATM-10,PUT,23100,2026-06-11
2026-06-11 11:11:00+05:30,24.15,24.55,23.8,24.35,40170,3561675,15.594295,23189.2,22700.0,22600,ATM-10,PUT,23100,2026-06-11
2026-06-11 11:12:00+05:30,24.35,24.85,24.25,24.55,27885,3566615,15.586081,23187.0,22700.0,22600,ATM-10,PUT,23100,2026-06-11
2026-06-11 11:13:00+05:30,24.5,24.75,24.1,24.5,116155,3564665,15.54116,23185.25,22700.0,22600,ATM-10,PUT,23100,2026-06-11
2026-06-11 11:14:00+05:30,24.5,25.05,24.2,24.65,35685,3550300,15.526616,23183.2,22700.0,22600,ATM-10,PUT,23100,2026-06-11
2026-06-11 11:15:00+05:30,24.65,25.0,24.25,24.55,62205,3547310,15.614967,23188.25,22700.0,22600,ATM-10,PUT,23100,2026-06-11
2026-06-11 11:16:00+05:30,24.55,24.85,24.2,24.4,20800,3547570,15.613304,23189.45,22700.0,22600,ATM-10,PUT,23100,2026-06-11
2026-06-11 11:17:00+05:30,24.5,24.95,23.8,24.0,65975,3541005,15.633751,23193.95,22700.0,22600,ATM-10,PUT,23100,2026-06-11
2026-06-11 11:18:00+05:30,23.9,24.15,22.9,23.0,59605,3531970,15.677198,23205.15,22700.0,22600,ATM-10,PUT,23100,2026-06-11
2026-06-11 11:19:00+05:30,22.9,23.4,22.55,23.4,82875,3545685,15.719444,23203.45,22700.0,22600,ATM-10,PUT,23100,2026-06-11
2026-06-11 11:20:00+05:30,23.4,23.7,22.35,22.4,38740,3548155,15.714721,23212.55,22700.0,22600,ATM-10,PUT,23100,2026-06-11
2026-06-11 11:21:00+05:30,22.4,22.55,22.2,22.4,126425,3546140,15.87381,23220.3,22700.0,22600,ATM-10,PUT,23100,2026-06-11
2026-06-11 11:22:00+05:30,22.3,23.25,22.3,23.15,84760,3528395,15.893698,23214.1,22700.0,22600,ATM-10,PUT,23100,2026-06-11
2026-06-11 11:23:00+05:30,23.25,23.25,22.55,23.0,54990,3520855,15.84415,23213.05,22700.0,22600,ATM-10,PUT,23100,2026-06-11
2026-06-11 11:24:00+05:30,23.0,23.4,22.7,22.85,49660,3527745,15.927718,23218.5,22700.0,22600,ATM-10,PUT,23100,2026-06-11
2026-06-11 11:25:00+05:30,22.7,22.9,22.4,22.9,71630,3551015,15.883057,23215.8,22700.0,22600,ATM-10,PUT,23100,2026-06-11
2026-06-11 11:26:00+05:30,28.05,28.15,26.6,26.6,87295,2047890,15.756336,23228.5,22750.0,22600,ATM-10,PUT,23100,2026-06-11
2026-06-11 11:27:00+05:30,26.35,26.65,25.9,25.95,184925,2042040,15.760324,23234.1,22750.0,22600,ATM-10,PUT,23100,2026-06-11
2026-06-11 11:28:00+05:30,25.8,26.0,25.45,25.75,99060,2044705,15.766486,23236.05,22750.0,22600,ATM-10,PUT,23100,2026-06-11
2026-06-11 11:29:00+05:30,25.9,26.55,25.75,25.9,140335,2034955,15.781705,23235.45,22750.0,22600,ATM-10,PUT,23100,2026-06-11
2026-06-11 11:30:00+05:30,25.9,26.4,25.5,26.4,68835,2043405,15.887903,23236.2,22750.0,22600,ATM-10,PUT,23100,2026-06-11
2026-06-11 11:31:00+05:30,26.1,26.9,26.05,26.6,72865,2061215,15.71413,23226.3,22750.0,22600,ATM-10,PUT,23100,2026-06-11
2026-06-11 11:32:00+05:30,26.5,27.2,26.5,26.95,33605,2063555,15.773403,23226.15,22750.0,22600,ATM-10,PUT,23100,2026-06-11
2026-06-11 11:33:00+05:30,26.95,26.95,26.25,26.7,38090,2062970,15.88778,23233.55,22750.0,22600,ATM-10,PUT,23100,2026-06-11
2026-06-11 11:34:00+05:30,26.7,27.55,26.7,27.55,50245,2063685,15.88431,23226.35,22750.0,22600,ATM-10,PUT,23100,2026-06-11
2026-06-11 11:35:00+05:30,27.45,27.85,26.85,26.85,83200,2074605,15.933176,23234.35,22750.0,22600,ATM-10,PUT,23100,2026-06-11
2026-06-11 11:36:00+05:30,22.05,22.85,22.0,22.7,71175,3622775,15.974123,23221.65,22700.0,22600,ATM-10,PUT,23100,2026-06-11
2026-06-11 11:37:00+05:30,22.4,22.9,22.4,22.85,103350,3624140,15.930646,23218.05,22700.0,22600,ATM-10,PUT,23100,2026-06-11
2026-06-11 11:38:00+05:30,22.8,23.1,22.6,23.1,61425,3619720,15.92362,23215.3,22700.0,22600,ATM-10,PUT,23100,2026-06-11
2026-06-11 11:39:00+05:30,23.1,23.3,22.5,22.65,114335,3628755,15.993713,23222.95,22700.0,22600,ATM-10,PUT,23100,2026-06-11
2026-06-11 11:40:00+05:30,22.75,22.95,22.4,22.75,55575,3630120,16.01627,23223.05,22700.0,22600,ATM-10,PUT,23100,2026-06-11
2026-06-11 11:41:00+05:30,28.0,28.05,27.0,27.2,50505,2040025,15.914129,23230.3,22750.0,22600,ATM-10,PUT,23100,2026-06-11
2026-06-11 11:42:00+05:30,27.15,27.3,25.55,25.6,85410,2059915,15.932293,23244.6,22750.0,22600,ATM-10,PUT,23100,2026-06-11
2026-06-11 11:43:00+05:30,25.8,26.6,25.6,26.6,48100,2056535,16.048997,23241.55,22750.0,22600,ATM-10,PUT,23100,2026-06-11
2026-06-11 11:44:00+05:30,26.6,26.6,25.45,25.5,52390,2073110,16.106776,23253.7,22750.0,22600,ATM-10,PUT,23100,2026-06-11
2026-06-11 11:45:00+05:30,25.4,25.95,25.15,25.9,83395,2097550,16.188159,23254.05,22750.0,22600,ATM-10,PUT,23100,2026-06-11
2026-06-11 11:46:00+05:30,25.85,25.95,25.65,25.8,23725,2103660,16.249473,23257.8,22750.0,22600,ATM-10,PUT,23100,2026-06-11
2026-06-11 11:47:00+05:30,25.6,26.05,24.7,24.7,150020,2105220,16.283874,23269.2,22750.0,22600,ATM-10,PUT,23100,2026-06-11
2026-06-11 11:48:00+05:30,24.7,25.5,24.65,25.1,140725,2195570,16.342111,23268.35,22750.0,22600,ATM-10,PUT,23100,2026-06-11
2026-06-11 11:49:00+05:30,25.2,25.25,25.0,25.15,177580,2290990,16.286898,23265.2,22750.0,22600,ATM-10,PUT,23100,2026-06-11
2026-06-11 11:50:00+05:30,25.05,25.15,24.55,24.65,348920,2493790,16.372527,23273.8,22750.0,22600,ATM-10,PUT,23100,2026-06-11
2026-06-11 11:51:00+05:30,24.55,24.9,24.45,24.9,206245,2631070,16.319021,23268.9,22750.0,22600,ATM-10,PUT,23100,2026-06-11
2026-06-11 11:52:00+05:30,24.95,25.25,24.8,24.95,106665,2730650,16.354244,23270.1,22750.0,22600,ATM-10,PUT,23100,2026-06-11
2026-06-11 11:53:00+05:30,25.0,25.15,24.7,24.8,29640,2729480,16.409918,23274.1,22750.0,22600,ATM-10,PUT,23100,2026-06-11
2026-06-11 11:54:00+05:30,24.8,25.0,24.45,24.7,36465,2723500,16.368234,23272.95,22750.0,22600,ATM-10,PUT,23100,2026-06-11
2026-06-11 11:55:00+05:30,24.65,24.95,24.5,24.85,20735,2724475,16.415055,23273.8,22750.0,22600,ATM-10,PUT,23100,2026-06-11
2026-06-11 11:56:00+05:30,30.5,30.8,29.15,29.15,224445,4391855,16.339763,23285.3,22800.0,22600,ATM-10,PUT,23100,2026-06-11
2026-06-11 11:57:00+05:30,29.15,29.45,29.05,29.1,118170,4365985,16.324631,23284.95,22800.0,22600,ATM-10,PUT,23100,2026-06-11
2026-06-11 11:58:00+05:30,29.15,29.15,28.2,28.7,209300,4404530,16.384592,23290.9,22800.0,22600,ATM-10,PUT,23100,2026-06-11
2026-06-11 11:59:00+05:30,28.9,29.45,28.7,29.35,104715,4374110,16.330442,23283.15,22800.0,22600,ATM-10,PUT,23100,2026-06-11
2026-06-11 12:00:00+05:30,28.8,29.35,28.55,29.25,201695,4506840,16.344535,23284.55,22800.0,22600,ATM-10,PUT,23100,2026-06-11
2026-06-11 12:01:00+05:30,29.3,29.4,29.0,29.1,69420,4501380,16.405934,23288.55,22800.0,22600,ATM-10,PUT,23100,2026-06-11
2026-06-11 12:02:00+05:30,29.1,29.55,29.05,29.3,52455,4512625,16.379784,23285.7,22800.0,22600,ATM-10,PUT,23100,2026-06-11
2026-06-11 12:03:00+05:30,29.35,29.35,28.95,29.1,78065,4526405,16.439039,23290.0,22800.0,22600,ATM-10,PUT,23100,2026-06-11
2026-06-11 12:04:00+05:30,29.1,29.5,29.1,29.35,63180,4506970,16.411809,23286.7,22800.0,22600,ATM-10,PUT,23100,2026-06-11
2026-06-11 12:05:00+05:30,29.3,29.85,29.1,29.7,105235,4535700,16.352431,23281.15,22800.0,22600,ATM-10,PUT,23100,2026-06-11
2026-06-11 12:06:00+05:30,29.55,29.8,29.3,29.7,230100,4618510,16.373953,23282.1,22800.0,22600,ATM-10,PUT,23100,2026-06-11
2026-06-11 12:07:00+05:30,29.75,29.75,29.1,29.3,127400,4671940,16.48369,23290.3,22800.0,22600,ATM-10,PUT,23100,2026-06-11
2026-06-11 12:08:00+05:30,29.25,29.95,29.25,29.65,130585,4677205,16.423625,23284.7,22800.0,22600,ATM-10,PUT,23100,2026-06-11
2026-06-11 12:09:00+05:30,29.65,30.2,29.6,30.05,61815,4670250,16.460982,23283.25,22800.0,22600,ATM-10,PUT,23100,2026-06-11
2026-06-11 12:10:00+05:30,30.0,30.25,29.95,30.15,83525,4662190,16.380046,23278.7,22800.0,22600,ATM-10,PUT,23100,2026-06-11
2026-06-11 12:11:00+05:30,30.15,30.55,30.0,30.2,117195,4690465,16.36441,23277.55,22800.0,22600,ATM-10,PUT,23100,2026-06-11
2026-06-11 12:12:00+05:30,30.05,30.5,29.8,29.85,132145,4774315,16.430052,23283.25,22800.0,22600,ATM-10,PUT,23100,2026-06-11
2026-06-11 12:13:00+05:30,29.9,30.05,29.6,29.85,50895,4773730,16.500285,23286.45,22800.0,22600,ATM-10,PUT,23100,2026-06-11
2026-06-11 12:14:00+05:30,29.8,30.1,29.5,29.55,47840,4747665,16.473962,23287.55,22800.0,22600,ATM-10,PUT,23100,2026-06-11
2026-06-11 12:15:00+05:30,29.5,29.55,28.05,28.6,245700,4712435,16.60195,23301.1,22800.0,22600,ATM-10,PUT,23100,2026-06-11
2026-06-11 12:16:00+05:30,28.45,29.2,28.0,28.05,108680,4706845,16.576754,23304.4,22800.0,22600,ATM-10,PUT,23100,2026-06-11
2026-06-11 12:17:00+05:30,28.0,29.05,27.75,28.85,127075,4714060,16.573624,23297.65,22800.0,22600,ATM-10,PUT,23100,2026-06-11
2026-06-11 12:18:00+05:30,28.95,29.55,28.85,29.45,78650,4709705,16.606248,23294.3,22800.0,22600,ATM-10,PUT,23100,2026-06-11
2026-06-11 12:19:00+05:30,29.2,29.95,29.2,29.8,85345,4713475,16.563565,23289.5,22800.0,22600,ATM-10,PUT,23100,2026-06-11
2026-06-11 12:20:00+05:30,29.85,30.25,29.55,30.2,96850,4707170,16.512166,23283.95,22800.0,22600,ATM-10,PUT,23100,2026-06-11
2026-06-11 12:21:00+05:30,30.05,30.35,29.85,30.0,146575,4691050,16.463068,23283.2,22800.0,22600,ATM-10,PUT,23100,2026-06-11
2026-06-11 12:22:00+05:30,29.95,30.15,29.75,30.1,64285,4676880,16.57094,23287.35,22800.0,22600,ATM-10,PUT,23100,2026-06-11
2026-06-11 12:23:00+05:30,30.05,30.2,29.6,29.75,57330,4676945,16.642084,23293.35,22800.0,22600,ATM-10,PUT,23100,2026-06-11
2026-06-11 12:24:00+05:30,29.75,30.25,29.75,29.85,44980,4666090,16.625595,23291.75,22800.0,22600,ATM-10,PUT,23100,2026-06-11
2026-06-11 12:25:00+05:30,29.85,30.55,29.85,30.2,62790,4646590,16.620076,23288.7,22800.0,22600,ATM-10,PUT,23100,2026-06-11
2026-06-11 12:26:00+05:30,30.15,30.3,29.65,30.2,47385,4648605,16.706609,23292.65,22800.0,22600,ATM-10,PUT,23100,2026-06-11
2026-06-11 12:27:00+05:30,30.05,30.25,29.8,30.0,38740,4649385,16.677889,23292.85,22800.0,22600,ATM-10,PUT,23100,2026-06-11
2026-06-11 12:28:00+05:30,29.9,30.3,29.55,29.8,41925,4649385,16.816171,23300.8,22800.0,22600,ATM-10,PUT,23100,2026-06-11
2026-06-11 12:29:00+05:30,29.95,30.05,29.65,29.75,32955,4655885,16.739646,23297.6,22800.0,22600,ATM-10,PUT,23100,2026-06-11
2026-06-11 12:30:00+05:30,29.65,29.75,29.2,29.55,78780,4656990,16.885754,23305.95,22800.0,22600,ATM-10,PUT,23100,2026-06-11
2026-06-11 12:31:00+05:30,29.65,29.9,28.65,28.75,161330,4654975,16.961838,23316.0,22800.0,22600,ATM-10,PUT,23100,2026-06-11
2026-06-11 12:32:00+05:30,28.8,28.9,28.0,28.05,150475,4644120,16.925691,23320.1,22800.0,22600,ATM-10,PUT,23100,2026-06-11
2026-06-11 12:33:00+05:30,28.0,28.5,27.6,27.65,80080,4654910,16.769473,23316.05,22800.0,22600,ATM-10,PUT,23100,2026-06-11
2026-06-11 12:34:00+05:30,27.8,27.85,27.5,27.55,98735,4661150,16.879228,23322.05,22800.0,22600,ATM-10,PUT,23100,2026-06-11
2026-06-11 12:35:00+05:30,27.55,28.75,27.3,28.6,160290,4673370,16.87873,23313.15,22800.0,22600,ATM-10,PUT,23100,2026-06-11
2026-06-11 12:36:00+05:30,28.6,28.85,28.45,28.65,72930,4670510,16.774467,23307.8,22800.0,22600,ATM-10,PUT,23100,2026-06-11
2026-06-11 12:37:00+05:30,28.5,28.8,28.3,28.5,119795,4704115,16.434762,23293.1,22800.0,22600,ATM-10,PUT,23100,2026-06-11
2026-06-11 12:38:00+05:30,28.45,29.35,28.25,29.1,96785,4728230,16.551561,23293.65,22800.0,22600,ATM-10,PUT,23100,2026-06-11
2026-06-11 12:39:00+05:30,29.1,29.1,28.35,28.45,76375,4725565,16.525461,23297.65,22800.0,22600,ATM-10,PUT,23100,2026-06-11
2026-06-11 12:40:00+05:30,28.45,28.85,28.4,28.7,47905,4716075,16.575415,23297.9,22800.0,22600,ATM-10,PUT,23100,2026-06-11
2026-06-11 12:41:00+05:30,28.7,29.2,28.65,29.05,65260,4706715,16.578121,23295.15,22800.0,22600,ATM-10,PUT,23100,2026-06-11
2026-06-11 12:42:00+05:30,28.95,29.55,28.9,29.3,59735,4700475,16.652424,23296.55,22800.0,22600,ATM-10,PUT,23100,2026-06-11
2026-06-11 12:43:00+05:30,29.3,29.85,29.05,29.4,83655,4679220,16.604936,23293.5,22800.0,22600,ATM-10,PUT,23100,2026-06-11
2026-06-11 12:44:00+05:30,29.35,29.55,29.2,29.4,65585,4661150,16.661953,23296.1,22800.0,22600,ATM-10,PUT,23100,2026-06-11
2026-06-11 12:45:00+05:30,29.45,29.9,29.35,29.7,106990,4677075,16.691878,23295.05,22800.0,22600,ATM-10,PUT,23100,2026-06-11
2026-06-11 12:46:00+05:30,29.65,29.7,29.0,29.15,221390,4703140,16.734668,23301.4,22800.0,22600,ATM-10,PUT,23100,2026-06-11
2026-06-11 12:47:00+05:30,29.15,29.85,28.95,29.65,105690,4691700,16.646408,23293.25,22800.0,22600,ATM-10,PUT,23100,2026-06-11
2026-06-11 12:48:00+05:30,29.75,30.5,29.65,30.3,149370,4699305,16.603129,23286.1,22800.0,22600,ATM-10,PUT,23100,2026-06-11
2026-06-11 12:49:00+05:30,30.4,30.65,30.05,30.5,78260,4716075,16.4056,23275.45,22800.0,22600,ATM-10,PUT,23100,2026-06-11
2026-06-11 12:50:00+05:30,30.4,30.5,29.8,29.9,137800,4717830,16.456933,23282.4,22800.0,22600,ATM-10,PUT,23100,2026-06-11
2026-06-11 12:51:00+05:30,29.85,30.05,29.45,30.05,71240,4712500,16.453954,23281.05,22800.0,22600,ATM-10,PUT,23100,2026-06-11
2026-06-11 12:52:00+05:30,30.05,30.2,29.85,30.0,35815,4719650,16.404037,23279.1,22800.0,22600,ATM-10,PUT,23100,2026-06-11
2026-06-11 12:53:00+05:30,29.9,30.0,29.45,29.7,40560,4721925,16.474704,23284.65,22800.0,22600,ATM-10,PUT,23100,2026-06-11
2026-06-11 12:54:00+05:30,29.7,29.85,29.55,29.7,14495,4717505,16.309432,23276.95,22800.0,22600,ATM-10,PUT,23100,2026-06-11
2026-06-11 12:55:00+05:30,29.7,29.7,29.7,29.7,0,4717505,16.309433,23276.95,22800.0,22600,ATM-10,PUT,23100,2026-06-11
2026-06-11 12:56:00+05:30,30.35,30.35,29.45,29.8,103610,4719325,16.457744,23282.95,22800.0,22600,ATM-10,PUT,23100,2026-06-11
2026-06-11 12:57:00+05:30,29.75,29.8,28.4,28.4,116220,4719390,16.563245,23299.0,22800.0,22600,ATM-10,PUT,23100,2026-06-11
2026-06-11 12:58:00+05:30,28.5,28.65,27.65,28.05,116350,4714060,16.605207,23303.8,22800.0,22600,ATM-10,PUT,23100,2026-06-11
2026-06-11 12:59:00+05:30,28.2,28.8,27.45,27.6,133315,4714580,16.620975,23308.25,22800.0,22600,ATM-10,PUT,23100,2026-06-11
2026-06-11 13:00:00+05:30,27.55,27.6,25.95,26.4,317525,4719195,16.740046,23324.15,22800.0,22600,ATM-10,PUT,23100,2026-06-11
2026-06-11 13:01:00+05:30,26.15,27.45,26.05,27.45,163150,4657965,16.720153,23314.1,22800.0,22600,ATM-10,PUT,23100,2026-06-11
2026-06-11 13:02:00+05:30,27.4,28.1,27.2,27.75,128700,4667780,16.618788,23306.75,22800.0,22600,ATM-10,PUT,23100,2026-06-11
2026-06-11 13:03:00+05:30,27.65,28.4,27.65,28.25,82355,4671290,16.652922,23304.15,22800.0,22600,ATM-10,PUT,23100,2026-06-11
2026-06-11 13:04:00+05:30,28.15,28.5,27.95,28.5,48815,4657770,16.643347,23301.6,22800.0,22600,ATM-10,PUT,23100,2026-06-11
2026-06-11 13:05:00+05:30,28.4,28.55,28.05,28.35,70785,4655235,16.641524,23302.7,22800.0,22600,ATM-10,PUT,23100,2026-06-11
2026-06-11 13:06:00+05:30,28.35,28.5,28.1,28.3,40625,4655170,16.608048,23301.5,22800.0,22600,ATM-10,PUT,23100,2026-06-11
2026-06-11 13:07:00+05:30,28.35,28.8,28.05,28.8,35490,4650750,16.644099,23299.05,22800.0,22600,ATM-10,PUT,23100,2026-06-11
2026-06-11 13:08:00+05:30,28.7,29.25,28.6,28.95,75465,4650555,16.517317,23291.9,22800.0,22600,ATM-10,PUT,23100,2026-06-11
2026-06-11 13:09:00+05:30,28.9,30.2,28.85,29.95,111930,4682535,16.445849,23280.65,22800.0,22600,ATM-10,PUT,23100,2026-06-11
2026-06-11 13:10:00+05:30,30.0,30.0,29.35,29.4,73840,4659980,16.393433,23282.5,22800.0,22600,ATM-10,PUT,23100,2026-06-11
2026-06-11 13:11:00+05:30,29.3,29.95,29.3,29.45,51545,4675905,16.325865,23278.95,22800.0,22600,ATM-10,PUT,23100,2026-06-11
2026-06-11 13:12:00+05:30,24.2,25.15,24.2,24.75,113100,2934880,16.338948,23267.45,22750.0,22600,ATM-10,PUT,23100,2026-06-11
2026-06-11 13:13:00+05:30,24.9,25.0,24.65,24.95,56680,2942940,16.229153,23260.35,22750.0,22600,ATM-10,PUT,23100,2026-06-11
2026-06-11 13:14:00+05:30,24.85,24.95,24.55,24.65,62140,2949830,16.155094,23259.45,22750.0,22600,ATM-10,PUT,23100,2026-06-11
2026-06-11 13:15:00+05:30,24.55,24.9,24.55,24.8,50505,2950285,16.200916,23260.25,22750.0,22600,ATM-10,PUT,23100,2026-06-11
2026-06-11 13:16:00+05:30,24.6,25.2,24.45,24.95,95355,2955745,16.124137,23255.2,22750.0,22600,ATM-10,PUT,23100,2026-06-11
2026-06-11 13:17:00+05:30,24.9,25.55,24.45,24.8,154180,2942355,16.265555,23263.25,22750.0,22600,ATM-10,PUT,23100,2026-06-11
2026-06-11 13:18:00+05:30,24.9,25.45,24.8,25.15,50765,2952950,16.132779,23253.75,22750.0,22600,ATM-10,PUT,23100,2026-06-11
2026-06-11 13:19:00+05:30,25.35,25.65,25.0,25.5,136955,2967380,16.205833,23254.1,22750.0,22600,ATM-10,PUT,23100,2026-06-11
2026-06-11 13:20:00+05:30,25.45,26.0,25.1,25.85,137800,2920515,16.193005,23250.4,22750.0,22600,ATM-10,PUT,23100,2026-06-11
2026-06-11 13:21:00+05:30,25.85,26.65,25.8,26.4,104975,2932150,16.047496,23238.8,22750.0,22600,ATM-10,PUT,23100,2026-06-11
2026-06-11 13:22:00+05:30,26.35,26.7,26.05,26.7,85865,2937610,15.879778,23228.4,22750.0,22600,ATM-10,PUT,23100,2026-06-11
2026-06-11 13:23:00+05:30,26.7,26.75,24.8,25.3,97695,2938260,15.955613,23243.8,22750.0,22600,ATM-10,PUT,23100,2026-06-11
2026-06-11 13:24:00+05:30,25.35,25.75,25.1,25.3,38415,2917655,15.861435,23239.3,22750.0,22600,ATM-10,PUT,23100,2026-06-11
2026-06-11 13:25:00+05:30,25.0,25.95,24.8,25.9,138645,2906930,15.833436,23232.8,22750.0,22600,ATM-10,PUT,23100,2026-06-11
2026-06-11 13:26:00+05:30,25.85,26.8,25.85,26.3,70005,2892240,15.741674,23225.1,22750.0,22600,ATM-10,PUT,23100,2026-06-11
2026-06-11 13:27:00+05:30,26.3,26.35,25.7,25.8,63245,2878915,15.77042,23230.6,22750.0,22600,ATM-10,PUT,23100,2026-06-11
2026-06-11 13:28:00+05:30,25.8,26.15,25.25,25.45,55055,2896400,15.77813,23233.9,22750.0,22600,ATM-10,PUT,23100,2026-06-11
2026-06-11 13:29:00+05:30,25.45,25.5,25.0,25.3,39520,2898870,15.942285,23242.9,22750.0,22600,ATM-10,PUT,23100,2026-06-11
2026-06-11 13:30:00+05:30,25.15,25.3,23.15,23.65,122330,2887755,15.940383,23257.5,22750.0,22600,ATM-10,PUT,23100,2026-06-11
2026-06-11 13:31:00+05:30,23.8,24.5,23.6,23.6,40625,2859870,15.915148,23256.7,22750.0,22600,ATM-10,PUT,23100,2026-06-11
2026-06-11 13:32:00+05:30,23.5,23.6,22.55,22.55,132665,2859805,15.839284,23262.8,22750.0,22600,ATM-10,PUT,23100,2026-06-11
2026-06-11 13:33:00+05:30,22.65,22.8,21.9,22.75,83330,2828020,15.795718,23258.75,22750.0,22600,ATM-10,PUT,23100,2026-06-11
2026-06-11 13:34:00+05:30,22.85,23.9,22.75,23.9,54665,2821130,15.70259,23243.65,22750.0,22600,ATM-10,PUT,23100,2026-06-11
2026-06-11 13:35:00+05:30,23.85,23.95,23.0,23.1,42380,2816840,15.663188,23249.0,22750.0,22600,ATM-10,PUT,23100,2026-06-11
2026-06-11 13:36:00+05:30,23.15,23.3,22.4,22.4,34840,2814500,15.679771,23256.3,22750.0,22600,ATM-10,PUT,23100,2026-06-11
2026-06-11 13:37:00+05:30,22.4,23.0,22.2,22.55,90285,2793180,15.602513,23251.1,22750.0,22600,ATM-10,PUT,23100,2026-06-11
2026-06-11 13:38:00+05:30,22.5,23.9,22.5,23.55,79820,2773680,15.614134,23242.4,22750.0,22600,ATM-10,PUT,23100,2026-06-11
2026-06-11 13:39:00+05:30,23.65,24.75,23.55,24.4,84630,2766140,15.570373,23232.7,22750.0,22600,ATM-10,PUT,23100,2026-06-11
2026-06-11 13:40:00+05:30,24.2,24.85,23.7,24.7,51545,2768220,15.627722,23232.75,22750.0,22600,ATM-10,PUT,23100,2026-06-11
2026-06-11 13:41:00+05:30,24.75,24.9,24.4,24.65,45045,2760680,15.550694,23229.5,22750.0,22600,ATM-10,PUT,23100,2026-06-11
2026-06-11 13:42:00+05:30,24.6,24.7,24.0,24.55,23790,2762110,15.537451,23229.7,22750.0,22600,ATM-10,PUT,23100,2026-06-11
2026-06-11 13:43:00+05:30,19.95,20.6,19.8,20.2,85670,4116125,15.54519,23219.45,22700.0,22600,ATM-10,PUT,23100,2026-06-11
2026-06-11 13:44:00+05:30,20.15,20.7,19.65,19.8,82550,4131075,15.552645,23223.9,22700.0,22600,ATM-10,PUT,23100,2026-06-11
2026-06-11 13:45:00+05:30,19.7,20.3,19.7,20.25,55705,4141475,15.591804,23221.15,22700.0,22600,ATM-10,PUT,23100,2026-06-11
2026-06-11 13:46:00+05:30,24.9,25.55,24.35,24.35,84760,2736045,15.461972,23227.7,22750.0,22600,ATM-10,PUT,23100,2026-06-11
2026-06-11 13:47:00+05:30,24.15,24.35,23.35,24.05,87685,2702765,15.51385,23232.75,22750.0,22600,ATM-10,PUT,23100,2026-06-11
2026-06-11 13:48:00+05:30,24.05,24.1,23.15,24.0,22880,2705300,15.488608,23231.95,22750.0,22600,ATM-10,PUT,23100,2026-06-11
2026-06-11 13:49:00+05:30,23.85,24.4,23.55,23.9,26325,2709395,15.437197,23230.35,22750.0,22600,ATM-10,PUT,23100,2026-06-11
2026-06-11 13:50:00+05:30,19.3,20.0,19.3,19.9,44330,4111575,15.585214,23224.2,22700.0,22600,ATM-10,PUT,23100,2026-06-11
2026-06-11 13:51:00+05:30,24.2,24.7,23.75,24.0,25480,2721875,15.370109,23226.2,22750.0,22600,ATM-10,PUT,23100,2026-06-11
2026-06-11 13:52:00+05:30,23.9,24.75,23.55,23.55,44785,2719925,15.366096,23229.95,22750.0,22600,ATM-10,PUT,23100,2026-06-11
2026-06-11 13:53:00+05:30,23.8,23.8,23.15,23.35,42250,2713620,15.453136,23235.85,22750.0,22600,ATM-10,PUT,23100,2026-06-11
2026-06-11 13:54:00+05:30,23.35,24.1,23.35,23.55,16770,2702115,15.463484,23234.5,22750.0,22600,ATM-10,PUT,23100,2026-06-11
2026-06-11 13:55:00+05:30,23.85,24.1,23.25,23.25,18720,2702310,15.439188,23236.0,22750.0,22600,ATM-10,PUT,23100,2026-06-11
2026-06-11 13:56:00+05:30,23.4,23.65,22.95,22.95,43875,2700490,15.472845,23240.3,22750.0,22600,ATM-10,PUT,23100,2026-06-11
2026-06-11 13:57:00+05:30,23.05,23.4,22.7,23.1,48165,2683525,15.481522,23239.3,22750.0,22600,ATM-10,PUT,23100,2026-06-11
2026-06-11 13:58:00+05:30,23.05,23.1,22.2,22.3,55315,2669225,15.510279,23248.05,22750.0,22600,ATM-10,PUT,23100,2026-06-11
2026-06-11 13:59:00+05:30,22.45,23.9,22.3,23.6,29900,2667405,15.445989,23233.0,22750.0,22600,ATM-10,PUT,23100,2026-06-11
2026-06-11 14:00:00+05:30,23.6,23.75,22.5,22.6,259480,2638805,15.407313,23240.2,22750.0,22600,ATM-10,PUT,23100,2026-06-11
2026-06-11 14:01:00+05:30,22.8,23.2,22.55,22.95,14040,2631005,15.384557,23235.85,22750.0,22600,ATM-10,PUT,23100,2026-06-11
2026-06-11 14:02:00+05:30,23.15,23.25,22.8,22.9,37505,2622295,15.312201,23232.8,22750.0,22600,ATM-10,PUT,23100,2026-06-11
2026-06-11 14:03:00+05:30,22.85,23.0,22.55,22.85,30615,2630355,15.375668,23236.25,22750.0,22600,ATM-10,PUT,23100,2026-06-11
2026-06-11 14:04:00+05:30,22.85,23.1,22.2,22.65,82225,2625545,15.340399,23236.35,22750.0,22600,ATM-10,PUT,23100,2026-06-11
2026-06-11 14:05:00+05:30,22.65,23.6,22.55,22.9,54340,2617225,15.303433,23232.25,22750.0,22600,ATM-10,PUT,23100,2026-06-11
2026-06-11 14:06:00+05:30,22.9,23.2,22.6,22.8,20410,2617745,15.297845,23232.85,22750.0,22600,ATM-10,PUT,23100,2026-06-11
2026-06-11 14:07:00+05:30,18.3,19.8,18.3,19.75,82940,4344990,15.484859,23220.0,22700.0,22600,ATM-10,PUT,23100,2026-06-11
2026-06-11 14:08:00+05:30,19.75,20.3,19.6,20.25,179400,4343235,15.387879,23210.05,22700.0,22600,ATM-10,PUT,23100,2026-06-11
2026-06-11 14:09:00+05:30,20.4,20.95,19.7,19.8,241280,4330235,15.347499,23212.6,22700.0,22600,ATM-10,PUT,23100,2026-06-11
2026-06-11 14:10:00+05:30,19.75,20.05,19.3,19.85,152815,4379050,15.399329,23214.6,22700.0,22600,ATM-10,PUT,23100,2026-06-11
2026-06-11 14:11:00+05:30,19.95,20.35,19.6,19.75,232115,4370145,15.349049,23213.1,22700.0,22600,ATM-10,PUT,23100,2026-06-11
2026-06-11 14:12:00+05:30,19.7,20.2,19.45,20.0,102960,4308915,15.347123,23210.4,22700.0,22600,ATM-10,PUT,23100,2026-06-11
2026-06-11 14:13:00+05:30,19.75,20.0,18.75,18.9,147680,4291105,15.375687,23223.25,22700.0,22600,ATM-10,PUT,23100,2026-06-11
2026-06-11 14:14:00+05:30,18.85,19.45,18.55,19.4,106145,4273750,15.413679,23219.8,22700.0,22600,ATM-10,PUT,23100,2026-06-11
2026-06-11 14:15:00+05:30,19.35,19.75,19.1,19.3,53040,4254510,15.300791,23215.2,22700.0,22600,ATM-10,PUT,23100,2026-06-11
2026-06-11 14:16:00+05:30,19.2,19.45,18.9,19.45,54210,4259320,15.355498,23216.3,22700.0,22600,ATM-10,PUT,23100,2026-06-11
2026-06-11 14:17:00+05:30,19.45,19.95,19.4,19.8,46215,4257825,15.388277,23214.25,22700.0,22600,ATM-10,PUT,23100,2026-06-11
2026-06-11 14:18:00+05:30,19.8,20.4,19.75,20.2,90935,4254835,15.345067,23208.0,22700.0,22600,ATM-10,PUT,23100,2026-06-11
2026-06-11 14:19:00+05:30,20.25,20.5,19.45,19.45,68770,4245280,15.368351,23216.8,22700.0,22600,ATM-10,PUT,23100,2026-06-11
2026-06-11 14:20:00+05:30,19.45,19.55,18.75,18.95,173810,4306185,15.387843,23223.0,22700.0,22600,ATM-10,PUT,23100,2026-06-11
2026-06-11 14:21:00+05:30,18.9,19.35,18.7,19.35,85800,4317755,15.40857,23219.75,22700.0,22600,ATM-10,PUT,23100,2026-06-11
2026-06-11 14:22:00+05:30,19.4,19.4,18.8,19.3,77805,4360330,15.403943,23220.0,22700.0,22600,ATM-10,PUT,23100,2026-06-11
2026-06-11 14:23:00+05:30,19.25,20.3,19.15,20.15,88400,4384770,15.364825,23209.25,22700.0,22600,ATM-10,PUT,23100,2026-06-11
2026-06-11 14:24:00+05:30,20.25,20.25,19.85,19.95,42835,4374955,15.266485,23206.4,22700.0,22600,ATM-10,PUT,23100,2026-06-11
2026-06-11 14:25:00+05:30,20.0,20.05,19.25,19.4,47060,4378790,15.358298,23216.55,22700.0,22600,ATM-10,PUT,23100,2026-06-11
2026-06-11 14:26:00+05:30,24.0,24.25,23.2,23.2,36400,2589080,15.228238,23225.05,22750.0,22600,ATM-10,PUT,23100,2026-06-11
2026-06-11 14:27:00+05:30,23.4,23.45,22.8,23.1,58630,2590510,15.237636,23226.35,22750.0,22600,ATM-10,PUT,23100,2026-06-11
2026-06-11 14:28:00+05:30,22.5,23.1,20.8,20.9,193700,2577900,15.33296,23251.55,22750.0,22600,ATM-10,PUT,23100,2026-06-11
2026-06-11 14:29:00+05:30,20.75,22.25,20.65,22.25,85800,2595515,15.386056,23241.15,22750.0,22600,ATM-10,PUT,23100,2026-06-11
2026-06-11 14:30:00+05:30,22.35,22.95,21.35,21.35,122720,2609035,15.299323,23245.45,22750.0,22600,ATM-10,PUT,23100,2026-06-11
2026-06-11 14:31:00+05:30,21.45,21.85,21.3,21.75,69160,2580890,15.268551,23240.1,22750.0,22600,ATM-10,PUT,23100,2026-06-11
2026-06-11 14:32:00+05:30,21.8,22.2,21.4,21.4,33150,2577575,15.26981,23243.45,22750.0,22600,ATM-10,PUT,23100,2026-06-11
2026-06-11 14:33:00+05:30,21.8,22.85,21.4,22.85,62660,2565810,15.252416,23229.05,22750.0,22600,ATM-10,PUT,23100,2026-06-11
2026-06-11 14:34:00+05:30,22.75,22.95,22.35,22.6,34905,2559180,15.261112,23231.7,22750.0,22600,ATM-10,PUT,23100,2026-06-11
2026-06-11 14:35:00+05:30,22.55,22.6,21.8,22.6,49205,2561520,15.378013,23237.25,22750.0,22600,ATM-10,PUT,23100,2026-06-11
2026-06-11 14:36:00+05:30,18.0,19.15,18.0,19.15,103740,4396665,15.250007,23213.3,22700.0,22600,ATM-10,PUT,23100,2026-06-11
2026-06-11 14:37:00+05:30,23.85,25.0,23.4,23.75,164320,2555605,15.362548,23226.05,22750.0,22600,ATM-10,PUT,23100,2026-06-11
2026-06-11 14:38:00+05:30,19.2,19.9,18.75,19.7,76700,4353440,15.470823,23218.4,22700.0,22600,ATM-10,PUT,23100,2026-06-11
2026-06-11 14:39:00+05:30,19.65,20.7,19.65,20.05,208975,4344080,15.518532,23217.1,22700.0,22600,ATM-10,PUT,23100,2026-06-11
2026-06-11 14:40:00+05:30,20.05,20.45,19.9,20.2,93730,4357600,15.370423,23208.25,22700.0,22600,ATM-10,PUT,23100,2026-06-11
2026-06-11 14:41:00+05:30,20.2,20.7,20.0,20.05,113685,4357275,15.453349,23213.8,22700.0,22600,ATM-10,PUT,23100,2026-06-11
2026-06-11 14:42:00+05:30,19.95,20.55,19.95,20.45,136305,4362085,15.47264,23210.65,22700.0,22600,ATM-10,PUT,23100,2026-06-11
2026-06-11 14:43:00+05:30,20.55,21.4,20.25,21.4,192595,4317820,15.391295,23197.3,22700.0,22600,ATM-10,PUT,23100,2026-06-11
2026-06-11 14:44:00+05:30,21.35,21.55,20.85,20.85,194090,4279730,15.341765,23200.2,22700.0,22600,ATM-10,PUT,23100,2026-06-11
2026-06-11 14:45:00+05:30,20.75,21.75,20.75,21.6,171535,4290780,15.431848,23197.25,22700.0,22600,ATM-10,PUT,23100,2026-06-11
2026-06-11 14:46:00+05:30,21.55,21.75,20.6,21.75,131625,4279600,15.353538,23192.0,22700.0,22600,ATM-10,PUT,23100,2026-06-11
2026-06-11 14:47:00+05:30,17.45,19.6,17.35,18.95,232180,1539330,15.326087,23167.1,22650.0,22600,ATM-10,PUT,23100,2026-06-11
2026-06-11 14:48:00+05:30,23.45,23.7,21.7,22.05,211120,4176705,15.171215,23180.35,22700.0,22600,ATM-10,PUT,23100,2026-06-11
2026-06-11 14:49:00+05:30,21.8,22.2,21.1,21.65,130325,4178265,15.35942,23193.1,22700.0,22600,ATM-10,PUT,23100,2026-06-11
2026-06-11 14:50:00+05:30,17.6,18.3,17.4,18.25,99385,1524380,15.291037,23172.75,22650.0,22600,ATM-10,PUT,23100,2026-06-11
2026-06-11 14:51:00+05:30,18.15,18.3,17.7,18.1,67730,1536080,15.252104,23172.4,22650.0,22600,ATM-10,PUT,23100,2026-06-11
2026-06-11 14:52:00+05:30,18.0,18.2,17.8,18.15,68705,1518335,15.237972,23171.1,22650.0,22600,ATM-10,PUT,23100,2026-06-11
2026-06-11 14:53:00+05:30,18.0,18.15,17.6,17.7,47450,1507805,15.197606,23174.0,22650.0,22600,ATM-10,PUT,23100,2026-06-11
2026-06-11 14:54:00+05:30,17.6,17.9,17.55,17.6,42900,1518530,15.130502,23171.7,22650.0,22600,ATM-10,PUT,23100,2026-06-11
2026-06-11 14:55:00+05:30,17.65,17.9,17.4,17.45,37505,1513005,15.115924,23172.6,22650.0,22600,ATM-10,PUT,23100,2026-06-11
2026-06-11 14:56:00+05:30,17.5,17.75,17.3,17.65,38870,1513460,15.116517,23170.35,22650.0,22600,ATM-10,PUT,23100,2026-06-11
2026-06-11 14:57:00+05:30,17.65,18.0,17.45,17.55,43290,1517750,15.012505,23166.2,22650.0,22600,ATM-10,PUT,23100,2026-06-11
2026-06-11 14:58:00+05:30,17.55,17.7,17.35,17.45,35360,1523145,15.11667,23172.5,22650.0,22600,ATM-10,PUT,23100,2026-06-11
2026-06-11 14:59:00+05:30,21.7,22.35,21.45,22.25,152295,4157400,15.150781,23177.05,22700.0,22600,ATM-10,PUT,23100,2026-06-11
2026-06-11 15:00:00+05:30,17.65,18.35,16.4,18.3,151060,1484340,14.934197,23154.0,22650.0,22600,ATM-10,PUT,23100,2026-06-11
2026-06-11 15:01:00+05:30,18.45,18.8,17.95,17.95,110175,1481805,14.842352,23153.15,22650.0,22600,ATM-10,PUT,23100,2026-06-11
2026-06-11 15:02:00+05:30,18.1,18.6,17.2,18.05,66300,1486355,14.978565,23158.8,22650.0,22600,ATM-10,PUT,23100,2026-06-11
2026-06-11 15:03:00+05:30,18.05,18.55,17.95,18.15,55900,1489150,14.990119,23158.25,22650.0,22600,ATM-10,PUT,23100,2026-06-11
2026-06-11 15:04:00+05:30,18.3,18.6,17.95,18.5,57070,1489735,14.798537,23145.0,22650.0,22600,ATM-10,PUT,23100,2026-06-11
2026-06-11 15:05:00+05:30,18.6,18.9,18.15,18.35,83070,1466140,14.819093,23147.55,22650.0,22600,ATM-10,PUT,23100,2026-06-11
2026-06-11 15:06:00+05:30,18.2,19.05,18.0,18.8,117195,1451775,14.748889,23139.35,22650.0,22600,ATM-10,PUT,23100,2026-06-11
2026-06-11 15:07:00+05:30,18.85,19.1,18.35,18.45,55445,1444170,14.853375,23148.1,22650.0,22600,ATM-10,PUT,23100,2026-06-11
2026-06-11 15:08:00+05:30,18.4,18.65,17.95,18.65,92170,1450345,14.659019,23136.4,22650.0,22600,ATM-10,PUT,23100,2026-06-11
2026-06-11 15:09:00+05:30,18.8,18.85,18.4,18.4,86385,1429285,14.758385,23143.85,22650.0,22600,ATM-10,PUT,23100,2026-06-11
2026-06-11 15:10:00+05:30,18.2,18.4,17.55,17.55,105755,1410760,14.735039,23151.75,22650.0,22600,ATM-10,PUT,23100,2026-06-11
2026-06-11 15:11:00+05:30,17.5,18.2,17.3,17.95,72605,1401335,14.66882,23144.1,22650.0,22600,ATM-10,PUT,23100,2026-06-11
2026-06-11 15:12:00+05:30,17.95,18.45,17.75,17.8,54665,1404715,14.787379,23151.55,22650.0,22600,ATM-10,PUT,23100,2026-06-11
2026-06-11 15:13:00+05:30,17.8,17.8,17.15,17.2,72540,1406860,14.862376,23161.85,22650.0,22600,ATM-10,PUT,23100,2026-06-11
2026-06-11 15:14:00+05:30,17.1,17.65,16.9,17.6,88790,1384500,15.030982,23165.8,22650.0,22600,ATM-10,PUT,23100,2026-06-11
2026-06-11 15:15:00+05:30,17.8,18.35,17.45,17.45,105560,1363960,15.010592,23166.4,22650.0,22600,ATM-10,PUT,23100,2026-06-11
2026-06-11 15:16:00+05:30,22.0,22.05,20.4,20.4,211185,3951220,14.874985,23180.55,22700.0,22600,ATM-10,PUT,23100,2026-06-11
2026-06-11 15:17:00+05:30,20.25,20.7,20.0,20.3,144755,3911700,14.883655,23181.9,22700.0,22600,ATM-10,PUT,23100,2026-06-11
2026-06-11 15:18:00+05:30,20.25,22.0,20.25,21.75,96850,3906760,15.156827,23181.15,22700.0,22600,ATM-10,PUT,23100,2026-06-11
2026-06-11 15:19:00+05:30,17.3,18.05,17.3,17.45,61425,1366365,15.125885,23172.0,22650.0,22600,ATM-10,PUT,23100,2026-06-11
2026-06-11 15:20:00+05:30,21.9,22.1,21.2,21.35,93015,3898310,15.018602,23178.2,22700.0,22600,ATM-10,PUT,23100,2026-06-11
2026-06-11 15:21:00+05:30,21.3,21.55,20.75,21.25,114465,3909230,14.967499,23176.65,22700.0,22600,ATM-10,PUT,23100,2026-06-11
2026-06-11 15:22:00+05:30,16.85,17.4,16.6,16.8,104130,1385345,14.940497,23169.9,22650.0,22600,ATM-10,PUT,23100,2026-06-11
2026-06-11 15:23:00+05:30,16.8,17.1,16.7,16.7,84370,1379235,14.938463,23170.9,22650.0,22600,ATM-10,PUT,23100,2026-06-11
2026-06-11 15:24:00+05:30,16.6,16.9,16.5,16.7,77805,1371825,14.992797,23173.6,22650.0,22600,ATM-10,PUT,23100,2026-06-11
2026-06-11 15:25:00+05:30,16.8,16.8,15.9,15.9,167960,1363180,14.824592,23174.4,22650.0,22600,ATM-10,PUT,23100,2026-06-11
2026-06-11 15:26:00+05:30,20.2,20.25,19.25,19.3,378690,3969095,14.579041,23176.6,22700.0,22600,ATM-10,PUT,23100,2026-06-11
2026-06-11 15:27:00+05:30,19.3,20.35,19.0,20.0,173550,3968250,14.77414,23179.1,22700.0,22600,ATM-10,PUT,23100,2026-06-11
2026-06-11 15:28:00+05:30,20.0,20.65,19.8,20.5,403065,4104165,14.895455,23180.05,22700.0,22600,ATM-10,PUT,23100,2026-06-11
2026-06-11 15:29:00+05:30,20.6,20.7,19.8,20.0,292890,4061460,14.9295,23186.55,22700.0,22600,ATM-10,PUT,23100,2026-06-11
2026-06-11 09:15:00+05:30,512.3,518.75,497.75,508.0,2795,30810,13.899781,23104.4,22650.0,22650,ATM-9,CALL,23100,2026-06-11
2026-06-11 09:16:00+05:30,499.7,508.0,475.0,475.0,2405,32370,10.972973,23082.3,22650.0,22650,ATM-9,CALL,23100,2026-06-11
2026-06-11 09:17:00+05:30,477.5,483.6,468.95,483.6,2015,32955,10.554654,23092.9,22650.0,22650,ATM-9,CALL,23100,2026-06-11
2026-06-11 09:18:00+05:30,483.05,496.7,483.05,487.9,2080,33280,9.569066,23100.1,22650.0,22650,ATM-9,CALL,23100,2026-06-11
2026-06-11 09:19:00+05:30,488.9,500.0,487.9,491.95,1885,33410,0.0,23115.85,22650.0,22650,ATM-9,CALL,23100,2026-06-11
2026-06-11 09:20:00+05:30,456.6,466.1,448.8,466.1,5785,114530,9.038576,23128.6,22700.0,22650,ATM-9,CALL,23100,2026-06-11
2026-06-11 09:21:00+05:30,465.0,480.95,464.55,477.9,9555,113035,7.997448,23142.45,22700.0,22650,ATM-9,CALL,23100,2026-06-11
2026-06-11 09:22:00+05:30,477.2,481.6,469.3,477.9,3185,112450,7.575393,23142.9,22700.0,22650,ATM-9,CALL,23100,2026-06-11
2026-06-11 09:23:00+05:30,476.05,482.0,475.0,475.0,1365,111670,10.065142,23135.25,22700.0,22650,ATM-9,CALL,23100,2026-06-11
2026-06-11 09:24:00+05:30,516.25,516.25,500.0,500.4,1300,30940,0.0,23116.8,22650.0,22650,ATM-9,CALL,23100,2026-06-11
2026-06-11 09:25:00+05:30,498.25,501.6,497.15,497.15,1755,31070,9.885508,23109.0,22650.0,22650,ATM-9,CALL,23100,2026-06-11
2026-06-11 09:26:00+05:30,495.3,500.7,493.2,496.7,1105,30680,10.291281,23107.5,22650.0,22650,ATM-9,CALL,23100,2026-06-11
2026-06-11 09:27:00+05:30,498.3,499.45,484.85,486.25,2665,30615,7.58882,23101.45,22650.0,22650,ATM-9,CALL,23100,2026-06-11
2026-06-11 09:28:00+05:30,491.4,504.2,486.25,504.2,715,30355,9.255038,23117.6,22650.0,22650,ATM-9,CALL,23100,2026-06-11
2026-06-11 09:29:00+05:30,504.35,508.9,504.2,505.25,390,30290,0.0,23121.9,22650.0,22650,ATM-9,CALL,23100,2026-06-11
2026-06-11 09:30:00+05:30,503.1,505.25,493.25,495.35,650,30225,7.950982,23110.35,22650.0,22650,ATM-9,CALL,23100,2026-06-11
2026-06-11 09:31:00+05:30,492.9,499.3,486.85,499.3,1495,30355,0.0,23116.9,22650.0,22650,ATM-9,CALL,23100,2026-06-11
2026-06-11 09:32:00+05:30,504.45,506.3,499.3,503.05,520,29900,10.373415,23113.95,22650.0,22650,ATM-9,CALL,23100,2026-06-11
2026-06-11 09:33:00+05:30,493.7,503.05,482.95,483.2,1755,30290,0.0,23101.6,22650.0,22650,ATM-9,CALL,23100,2026-06-11
2026-06-11 09:34:00+05:30,484.05,493.05,483.1,491.9,1690,29965,0.0,23109.65,22650.0,22650,ATM-9,CALL,23100,2026-06-11
2026-06-11 09:35:00+05:30,490.65,491.9,485.75,485.75,455,29705,9.980908,23096.95,22650.0,22650,ATM-9,CALL,23100,2026-06-11
2026-06-11 09:36:00+05:30,478.5,492.5,478.5,492.5,1365,29770,0.0,23112.35,22650.0,22650,ATM-9,CALL,23100,2026-06-11
2026-06-11 09:37:00+05:30,495.0,501.35,492.0,501.35,1105,30225,0.0,23119.35,22650.0,22650,ATM-9,CALL,23100,2026-06-11
2026-06-11 09:38:00+05:30,455.8,467.9,455.8,464.4,15925,123370,6.746622,23129.95,22700.0,22650,ATM-9,CALL,23100,2026-06-11
2026-06-11 09:39:00+05:30,464.85,473.15,464.4,468.55,5850,123435,8.452867,23132.35,22700.0,22650,ATM-9,CALL,23100,2026-06-11
2026-06-11 09:40:00+05:30,506.65,510.05,503.15,503.15,195,30290,0.0,23119.75,22650.0,22650,ATM-9,CALL,23100,2026-06-11
2026-06-11 09:41:00+05:30,503.15,503.15,497.55,502.0,1820,30420,0.0,23120.35,22650.0,22650,ATM-9,CALL,23100,2026-06-11
2026-06-11 09:42:00+05:30,500.4,502.15,497.0,497.3,715,30810,0.0,23120.0,22650.0,22650,ATM-9,CALL,23100,2026-06-11
2026-06-11 09:43:00+05:30,455.8,476.5,453.1,475.8,1170,125905,7.017125,23141.3,22700.0,22650,ATM-9,CALL,23100,2026-06-11
2026-06-11 09:44:00+05:30,479.0,480.0,475.8,477.1,3835,125710,0.0,23144.25,22700.0,22650,ATM-9,CALL,23100,2026-06-11
2026-06-11 09:45:00+05:30,478.3,484.75,471.65,479.0,3380,124930,0.0,23145.65,22700.0,22650,ATM-9,CALL,23100,2026-06-11
2026-06-11 09:46:00+05:30,479.2,485.9,476.5,482.85,5070,124865,0.0,23154.45,22700.0,22650,ATM-9,CALL,23100,2026-06-11
2026-06-11 09:47:00+05:30,485.6,485.6,478.0,478.0,650,125060,0.0,23149.7,22700.0,22650,ATM-9,CALL,23100,2026-06-11
2026-06-11 09:48:00+05:30,479.1,479.1,471.8,473.0,2210,125580,0.0,23141.5,22700.0,22650,ATM-9,CALL,23100,2026-06-11
2026-06-11 09:49:00+05:30,473.75,481.8,473.0,481.6,1170,125125,0.0,23153.3,22700.0,22650,ATM-9,CALL,23100,2026-06-11
2026-06-11 09:50:00+05:30,481.2,495.75,474.55,494.35,4095,125385,0.0,23162.9,22700.0,22650,ATM-9,CALL,23100,2026-06-11
2026-06-11 09:51:00+05:30,489.35,498.55,489.35,494.85,2795,124085,0.0,23167.5,22700.0,22650,ATM-9,CALL,23100,2026-06-11
2026-06-11 09:52:00+05:30,494.85,499.0,493.0,496.05,1235,123630,0.0,23170.8,22700.0,22650,ATM-9,CALL,23100,2026-06-11
2026-06-11 09:53:00+05:30,498.95,500.0,494.8,497.3,3315,123825,0.0,23172.3,22700.0,22650,ATM-9,CALL,23100,2026-06-11
2026-06-11 09:54:00+05:30,494.1,497.3,481.7,482.1,1300,123110,0.0,23152.35,22700.0,22650,ATM-9,CALL,23100,2026-06-11
2026-06-11 09:55:00+05:30,482.1,482.1,472.35,476.7,2275,122850,7.566466,23141.85,22700.0,22650,ATM-9,CALL,23100,2026-06-11
2026-06-11 09:56:00+05:30,479.15,481.6,471.55,471.55,10010,122980,0.0,23140.5,22700.0,22650,ATM-9,CALL,23100,2026-06-11
2026-06-11 09:57:00+05:30,469.25,471.85,462.85,464.0,2210,124150,0.0,23131.15,22700.0,22650,ATM-9,CALL,23100,2026-06-11
2026-06-11 09:58:00+05:30,504.85,506.3,497.95,497.95,195,31200,0.0,23114.7,22650.0,22650,ATM-9,CALL,23100,2026-06-11
2026-06-11 09:59:00+05:30,497.0,503.2,494.0,497.85,975,31265,0.0,23117.6,22650.0,22650,ATM-9,CALL,23100,2026-06-11
2026-06-11 10:00:00+05:30,452.65,461.7,450.75,461.15,2925,125320,0.0,23130.2,22700.0,22650,ATM-9,CALL,23100,2026-06-11
2026-06-11 10:01:00+05:30,466.25,466.25,461.15,463.25,1885,126425,0.0,23132.5,22700.0,22650,ATM-9,CALL,23100,2026-06-11
2026-06-11 10:02:00+05:30,509.8,509.8,508.2,509.8,65,31915,9.602462,23122.9,22650.0,22650,ATM-9,CALL,23100,2026-06-11
2026-06-11 10:03:00+05:30,498.0,509.8,498.0,498.0,65,31980,0.0,23120.85,22650.0,22650,ATM-9,CALL,23100,2026-06-11
2026-06-11 10:04:00+05:30,500.5,500.5,493.5,493.5,195,31980,8.039502,23108.55,22650.0,22650,ATM-9,CALL,23100,2026-06-11
2026-06-11 10:05:00+05:30,484.1,495.25,484.1,492.95,780,31460,0.0,23112.05,22650.0,22650,ATM-9,CALL,23100,2026-06-11
2026-06-11 10:06:00+05:30,448.0,469.0,448.0,469.0,4420,126945,0.0,23137.3,22700.0,22650,ATM-9,CALL,23100,2026-06-11
2026-06-11 10:07:00+05:30,468.35,480.0,464.5,480.0,12285,125710,0.0,23147.8,22700.0,22650,ATM-9,CALL,23100,2026-06-11
2026-06-11 10:08:00+05:30,475.0,488.1,475.0,488.1,3640,124735,0.0,23156.9,22700.0,22650,ATM-9,CALL,23100,2026-06-11
2026-06-11 10:09:00+05:30,491.0,491.9,484.9,486.0,2600,122850,0.0,23156.95,22700.0,22650,ATM-9,CALL,23100,2026-06-11
2026-06-11 10:10:00+05:30,486.3,493.5,484.9,486.55,1625,123175,0.0,23158.3,22700.0,22650,ATM-9,CALL,23100,2026-06-11
2026-06-11 10:11:00+05:30,489.55,493.55,486.55,493.55,975,122785,0.0,23163.0,22700.0,22650,ATM-9,CALL,23100,2026-06-11
2026-06-11 10:12:00+05:30,493.45,493.55,488.4,488.4,2405,124345,0.0,23156.65,22700.0,22650,ATM-9,CALL,23100,2026-06-11
2026-06-11 10:13:00+05:30,484.75,491.65,484.0,491.65,2405,124475,0.0,23159.75,22700.0,22650,ATM-9,CALL,23100,2026-06-11
2026-06-11 10:14:00+05:30,493.85,493.85,475.85,475.85,1040,124605,0.0,23147.5,22700.0,22650,ATM-9,CALL,23100,2026-06-11
2026-06-11 10:15:00+05:30,485.4,488.1,475.85,488.1,455,124930,0.0,23157.9,22700.0,22650,ATM-9,CALL,23100,2026-06-11
2026-06-11 10:16:00+05:30,491.0,498.45,488.1,496.5,2925,124995,0.0,23164.95,22700.0,22650,ATM-9,CALL,23100,2026-06-11
2026-06-11 10:17:00+05:30,493.0,499.0,493.0,496.65,1105,124605,0.0,23169.15,22700.0,22650,ATM-9,CALL,23100,2026-06-11
2026-06-11 10:18:00+05:30,498.6,505.6,496.65,505.6,3965,125320,0.0,23173.0,22700.0,22650,ATM-9,CALL,23100,2026-06-11
2026-06-11 10:19:00+05:30,460.7,468.35,460.0,467.95,845,37050,7.419412,23183.15,22750.0,22650,ATM-9,CALL,23100,2026-06-11
2026-06-11 10:20:00+05:30,465.8,475.0,463.4,473.7,845,36920,0.0,23190.25,22750.0,22650,ATM-9,CALL,23100,2026-06-11
2026-06-11 10:21:00+05:30,475.45,475.45,464.5,464.5,390,37115,0.0,23182.15,22750.0,22650,ATM-9,CALL,23100,2026-06-11
2026-06-11 10:22:00+05:30,465.65,465.65,462.55,462.9,260,37050,0.0,23179.9,22750.0,22650,ATM-9,CALL,23100,2026-06-11
2026-06-11 10:23:00+05:30,465.0,466.05,462.4,466.05,1170,36725,7.043275,23181.55,22750.0,22650,ATM-9,CALL,23100,2026-06-11
2026-06-11 10:24:00+05:30,465.2,466.05,462.45,462.45,195,36725,0.0,23179.75,22750.0,22650,ATM-9,CALL,23100,2026-06-11
2026-06-11 10:25:00+05:30,462.3,462.45,461.55,461.55,195,37050,0.0,23179.35,22750.0,22650,ATM-9,CALL,23100,2026-06-11
2026-06-11 10:26:00+05:30,462.45,474.45,461.55,474.45,260,37245,0.0,23193.15,22750.0,22650,ATM-9,CALL,23100,2026-06-11
2026-06-11 10:27:00+05:30,474.95,490.0,474.45,490.0,1040,37115,0.0,23207.6,22750.0,22650,ATM-9,CALL,23100,2026-06-11
2026-06-11 10:28:00+05:30,483.8,490.0,483.8,483.8,65,37115,7.15673,23199.4,22750.0,22650,ATM-9,CALL,23100,2026-06-11
2026-06-11 10:29:00+05:30,480.4,484.15,480.4,484.15,325,36790,7.518453,23199.5,22750.0,22650,ATM-9,CALL,23100,2026-06-11
2026-06-11 10:30:00+05:30,483.3,488.65,468.0,468.0,715,37115,0.0,23188.9,22750.0,22650,ATM-9,CALL,23100,2026-06-11
2026-06-11 10:31:00+05:30,470.9,478.1,467.15,477.2,2275,38935,0.0,23199.15,22750.0,22650,ATM-9,CALL,23100,2026-06-11
2026-06-11 10:32:00+05:30,476.3,485.75,476.3,485.0,520,38805,0.0,23204.0,22750.0,22650,ATM-9,CALL,23100,2026-06-11
2026-06-11 10:33:00+05:30,480.5,485.0,477.25,480.0,195,38610,0.0,23198.95,22750.0,22650,ATM-9,CALL,23100,2026-06-11
2026-06-11 10:34:00+05:30,480.0,480.0,480.0,480.0,0,38610,0.0,23200.8,22750.0,22650,ATM-9,CALL,23100,2026-06-11
2026-06-11 10:35:00+05:30,478.8,485.9,478.8,485.9,585,38480,7.382376,23201.4,22750.0,22650,ATM-9,CALL,23100,2026-06-11
2026-06-11 10:36:00+05:30,475.0,485.9,473.9,473.9,455,38740,0.0,23196.2,22750.0,22650,ATM-9,CALL,23100,2026-06-11
2026-06-11 10:37:00+05:30,477.9,478.25,473.9,474.8,585,38545,0.0,23191.9,22750.0,22650,ATM-9,CALL,23100,2026-06-11
2026-06-11 10:38:00+05:30,477.0,478.0,474.8,478.0,195,38545,0.0,23199.1,22750.0,22650,ATM-9,CALL,23100,2026-06-11
2026-06-11 10:39:00+05:30,478.0,478.0,478.0,478.0,0,38545,0.0,23207.45,22750.0,22650,ATM-9,CALL,23100,2026-06-11
2026-06-11 10:40:00+05:30,478.0,478.0,478.0,478.0,0,38545,0.0,23212.4,22750.0,22650,ATM-9,CALL,23100,2026-06-11
2026-06-11 10:41:00+05:30,491.0,491.0,478.0,478.95,455,38220,0.0,23203.45,22750.0,22650,ATM-9,CALL,23100,2026-06-11
2026-06-11 10:42:00+05:30,480.0,480.95,477.9,477.9,455,37830,0.0,23205.85,22750.0,22650,ATM-9,CALL,23100,2026-06-11
2026-06-11 10:43:00+05:30,482.7,485.35,477.9,485.35,195,37830,0.0,23202.1,22750.0,22650,ATM-9,CALL,23100,2026-06-11
2026-06-11 10:44:00+05:30,479.15,485.35,479.15,479.15,65,37830,0.0,23204.85,22750.0,22650,ATM-9,CALL,23100,2026-06-11
2026-06-11 10:45:00+05:30,475.25,479.15,475.25,476.8,195,37895,0.0,23204.6,22750.0,22650,ATM-9,CALL,23100,2026-06-11
2026-06-11 10:46:00+05:30,486.0,486.15,476.8,485.85,520,37635,0.0,23206.6,22750.0,22650,ATM-9,CALL,23100,2026-06-11
2026-06-11 10:47:00+05:30,481.75,486.85,481.35,486.85,390,37765,0.0,23210.35,22750.0,22650,ATM-9,CALL,23100,2026-06-11
2026-06-11 10:48:00+05:30,485.2,486.85,485.2,485.2,195,37765,0.0,23205.7,22750.0,22650,ATM-9,CALL,23100,2026-06-11
2026-06-11 10:49:00+05:30,478.35,485.2,478.35,478.5,195,37960,7.663713,23193.75,22750.0,22650,ATM-9,CALL,23100,2026-06-11
2026-06-11 10:50:00+05:30,471.15,478.5,464.85,464.85,390,37765,0.0,23186.4,22750.0,22650,ATM-9,CALL,23100,2026-06-11
2026-06-11 10:51:00+05:30,474.65,474.65,464.85,472.5,195,37570,0.0,23190.0,22750.0,22650,ATM-9,CALL,23100,2026-06-11
2026-06-11 10:52:00+05:30,470.15,477.05,470.15,477.05,650,37570,9.981596,23188.05,22750.0,22650,ATM-9,CALL,23100,2026-06-11
2026-06-11 10:53:00+05:30,510.35,513.75,503.0,503.8,780,116350,0.0,23174.9,22700.0,22650,ATM-9,CALL,23100,2026-06-11
2026-06-11 10:54:00+05:30,502.5,503.8,498.9,501.95,975,116155,0.0,23174.7,22700.0,22650,ATM-9,CALL,23100,2026-06-11
2026-06-11 10:55:00+05:30,503.4,503.4,498.8,501.6,845,116610,0.0,23173.2,22700.0,22650,ATM-9,CALL,23100,2026-06-11
2026-06-11 10:56:00+05:30,459.65,459.65,457.25,457.25,130,37570,0.0,23179.8,22750.0,22650,ATM-9,CALL,23100,2026-06-11
2026-06-11 10:57:00+05:30,464.9,464.9,457.25,463.65,325,37505,8.637221,23177.3,22750.0,22650,ATM-9,CALL,23100,2026-06-11
2026-06-11 10:58:00+05:30,460.0,463.65,460.0,461.05,195,37375,8.014336,23175.65,22750.0,22650,ATM-9,CALL,23100,2026-06-11
2026-06-11 10:59:00+05:30,461.05,461.05,461.05,461.05,0,37375,7.19792,23176.55,22750.0,22650,ATM-9,CALL,23100,2026-06-11
2026-06-11 11:00:00+05:30,500.2,500.2,500.2,500.2,0,116480,0.0,23169.45,22700.0,22650,ATM-9,CALL,23100,2026-06-11
2026-06-11 11:01:00+05:30,493.85,500.75,493.15,496.0,1040,116415,0.0,23167.15,22700.0,22650,ATM-9,CALL,23100,2026-06-11
2026-06-11 11:02:00+05:30,497.85,498.85,496.0,497.1,390,116220,0.0,23167.9,22700.0,22650,ATM-9,CALL,23100,2026-06-11
2026-06-11 11:03:00+05:30,453.7,453.95,453.7,453.7,65,37180,0.0,23180.45,22750.0,22650,ATM-9,CALL,23100,2026-06-11
2026-06-11 11:04:00+05:30,466.9,467.75,453.7,462.1,520,36985,0.0,23181.6,22750.0,22650,ATM-9,CALL,23100,2026-06-11
2026-06-11 11:05:00+05:30,469.45,482.0,462.1,480.15,650,36985,0.0,23199.8,22750.0,22650,ATM-9,CALL,23100,2026-06-11
2026-06-11 11:06:00+05:30,482.65,484.1,474.1,483.9,715,36855,0.0,23204.2,22750.0,22650,ATM-9,CALL,23100,2026-06-11
2026-06-11 11:07:00+05:30,486.0,486.0,473.3,473.3,715,36530,0.0,23190.05,22750.0,22650,ATM-9,CALL,23100,2026-06-11
2026-06-11 11:08:00+05:30,469.8,473.3,469.8,469.8,65,36530,0.0,23194.8,22750.0,22650,ATM-9,CALL,23100,2026-06-11
2026-06-11 11:09:00+05:30,472.3,472.3,465.4,465.4,455,36595,0.0,23193.55,22750.0,22650,ATM-9,CALL,23100,2026-06-11
2026-06-11 11:10:00+05:30,467.75,467.75,465.4,467.75,65,36595,0.0,23191.5,22750.0,22650,ATM-9,CALL,23100,2026-06-11
2026-06-11 11:11:00+05:30,467.75,467.75,467.75,467.75,0,36595,0.0,23189.2,22750.0,22650,ATM-9,CALL,23100,2026-06-11
2026-06-11 11:12:00+05:30,468.25,468.25,467.75,468.25,130,36595,0.0,23187.0,22750.0,22650,ATM-9,CALL,23100,2026-06-11
2026-06-11 11:13:00+05:30,468.35,468.35,468.25,468.35,195,36270,0.0,23185.25,22750.0,22650,ATM-9,CALL,23100,2026-06-11
2026-06-11 11:14:00+05:30,470.65,470.65,468.35,470.65,195,36270,9.320872,23183.2,22750.0,22650,ATM-9,CALL,23100,2026-06-11
2026-06-11 11:15:00+05:30,470.65,470.65,470.65,470.65,0,36400,0.0,23188.25,22750.0,22650,ATM-9,CALL,23100,2026-06-11
2026-06-11 11:16:00+05:30,470.75,470.75,470.65,470.75,130,36400,0.0,23189.45,22750.0,22650,ATM-9,CALL,23100,2026-06-11
2026-06-11 11:17:00+05:30,471.9,471.9,470.75,471.9,65,36465,0.0,23193.95,22750.0,22650,ATM-9,CALL,23100,2026-06-11
2026-06-11 11:18:00+05:30,477.0,482.4,471.9,482.4,520,36530,0.0,23205.15,22750.0,22650,ATM-9,CALL,23100,2026-06-11
2026-06-11 11:19:00+05:30,486.05,487.5,482.4,487.5,325,36530,6.994725,23203.45,22750.0,22650,ATM-9,CALL,23100,2026-06-11
2026-06-11 11:20:00+05:30,477.25,490.0,477.25,490.0,195,36400,0.0,23212.55,22750.0,22650,ATM-9,CALL,23100,2026-06-11
2026-06-11 11:21:00+05:30,491.65,502.3,490.0,502.3,455,36205,0.0,23220.3,22750.0,22650,ATM-9,CALL,23100,2026-06-11
2026-06-11 11:22:00+05:30,499.55,502.3,494.9,496.2,910,36465,0.0,23214.1,22750.0,22650,ATM-9,CALL,23100,2026-06-11
2026-06-11 11:23:00+05:30,496.3,496.3,493.4,493.4,1300,36335,0.0,23213.05,22750.0,22650,ATM-9,CALL,23100,2026-06-11
2026-06-11 11:24:00+05:30,489.85,494.45,489.85,494.45,260,36920,0.0,23218.5,22750.0,22650,ATM-9,CALL,23100,2026-06-11
2026-06-11 11:25:00+05:30,497.2,501.5,494.45,494.45,1430,37440,0.0,23215.8,22750.0,22650,ATM-9,CALL,23100,2026-06-11
2026-06-11 11:26:00+05:30,452.75,464.75,452.2,464.75,6435,220545,8.625048,23228.5,22800.0,22650,ATM-9,CALL,23100,2026-06-11
2026-06-11 11:27:00+05:30,467.9,476.0,464.75,472.85,12285,215345,9.84977,23234.1,22800.0,22650,ATM-9,CALL,23100,2026-06-11
2026-06-11 11:28:00+05:30,473.9,475.95,469.15,474.55,5720,211185,9.788339,23236.05,22800.0,22650,ATM-9,CALL,23100,2026-06-11
2026-06-11 11:29:00+05:30,471.7,474.55,466.0,474.55,8060,215150,10.007039,23235.45,22800.0,22650,ATM-9,CALL,23100,2026-06-11
2026-06-11 11:30:00+05:30,476.0,480.0,470.3,470.3,6175,213005,6.813369,23236.2,22800.0,22650,ATM-9,CALL,23100,2026-06-11
2026-06-11 11:31:00+05:30,475.15,475.15,463.05,466.45,3315,211640,10.217369,23226.3,22800.0,22650,ATM-9,CALL,23100,2026-06-11
2026-06-11 11:32:00+05:30,465.3,466.45,460.0,464.7,5395,211900,9.651582,23226.15,22800.0,22650,ATM-9,CALL,23100,2026-06-11
2026-06-11 11:33:00+05:30,466.05,473.0,464.7,472.2,2730,212875,9.815758,23233.55,22800.0,22650,ATM-9,CALL,23100,2026-06-11
2026-06-11 11:34:00+05:30,469.1,472.2,462.0,462.0,910,213070,8.254228,23226.35,22800.0,22650,ATM-9,CALL,23100,2026-06-11
2026-06-11 11:35:00+05:30,461.0,467.5,458.55,467.5,2730,213850,0.0,23234.35,22800.0,22650,ATM-9,CALL,23100,2026-06-11
2026-06-11 11:36:00+05:30,509.05,510.45,501.0,501.0,910,35165,0.0,23221.65,22750.0,22650,ATM-9,CALL,23100,2026-06-11
2026-06-11 11:37:00+05:30,503.45,505.4,501.0,503.35,2145,36270,8.702299,23218.05,22750.0,22650,ATM-9,CALL,23100,2026-06-11
2026-06-11 11:38:00+05:30,501.7,503.35,494.75,494.75,585,37375,0.0,23215.3,22750.0,22650,ATM-9,CALL,23100,2026-06-11
2026-06-11 11:39:00+05:30,494.75,501.3,494.0,501.3,325,37375,0.0,23222.95,22750.0,22650,ATM-9,CALL,23100,2026-06-11
2026-06-11 11:40:00+05:30,501.25,501.45,501.0,501.0,325,37245,0.0,23223.05,22750.0,22650,ATM-9,CALL,23100,2026-06-11
2026-06-11 11:41:00+05:30,457.25,465.25,457.0,465.25,2600,216320,7.817115,23230.3,22800.0,22650,ATM-9,CALL,23100,2026-06-11
2026-06-11 11:42:00+05:30,466.15,483.2,465.25,483.2,5460,217230,10.001039,23244.6,22800.0,22650,ATM-9,CALL,23100,2026-06-11
2026-06-11 11:43:00+05:30,480.2,483.2,473.15,478.0,2210,217230,8.985386,23241.55,22800.0,22650,ATM-9,CALL,23100,2026-06-11
2026-06-11 11:44:00+05:30,476.3,489.85,476.3,489.85,9815,214825,9.007186,23253.7,22800.0,22650,ATM-9,CALL,23100,2026-06-11
2026-06-11 11:45:00+05:30,492.5,494.0,486.45,490.75,12220,207350,9.317527,23254.05,22800.0,22650,ATM-9,CALL,23100,2026-06-11
2026-06-11 11:46:00+05:30,488.75,493.0,487.75,493.0,3250,206310,8.436515,23257.8,22800.0,22650,ATM-9,CALL,23100,2026-06-11
2026-06-11 11:47:00+05:30,493.0,510.85,490.8,509.95,8125,204425,11.191557,23269.2,22800.0,22650,ATM-9,CALL,23100,2026-06-11
2026-06-11 11:48:00+05:30,511.5,511.5,498.35,503.75,5850,203580,8.749467,23268.35,22800.0,22650,ATM-9,CALL,23100,2026-06-11
2026-06-11 11:49:00+05:30,501.45,503.75,495.35,498.9,1625,204360,6.22821,23265.2,22800.0,22650,ATM-9,CALL,23100,2026-06-11
2026-06-11 11:50:00+05:30,503.0,507.1,498.9,505.0,5330,206635,0.0,23273.8,22800.0,22650,ATM-9,CALL,23100,2026-06-11
2026-06-11 11:51:00+05:30,507.4,508.4,501.2,501.2,1430,206765,0.0,23268.9,22800.0,22650,ATM-9,CALL,23100,2026-06-11
2026-06-11 11:52:00+05:30,502.15,503.25,498.15,501.4,1040,206765,0.0,23270.1,22800.0,22650,ATM-9,CALL,23100,2026-06-11
2026-06-11 11:53:00+05:30,504.1,506.9,501.4,505.0,1235,207545,0.0,23274.1,22800.0,22650,ATM-9,CALL,23100,2026-06-11
2026-06-11 11:54:00+05:30,508.0,512.0,502.45,502.65,2860,205920,0.0,23272.95,22800.0,22650,ATM-9,CALL,23100,2026-06-11
2026-06-11 11:55:00+05:30,505.85,509.55,502.65,506.05,650,206245,0.0,23273.8,22800.0,22650,ATM-9,CALL,23100,2026-06-11
2026-06-11 11:56:00+05:30,461.1,479.85,460.2,477.3,7735,62660,10.948767,23285.3,22850.0,22650,ATM-9,CALL,23100,2026-06-11
2026-06-11 11:57:00+05:30,478.4,478.4,473.1,473.15,1235,62660,9.668035,23284.95,22850.0,22650,ATM-9,CALL,23100,2026-06-11
2026-06-11 11:58:00+05:30,475.4,484.35,473.15,475.75,975,61100,7.870305,23290.9,22850.0,22650,ATM-9,CALL,23100,2026-06-11
2026-06-11 11:59:00+05:30,475.95,475.95,475.75,475.95,260,61100,11.141071,23283.15,22850.0,22650,ATM-9,CALL,23100,2026-06-11
2026-06-11 12:00:00+05:30,475.95,475.95,470.45,470.45,325,60775,8.554914,23284.55,22850.0,22650,ATM-9,CALL,23100,2026-06-11
2026-06-11 12:01:00+05:30,471.95,477.5,470.45,476.35,585,60775,9.571284,23288.55,22850.0,22650,ATM-9,CALL,23100,2026-06-11
2026-06-11 12:02:00+05:30,477.25,477.85,473.15,473.65,910,60905,9.58996,23285.7,22850.0,22650,ATM-9,CALL,23100,2026-06-11
2026-06-11 12:03:00+05:30,473.65,477.2,473.65,477.2,910,61555,9.333329,23290.0,22850.0,22650,ATM-9,CALL,23100,2026-06-11
2026-06-11 12:04:00+05:30,475.65,477.2,474.3,474.3,130,62075,9.462482,23286.7,22850.0,22650,ATM-9,CALL,23100,2026-06-11
2026-06-11 12:05:00+05:30,473.15,474.3,463.3,463.3,520,62010,0.0,23281.15,22850.0,22650,ATM-9,CALL,23100,2026-06-11
2026-06-11 12:06:00+05:30,467.5,471.45,463.3,471.45,1885,61815,10.071589,23282.1,22850.0,22650,ATM-9,CALL,23100,2026-06-11
2026-06-11 12:07:00+05:30,470.75,480.25,470.25,480.25,2080,62465,10.420768,23290.3,22850.0,22650,ATM-9,CALL,23100,2026-06-11
2026-06-11 12:08:00+05:30,480.25,480.25,470.0,470.0,910,62465,8.186303,23284.7,22850.0,22650,ATM-9,CALL,23100,2026-06-11
2026-06-11 12:09:00+05:30,469.2,470.0,469.2,469.2,65,62270,8.593039,23283.25,22850.0,22650,ATM-9,CALL,23100,2026-06-11
2026-06-11 12:10:00+05:30,471.7,471.7,466.95,466.95,520,62270,9.614054,23278.7,22850.0,22650,ATM-9,CALL,23100,2026-06-11
2026-06-11 12:11:00+05:30,468.8,468.8,464.85,464.85,520,62985,9.199176,23277.55,22850.0,22650,ATM-9,CALL,23100,2026-06-11
2026-06-11 12:12:00+05:30,464.9,464.9,464.85,464.85,325,62985,0.0,23283.25,22850.0,22650,ATM-9,CALL,23100,2026-06-11
2026-06-11 12:13:00+05:30,471.95,472.25,464.85,472.25,455,62985,8.563277,23286.45,22850.0,22650,ATM-9,CALL,23100,2026-06-11
2026-06-11 12:14:00+05:30,468.6,472.25,468.6,472.25,195,62985,7.755274,23287.55,22850.0,22650,ATM-9,CALL,23100,2026-06-11
2026-06-11 12:15:00+05:30,480.7,492.0,472.25,484.55,2860,62530,0.0,23301.1,22850.0,22650,ATM-9,CALL,23100,2026-06-11
2026-06-11 12:16:00+05:30,489.7,489.7,484.55,488.7,780,62400,7.555051,23304.4,22850.0,22650,ATM-9,CALL,23100,2026-06-11
2026-06-11 12:17:00+05:30,492.3,495.0,483.3,487.45,1105,62790,10.517102,23297.65,22850.0,22650,ATM-9,CALL,23100,2026-06-11
2026-06-11 12:18:00+05:30,483.85,487.45,479.4,479.4,845,63115,8.212361,23294.3,22850.0,22650,ATM-9,CALL,23100,2026-06-11
2026-06-11 12:19:00+05:30,478.95,479.4,473.95,473.95,390,62790,7.550256,23289.5,22850.0,22650,ATM-9,CALL,23100,2026-06-11
2026-06-11 12:20:00+05:30,469.2,473.95,467.9,467.9,520,62790,6.777396,23283.95,22850.0,22650,ATM-9,CALL,23100,2026-06-11
2026-06-11 12:21:00+05:30,471.1,472.9,467.9,468.0,910,62465,7.816549,23283.2,22850.0,22650,ATM-9,CALL,23100,2026-06-11
2026-06-11 12:22:00+05:30,472.2,476.05,468.0,475.35,1430,62920,9.684373,23287.35,22850.0,22650,ATM-9,CALL,23100,2026-06-11
2026-06-11 12:23:00+05:30,478.7,481.3,475.35,479.8,260,63505,9.068747,23293.35,22850.0,22650,ATM-9,CALL,23100,2026-06-11
2026-06-11 12:24:00+05:30,479.8,479.8,479.8,479.8,0,63505,9.781937,23291.75,22850.0,22650,ATM-9,CALL,23100,2026-06-11
2026-06-11 12:25:00+05:30,471.45,479.8,471.45,472.55,195,63570,6.67891,23288.7,22850.0,22650,ATM-9,CALL,23100,2026-06-11
2026-06-11 12:26:00+05:30,477.0,479.85,472.55,479.85,260,63570,9.434233,23292.65,22850.0,22650,ATM-9,CALL,23100,2026-06-11
2026-06-11 12:27:00+05:30,476.8,481.0,476.8,481.0,650,63765,9.847554,23292.85,22850.0,22650,ATM-9,CALL,23100,2026-06-11
2026-06-11 12:28:00+05:30,479.35,485.5,476.0,485.5,260,63895,8.0046,23300.8,22850.0,22650,ATM-9,CALL,23100,2026-06-11
2026-06-11 12:29:00+05:30,485.5,485.5,485.5,485.5,130,63895,9.828025,23297.6,22850.0,22650,ATM-9,CALL,23100,2026-06-11
2026-06-11 12:30:00+05:30,489.9,494.55,485.5,492.0,845,64025,9.061958,23305.95,22850.0,22650,ATM-9,CALL,23100,2026-06-11
2026-06-11 12:31:00+05:30,491.1,502.95,490.6,502.45,1495,63765,9.44352,23316.0,22850.0,22650,ATM-9,CALL,23100,2026-06-11
2026-06-11 12:32:00+05:30,502.35,508.25,502.35,504.5,1820,64090,7.979909,23320.1,22850.0,22650,ATM-9,CALL,23100,2026-06-11
2026-06-11 12:33:00+05:30,504.55,505.75,501.45,505.3,1300,63635,10.670326,23316.05,22850.0,22650,ATM-9,CALL,23100,2026-06-11
2026-06-11 12:34:00+05:30,503.5,505.3,500.0,505.0,650,64285,0.0,23322.05,22850.0,22650,ATM-9,CALL,23100,2026-06-11
2026-06-11 12:35:00+05:30,510.0,510.0,494.3,497.85,520,64025,8.209595,23313.15,22850.0,22650,ATM-9,CALL,23100,2026-06-11
2026-06-11 12:36:00+05:30,499.25,499.25,494.25,495.8,1560,64025,10.05363,23307.8,22850.0,22650,ATM-9,CALL,23100,2026-06-11
2026-06-11 12:37:00+05:30,495.4,495.8,487.5,487.5,2015,65130,11.816969,23293.1,22850.0,22650,ATM-9,CALL,23100,2026-06-11
2026-06-11 12:38:00+05:30,488.95,489.8,483.7,483.7,1105,66560,10.575806,23293.65,22850.0,22650,ATM-9,CALL,23100,2026-06-11
2026-06-11 12:39:00+05:30,488.65,491.2,483.7,491.2,455,66755,11.683301,23297.65,22850.0,22650,ATM-9,CALL,23100,2026-06-11
2026-06-11 12:40:00+05:30,490.0,491.2,488.0,488.0,1105,66430,10.670251,23297.9,22850.0,22650,ATM-9,CALL,23100,2026-06-11
2026-06-11 12:41:00+05:30,488.65,488.65,485.65,485.65,1755,66365,10.754775,23295.15,22850.0,22650,ATM-9,CALL,23100,2026-06-11
2026-06-11 12:42:00+05:30,481.9,489.25,481.9,487.25,520,66365,10.845006,23296.55,22850.0,22650,ATM-9,CALL,23100,2026-06-11
2026-06-11 12:43:00+05:30,486.75,487.25,483.0,484.15,455,66430,10.777578,23293.5,22850.0,22650,ATM-9,CALL,23100,2026-06-11
2026-06-11 12:44:00+05:30,484.85,489.25,484.15,488.0,260,66430,11.204856,23296.1,22850.0,22650,ATM-9,CALL,23100,2026-06-11
2026-06-11 12:45:00+05:30,489.2,489.2,484.0,485.6,390,66300,10.777039,23295.05,22850.0,22650,ATM-9,CALL,23100,2026-06-11
2026-06-11 12:46:00+05:30,489.6,497.55,485.6,497.55,390,66365,12.421588,23301.4,22850.0,22650,ATM-9,CALL,23100,2026-06-11
2026-06-11 12:47:00+05:30,490.35,497.55,483.9,488.0,585,66495,11.926214,23293.25,22850.0,22650,ATM-9,CALL,23100,2026-06-11
2026-06-11 12:48:00+05:30,485.15,488.0,482.55,482.55,260,66690,12.202625,23286.1,22850.0,22650,ATM-9,CALL,23100,2026-06-11
2026-06-11 12:49:00+05:30,480.5,482.55,471.15,471.15,1040,66560,11.823531,23275.45,22850.0,22650,ATM-9,CALL,23100,2026-06-11
2026-06-11 12:50:00+05:30,470.25,475.1,470.25,473.95,325,66495,10.867752,23282.4,22850.0,22650,ATM-9,CALL,23100,2026-06-11
2026-06-11 12:51:00+05:30,481.8,483.25,473.95,476.5,585,66560,11.874303,23281.05,22850.0,22650,ATM-9,CALL,23100,2026-06-11
2026-06-11 12:52:00+05:30,473.5,476.5,472.6,474.2,585,66625,11.75418,23279.1,22850.0,22650,ATM-9,CALL,23100,2026-06-11
2026-06-11 12:53:00+05:30,476.7,477.25,474.2,477.25,130,66755,11.21267,23284.65,22850.0,22650,ATM-9,CALL,23100,2026-06-11
2026-06-11 12:54:00+05:30,479.2,479.2,477.25,479.2,65,66820,13.263081,23276.95,22850.0,22650,ATM-9,CALL,23100,2026-06-11
2026-06-11 12:55:00+05:30,479.2,479.2,479.2,479.2,0,66820,13.263083,23276.95,22850.0,22650,ATM-9,CALL,23100,2026-06-11
2026-06-11 12:56:00+05:30,476.2,479.2,476.2,477.5,910,67535,11.698224,23282.95,22850.0,22650,ATM-9,CALL,23100,2026-06-11
2026-06-11 12:57:00+05:30,477.55,488.75,477.5,488.75,325,67535,10.606922,23299.0,22850.0,22650,ATM-9,CALL,23100,2026-06-11
2026-06-11 12:58:00+05:30,496.25,502.55,488.75,502.35,780,67470,13.039658,23303.8,22850.0,22650,ATM-9,CALL,23100,2026-06-11
2026-06-11 12:59:00+05:30,498.1,504.4,496.05,504.4,455,67535,12.575183,23308.25,22850.0,22650,ATM-9,CALL,23100,2026-06-11
2026-06-11 13:00:00+05:30,509.9,522.05,504.4,519.25,2990,67470,12.617587,23324.15,22850.0,22650,ATM-9,CALL,23100,2026-06-11
2026-06-11 13:01:00+05:30,521.5,521.5,507.5,507.5,975,66300,11.986161,23314.1,22850.0,22650,ATM-9,CALL,23100,2026-06-11
2026-06-11 13:02:00+05:30,506.9,508.0,500.1,500.1,455,66235,11.839542,23306.75,22850.0,22650,ATM-9,CALL,23100,2026-06-11
2026-06-11 13:03:00+05:30,500.0,501.65,499.8,499.9,715,66365,12.407591,23304.15,22850.0,22650,ATM-9,CALL,23100,2026-06-11
2026-06-11 13:04:00+05:30,495.4,499.9,495.4,495.9,585,66885,11.998773,23301.6,22850.0,22650,ATM-9,CALL,23100,2026-06-11
2026-06-11 13:05:00+05:30,499.4,499.4,495.9,499.4,195,66885,12.610016,23302.7,22850.0,22650,ATM-9,CALL,23100,2026-06-11
2026-06-11 13:06:00+05:30,496.55,499.4,495.65,496.75,390,67015,12.240157,23301.5,22850.0,22650,ATM-9,CALL,23100,2026-06-11
2026-06-11 13:07:00+05:30,499.35,499.35,496.0,496.0,130,67405,12.60134,23299.05,22850.0,22650,ATM-9,CALL,23100,2026-06-11
2026-06-11 13:08:00+05:30,494.1,496.0,486.9,486.9,195,67405,12.000342,23291.9,22850.0,22650,ATM-9,CALL,23100,2026-06-11
2026-06-11 13:09:00+05:30,486.05,486.9,486.05,486.05,65,67405,13.95868,23280.65,22850.0,22650,ATM-9,CALL,23100,2026-06-11
2026-06-11 13:10:00+05:30,477.1,486.05,476.45,480.8,455,67405,12.586179,23282.5,22850.0,22650,ATM-9,CALL,23100,2026-06-11
2026-06-11 13:11:00+05:30,481.1,481.9,474.35,474.35,325,67340,11.856818,23278.95,22850.0,22650,ATM-9,CALL,23100,2026-06-11
2026-06-11 13:12:00+05:30,521.8,521.8,506.0,514.25,5200,228150,12.973046,23267.45,22800.0,22650,ATM-9,CALL,23100,2026-06-11
2026-06-11 13:13:00+05:30,506.7,514.25,504.1,504.1,5135,228735,12.077974,23260.35,22800.0,22650,ATM-9,CALL,23100,2026-06-11
2026-06-11 13:14:00+05:30,504.7,507.55,502.85,505.15,2730,226655,12.559288,23259.45,22800.0,22650,ATM-9,CALL,23100,2026-06-11
2026-06-11 13:15:00+05:30,504.05,508.5,504.05,506.35,5590,224770,12.673346,23260.25,22800.0,22650,ATM-9,CALL,23100,2026-06-11
2026-06-11 13:16:00+05:30,510.95,510.95,501.9,503.45,2210,226330,13.074688,23255.2,22800.0,22650,ATM-9,CALL,23100,2026-06-11
2026-06-11 13:17:00+05:30,502.85,511.55,496.1,510.0,11245,228085,12.889335,23263.25,22800.0,22650,ATM-9,CALL,23100,2026-06-11
2026-06-11 13:18:00+05:30,504.75,510.0,498.55,504.9,2405,230230,13.668764,23253.75,22800.0,22650,ATM-9,CALL,23100,2026-06-11
2026-06-11 13:19:00+05:30,504.3,508.0,499.9,499.9,910,229060,12.490489,23254.1,22800.0,22650,ATM-9,CALL,23100,2026-06-11
2026-06-11 13:20:00+05:30,499.05,500.8,489.1,490.5,9750,228410,10.842045,23250.4,22800.0,22650,ATM-9,CALL,23100,2026-06-11
2026-06-11 13:21:00+05:30,488.2,490.5,478.3,478.3,6630,233155,10.441704,23238.8,22800.0,22650,ATM-9,CALL,23100,2026-06-11
2026-06-11 13:22:00+05:30,477.5,478.3,473.0,474.15,4940,234715,11.990405,23228.4,22800.0,22650,ATM-9,CALL,23100,2026-06-11
2026-06-11 13:23:00+05:30,473.7,492.2,473.7,487.25,6110,235755,11.709457,23243.8,22800.0,22650,ATM-9,CALL,23100,2026-06-11
2026-06-11 13:24:00+05:30,486.7,489.05,480.45,486.85,1430,235365,12.619952,23239.3,22800.0,22650,ATM-9,CALL,23100,2026-06-11
2026-06-11 13:25:00+05:30,487.75,487.75,475.6,476.75,2405,235300,11.637441,23232.8,22800.0,22650,ATM-9,CALL,23100,2026-06-11
2026-06-11 13:26:00+05:30,475.0,476.75,466.75,470.2,4030,236145,11.778616,23225.1,22800.0,22650,ATM-9,CALL,23100,2026-06-11
2026-06-11 13:27:00+05:30,471.85,476.85,470.2,473.9,1495,237445,11.431259,23230.6,22800.0,22650,ATM-9,CALL,23100,2026-06-11
2026-06-11 13:28:00+05:30,473.55,479.1,472.0,479.1,2470,238290,11.974795,23233.9,22800.0,22650,ATM-9,CALL,23100,2026-06-11
2026-06-11 13:29:00+05:30,481.35,484.9,479.1,484.35,3250,237380,11.145959,23242.9,22800.0,22650,ATM-9,CALL,23100,2026-06-11
2026-06-11 13:30:00+05:30,488.0,507.6,484.35,503.95,8905,235105,12.730795,23257.5,22800.0,22650,ATM-9,CALL,23100,2026-06-11
2026-06-11 13:31:00+05:30,497.95,503.95,491.25,492.95,6955,234065,9.420916,23256.7,22800.0,22650,ATM-9,CALL,23100,2026-06-11
2026-06-11 13:32:00+05:30,500.8,506.05,492.95,504.4,3055,235300,11.554474,23262.8,22800.0,22650,ATM-9,CALL,23100,2026-06-11
2026-06-11 13:33:00+05:30,502.25,510.0,498.4,498.95,2405,233545,11.047794,23258.75,22800.0,22650,ATM-9,CALL,23100,2026-06-11
2026-06-11 13:34:00+05:30,498.0,498.95,485.75,485.75,2730,233285,11.357216,23243.65,22800.0,22650,ATM-9,CALL,23100,2026-06-11
2026-06-11 13:35:00+05:30,487.35,494.1,485.0,490.1,3965,229580,11.162463,23249.0,22800.0,22650,ATM-9,CALL,23100,2026-06-11
2026-06-11 13:36:00+05:30,490.55,499.8,490.1,499.8,6630,228930,11.97894,23256.3,22800.0,22650,ATM-9,CALL,23100,2026-06-11
2026-06-11 13:37:00+05:30,494.4,499.8,492.9,493.15,5525,231400,11.484344,23251.1,22800.0,22650,ATM-9,CALL,23100,2026-06-11
2026-06-11 13:38:00+05:30,489.2,493.15,480.05,481.3,2275,228540,10.33049,23242.4,22800.0,22650,ATM-9,CALL,23100,2026-06-11
2026-06-11 13:39:00+05:30,480.7,481.3,471.0,473.0,4680,227890,10.632643,23232.7,22800.0,22650,ATM-9,CALL,23100,2026-06-11
2026-06-11 13:40:00+05:30,476.4,481.85,472.55,472.55,6695,230555,10.475042,23232.75,22800.0,22650,ATM-9,CALL,23100,2026-06-11
2026-06-11 13:41:00+05:30,472.65,474.45,468.0,471.0,2015,227370,10.940936,23229.5,22800.0,22650,ATM-9,CALL,23100,2026-06-11
2026-06-11 13:42:00+05:30,477.4,477.4,471.0,476.85,1300,226915,12.372325,23229.7,22800.0,22650,ATM-9,CALL,23100,2026-06-11
2026-06-11 13:43:00+05:30,510.95,519.3,507.45,507.45,260,48945,10.506931,23219.45,22750.0,22650,ATM-9,CALL,23100,2026-06-11
2026-06-11 13:44:00+05:30,509.6,509.6,507.45,507.45,130,48945,7.550133,23223.9,22750.0,22650,ATM-9,CALL,23100,2026-06-11
2026-06-11 13:45:00+05:30,516.35,516.35,507.45,515.45,130,49010,12.528109,23221.15,22750.0,22650,ATM-9,CALL,23100,2026-06-11
2026-06-11 13:46:00+05:30,468.7,476.1,462.15,476.1,3250,229385,12.61456,23227.7,22800.0,22650,ATM-9,CALL,23100,2026-06-11
2026-06-11 13:47:00+05:30,477.25,486.45,476.1,480.75,2535,227760,12.629646,23232.75,22800.0,22650,ATM-9,CALL,23100,2026-06-11
2026-06-11 13:48:00+05:30,478.6,481.0,477.7,481.0,1040,227435,12.841968,23231.95,22800.0,22650,ATM-9,CALL,23100,2026-06-11
2026-06-11 13:49:00+05:30,476.75,481.0,474.5,476.85,715,227630,12.249283,23230.35,22800.0,22650,ATM-9,CALL,23100,2026-06-11
2026-06-11 13:50:00+05:30,525.75,525.75,515.1,516.6,2340,50245,12.075495,23224.2,22750.0,22650,ATM-9,CALL,23100,2026-06-11
2026-06-11 13:51:00+05:30,474.5,476.85,469.2,475.65,1365,227565,12.815596,23226.2,22800.0,22650,ATM-9,CALL,23100,2026-06-11
2026-06-11 13:52:00+05:30,476.2,480.1,470.0,480.1,1235,228020,13.038238,23229.95,22800.0,22650,ATM-9,CALL,23100,2026-06-11
2026-06-11 13:53:00+05:30,481.0,483.4,480.1,483.0,2535,227630,12.511824,23235.85,22800.0,22650,ATM-9,CALL,23100,2026-06-11
2026-06-11 13:54:00+05:30,482.0,483.0,481.15,481.15,390,228215,12.373297,23234.5,22800.0,22650,ATM-9,CALL,23100,2026-06-11
2026-06-11 13:55:00+05:30,479.55,481.15,475.0,475.0,325,228345,10.292007,23236.0,22800.0,22650,ATM-9,CALL,23100,2026-06-11
2026-06-11 13:56:00+05:30,482.0,485.0,475.0,485.0,845,228605,12.023548,23240.3,22800.0,22650,ATM-9,CALL,23100,2026-06-11
2026-06-11 13:57:00+05:30,484.4,488.1,480.0,481.6,1885,227695,11.377012,23239.3,22800.0,22650,ATM-9,CALL,23100,2026-06-11
2026-06-11 13:58:00+05:30,483.0,493.55,481.6,493.55,1430,227890,12.371362,23248.05,22800.0,22650,ATM-9,CALL,23100,2026-06-11
2026-06-11 13:59:00+05:30,490.05,493.55,475.0,478.65,1430,227435,12.119489,23233.0,22800.0,22650,ATM-9,CALL,23100,2026-06-11
2026-06-11 14:00:00+05:30,478.45,486.9,477.05,486.9,5525,230555,12.506378,23240.2,22800.0,22650,ATM-9,CALL,23100,2026-06-11
2026-06-11 14:01:00+05:30,484.6,486.9,481.55,481.55,455,229580,12.189889,23235.85,22800.0,22650,ATM-9,CALL,23100,2026-06-11
2026-06-11 14:02:00+05:30,481.25,481.55,479.05,479.4,650,229905,12.342358,23232.8,22800.0,22650,ATM-9,CALL,23100,2026-06-11
2026-06-11 14:03:00+05:30,481.3,481.3,479.4,479.9,130,230035,11.693339,23236.25,22800.0,22650,ATM-9,CALL,23100,2026-06-11
2026-06-11 14:04:00+05:30,479.6,481.65,476.1,481.65,1040,230035,12.109013,23236.35,22800.0,22650,ATM-9,CALL,23100,2026-06-11
2026-06-11 14:05:00+05:30,479.45,481.65,472.55,476.9,780,230425,11.873694,23232.25,22800.0,22650,ATM-9,CALL,23100,2026-06-11
2026-06-11 14:06:00+05:30,477.55,481.2,475.55,480.4,520,230880,12.564503,23232.85,22800.0,22650,ATM-9,CALL,23100,2026-06-11
2026-06-11 14:07:00+05:30,510.0,524.75,510.0,510.0,65,50635,11.296821,23220.0,22750.0,22650,ATM-9,CALL,23100,2026-06-11
2026-06-11 14:08:00+05:30,505.1,510.0,496.85,498.2,1300,50700,10.46636,23210.05,22750.0,22650,ATM-9,CALL,23100,2026-06-11
2026-06-11 14:09:00+05:30,497.2,504.15,495.0,504.15,325,50310,11.654246,23212.6,22750.0,22650,ATM-9,CALL,23100,2026-06-11
2026-06-11 14:10:00+05:30,501.0,504.15,501.0,501.0,65,50310,9.786135,23214.6,22750.0,22650,ATM-9,CALL,23100,2026-06-11
2026-06-11 14:11:00+05:30,497.45,504.45,497.45,503.65,325,50375,11.361281,23213.1,22750.0,22650,ATM-9,CALL,23100,2026-06-11
2026-06-11 14:12:00+05:30,500.55,503.65,500.55,501.8,260,50505,11.575754,23210.4,22750.0,22650,ATM-9,CALL,23100,2026-06-11
2026-06-11 14:13:00+05:30,502.45,502.45,501.8,502.45,195,50505,0.0,23223.25,22750.0,22650,ATM-9,CALL,23100,2026-06-11
2026-06-11 14:14:00+05:30,512.9,512.9,502.45,506.4,260,50700,9.97744,23219.8,22750.0,22650,ATM-9,CALL,23100,2026-06-11
2026-06-11 14:15:00+05:30,506.4,506.4,506.4,506.4,0,50700,11.608131,23215.2,22750.0,22650,ATM-9,CALL,23100,2026-06-11
2026-06-11 14:16:00+05:30,514.6,514.6,506.4,509.8,130,50570,12.284163,23216.3,22750.0,22650,ATM-9,CALL,23100,2026-06-11
2026-06-11 14:17:00+05:30,509.8,509.8,509.8,509.8,0,50570,12.77176,23214.25,22750.0,22650,ATM-9,CALL,23100,2026-06-11
2026-06-11 14:18:00+05:30,509.8,509.8,509.8,509.8,0,50570,14.033131,23208.0,22750.0,22650,ATM-9,CALL,23100,2026-06-11
2026-06-11 14:19:00+05:30,497.1,509.8,494.45,504.3,520,50440,10.343326,23216.8,22750.0,22650,ATM-9,CALL,23100,2026-06-11
2026-06-11 14:20:00+05:30,509.8,512.6,504.3,512.6,130,50440,11.242058,23223.0,22750.0,22650,ATM-9,CALL,23100,2026-06-11
2026-06-11 14:21:00+05:30,513.95,513.95,511.35,511.35,130,50505,11.822203,23219.75,22750.0,22650,ATM-9,CALL,23100,2026-06-11
2026-06-11 14:22:00+05:30,511.35,511.35,511.35,511.35,0,50505,11.753908,23220.0,22750.0,22650,ATM-9,CALL,23100,2026-06-11
2026-06-11 14:23:00+05:30,511.05,511.35,504.35,504.35,130,50505,12.576009,23209.25,22750.0,22650,ATM-9,CALL,23100,2026-06-11
2026-06-11 14:24:00+05:30,499.65,504.35,498.6,500.0,845,50700,12.140526,23206.4,22750.0,22650,ATM-9,CALL,23100,2026-06-11
2026-06-11 14:25:00+05:30,502.4,506.45,500.0,505.5,325,50960,10.913436,23216.55,22750.0,22650,ATM-9,CALL,23100,2026-06-11
2026-06-11 14:26:00+05:30,464.15,476.0,464.15,476.0,1040,234520,13.156724,23225.05,22800.0,22650,ATM-9,CALL,23100,2026-06-11
2026-06-11 14:27:00+05:30,473.35,478.25,472.2,477.35,3315,234845,13.195107,23226.35,22800.0,22650,ATM-9,CALL,23100,2026-06-11
2026-06-11 14:28:00+05:30,480.7,496.35,477.35,496.35,10985,238160,12.319956,23251.55,22800.0,22650,ATM-9,CALL,23100,2026-06-11
2026-06-11 14:29:00+05:30,497.5,497.5,484.0,485.55,6955,236080,12.023806,23241.15,22800.0,22650,ATM-9,CALL,23100,2026-06-11
2026-06-11 14:30:00+05:30,482.6,485.55,475.75,482.0,7410,230945,9.548427,23245.45,22800.0,22650,ATM-9,CALL,23100,2026-06-11
2026-06-11 14:31:00+05:30,482.0,485.35,482.0,483.9,1885,231725,11.855187,23240.1,22800.0,22650,ATM-9,CALL,23100,2026-06-11
2026-06-11 14:32:00+05:30,485.15,485.15,477.45,485.0,2210,231985,11.306329,23243.45,22800.0,22650,ATM-9,CALL,23100,2026-06-11
2026-06-11 14:33:00+05:30,482.75,485.0,470.0,470.0,3445,230490,10.870781,23229.05,22800.0,22650,ATM-9,CALL,23100,2026-06-11
2026-06-11 14:34:00+05:30,470.9,473.8,468.45,473.8,3575,231595,11.250415,23231.7,22800.0,22650,ATM-9,CALL,23100,2026-06-11
2026-06-11 14:35:00+05:30,473.2,481.1,473.1,474.3,2340,232375,9.650962,23237.25,22800.0,22650,ATM-9,CALL,23100,2026-06-11
2026-06-11 14:36:00+05:30,519.55,519.95,504.0,504.0,455,50440,11.462591,23213.3,22750.0,22650,ATM-9,CALL,23100,2026-06-11
2026-06-11 14:37:00+05:30,458.35,464.1,446.8,461.4,8320,231920,8.640134,23226.05,22800.0,22650,ATM-9,CALL,23100,2026-06-11
2026-06-11 14:38:00+05:30,504.05,504.05,499.0,499.0,195,50570,0.0,23218.4,22750.0,22650,ATM-9,CALL,23100,2026-06-11
2026-06-11 14:39:00+05:30,495.6,499.0,489.55,489.55,1885,50570,0.0,23217.1,22750.0,22650,ATM-9,CALL,23100,2026-06-11
2026-06-11 14:40:00+05:30,497.1,497.1,489.05,489.05,390,51090,0.0,23208.25,22750.0,22650,ATM-9,CALL,23100,2026-06-11
2026-06-11 14:41:00+05:30,487.1,489.05,487.1,487.1,65,51090,0.0,23213.8,22750.0,22650,ATM-9,CALL,23100,2026-06-11
2026-06-11 14:42:00+05:30,489.55,491.6,487.1,491.6,910,51220,0.0,23210.65,22750.0,22650,ATM-9,CALL,23100,2026-06-11
2026-06-11 14:43:00+05:30,483.1,491.6,477.8,478.35,1625,50960,0.0,23197.3,22750.0,22650,ATM-9,CALL,23100,2026-06-11
2026-06-11 14:44:00+05:30,474.8,478.35,474.2,475.7,195,51090,0.0,23200.2,22750.0,22650,ATM-9,CALL,23100,2026-06-11
2026-06-11 14:45:00+05:30,476.5,476.5,470.65,472.65,390,51090,0.0,23197.25,22750.0,22650,ATM-9,CALL,23100,2026-06-11
2026-06-11 14:46:00+05:30,469.5,481.8,469.5,480.15,390,51090,10.245174,23192.0,22750.0,22650,ATM-9,CALL,23100,2026-06-11
2026-06-11 14:47:00+05:30,508.65,513.0,488.5,493.65,6240,129740,0.0,23167.1,22700.0,22650,ATM-9,CALL,23100,2026-06-11
2026-06-11 14:48:00+05:30,446.6,458.85,445.75,458.85,1040,51610,0.0,23180.35,22750.0,22650,ATM-9,CALL,23100,2026-06-11
2026-06-11 14:49:00+05:30,461.8,470.0,458.85,470.0,910,53430,0.0,23193.1,22750.0,22650,ATM-9,CALL,23100,2026-06-11
2026-06-11 14:50:00+05:30,510.3,512.75,497.3,497.3,3120,128830,0.0,23172.75,22700.0,22650,ATM-9,CALL,23100,2026-06-11
2026-06-11 14:51:00+05:30,496.0,503.35,495.4,497.85,975,128570,0.0,23172.4,22700.0,22650,ATM-9,CALL,23100,2026-06-11
2026-06-11 14:52:00+05:30,499.9,499.9,492.85,496.0,845,128505,0.0,23171.1,22700.0,22650,ATM-9,CALL,23100,2026-06-11
2026-06-11 14:53:00+05:30,495.95,500.25,494.2,500.25,520,128570,0.0,23174.0,22700.0,22650,ATM-9,CALL,23100,2026-06-11
2026-06-11 14:54:00+05:30,499.45,500.25,493.9,497.5,1105,127855,0.0,23171.7,22700.0,22650,ATM-9,CALL,23100,2026-06-11
2026-06-11 14:55:00+05:30,496.55,497.5,494.15,497.35,845,127855,0.0,23172.6,22700.0,22650,ATM-9,CALL,23100,2026-06-11
2026-06-11 14:56:00+05:30,499.5,499.5,493.0,493.0,975,127465,0.0,23170.35,22700.0,22650,ATM-9,CALL,23100,2026-06-11
2026-06-11 14:57:00+05:30,494.1,494.1,490.0,491.85,4290,127465,0.0,23166.2,22700.0,22650,ATM-9,CALL,23100,2026-06-11
2026-06-11 14:58:00+05:30,493.45,497.25,491.85,494.7,2275,128115,0.0,23172.5,22700.0,22650,ATM-9,CALL,23100,2026-06-11
2026-06-11 14:59:00+05:30,447.6,454.6,447.6,453.75,325,52520,0.0,23177.05,22750.0,22650,ATM-9,CALL,23100,2026-06-11
2026-06-11 15:00:00+05:30,503.1,515.0,483.0,485.0,3315,128050,0.0,23154.0,22700.0,22650,ATM-9,CALL,23100,2026-06-11
2026-06-11 15:01:00+05:30,480.0,485.0,471.05,482.25,4290,126815,0.0,23153.15,22700.0,22650,ATM-9,CALL,23100,2026-06-11
2026-06-11 15:02:00+05:30,475.45,486.35,470.2,482.85,2925,126360,0.0,23158.8,22700.0,22650,ATM-9,CALL,23100,2026-06-11
2026-06-11 15:03:00+05:30,480.2,482.85,475.85,481.0,1560,125905,0.0,23158.25,22700.0,22650,ATM-9,CALL,23100,2026-06-11
2026-06-11 15:04:00+05:30,479.2,482.05,474.6,475.85,2600,125970,0.0,23145.0,22700.0,22650,ATM-9,CALL,23100,2026-06-11
2026-06-11 15:05:00+05:30,471.8,475.85,469.25,474.75,2600,125970,0.0,23147.55,22700.0,22650,ATM-9,CALL,23100,2026-06-11
2026-06-11 15:06:00+05:30,475.4,477.4,468.0,468.15,1430,124215,0.0,23139.35,22700.0,22650,ATM-9,CALL,23100,2026-06-11
2026-06-11 15:07:00+05:30,468.45,477.0,467.65,474.4,2535,125840,0.0,23148.1,22700.0,22650,ATM-9,CALL,23100,2026-06-11
2026-06-11 15:08:00+05:30,480.7,481.55,474.4,481.2,1170,125775,12.186611,23136.4,22700.0,22650,ATM-9,CALL,23100,2026-06-11
2026-06-11 15:09:00+05:30,476.0,482.45,474.75,482.45,2470,125775,10.538664,23143.85,22700.0,22650,ATM-9,CALL,23100,2026-06-11
2026-06-11 15:10:00+05:30,485.0,489.9,482.45,489.9,3705,124020,10.513964,23151.75,22700.0,22650,ATM-9,CALL,23100,2026-06-11
2026-06-11 15:11:00+05:30,492.1,496.0,486.3,486.3,1495,123565,11.664423,23144.1,22700.0,22650,ATM-9,CALL,23100,2026-06-11
2026-06-11 15:12:00+05:30,483.95,494.35,482.55,494.35,1105,122915,11.969633,23151.55,22700.0,22650,ATM-9,CALL,23100,2026-06-11
2026-06-11 15:13:00+05:30,494.8,500.85,494.35,500.85,715,122330,11.001901,23161.85,22700.0,22650,ATM-9,CALL,23100,2026-06-11
2026-06-11 15:14:00+05:30,501.45,501.45,495.0,496.9,1560,122785,0.0,23165.8,22700.0,22650,ATM-9,CALL,23100,2026-06-11
2026-06-11 15:15:00+05:30,495.7,496.9,484.25,491.8,3640,122135,0.0,23166.4,22700.0,22650,ATM-9,CALL,23100,2026-06-11
2026-06-11 15:16:00+05:30,453.35,465.0,451.85,464.0,1690,47710,7.432857,23180.55,22750.0,22650,ATM-9,CALL,23100,2026-06-11
2026-06-11 15:17:00+05:30,466.65,469.8,464.0,466.1,1625,47710,8.165068,23181.9,22750.0,22650,ATM-9,CALL,23100,2026-06-11
2026-06-11 15:18:00+05:30,466.9,466.9,465.1,465.1,130,47710,7.953465,23181.15,22750.0,22650,ATM-9,CALL,23100,2026-06-11
2026-06-11 15:19:00+05:30,501.65,504.0,496.65,498.8,585,118365,0.0,23172.0,22700.0,22650,ATM-9,CALL,23100,2026-06-11
2026-06-11 15:20:00+05:30,458.0,458.45,452.5,458.45,130,47840,0.0,23178.2,22750.0,22650,ATM-9,CALL,23100,2026-06-11
2026-06-11 15:21:00+05:30,463.15,463.15,458.45,458.75,325,47840,0.0,23176.65,22750.0,22650,ATM-9,CALL,23100,2026-06-11
2026-06-11 15:22:00+05:30,499.7,501.6,498.0,498.0,455,118300,0.0,23169.9,22700.0,22650,ATM-9,CALL,23100,2026-06-11
2026-06-11 15:23:00+05:30,493.4,501.9,493.4,501.9,1885,118365,0.0,23170.9,22700.0,22650,ATM-9,CALL,23100,2026-06-11
2026-06-11 15:24:00+05:30,502.25,504.0,500.8,504.0,520,117910,0.0,23173.6,22700.0,22650,ATM-9,CALL,23100,2026-06-11
2026-06-11 15:25:00+05:30,508.0,509.6,504.0,508.5,2535,117130,8.816077,23174.4,22700.0,22650,ATM-9,CALL,23100,2026-06-11
2026-06-11 15:26:00+05:30,468.8,475.1,465.55,475.1,975,47840,12.823302,23176.6,22750.0,22650,ATM-9,CALL,23100,2026-06-11
2026-06-11 15:27:00+05:30,475.0,475.1,474.3,474.3,130,47840,12.132242,23179.1,22750.0,22650,ATM-9,CALL,23100,2026-06-11
2026-06-11 15:28:00+05:30,472.75,474.3,472.75,472.75,390,47580,11.524798,23180.05,22750.0,22650,ATM-9,CALL,23100,2026-06-11
2026-06-11 15:29:00+05:30,474.35,477.4,472.5,477.4,715,47580,11.129462,23186.55,22750.0,22650,ATM-9,CALL,23100,2026-06-11
2026-06-11 09:15:00+05:30,29.0,32.35,27.65,30.9,664495,1061190,15.910613,23104.4,22650.0,22650,ATM-9,PUT,23100,2026-06-11
2026-06-11 09:16:00+05:30,31.7,33.7,30.9,33.7,371475,1229540,15.86593,23082.3,22650.0,22650,ATM-9,PUT,23100,2026-06-11
2026-06-11 09:17:00+05:30,34.15,37.3,33.7,34.7,278070,1305200,16.260018,23092.9,22650.0,22650,ATM-9,PUT,23100,2026-06-11
2026-06-11 09:18:00+05:30,34.2,34.7,31.75,32.2,193180,1304875,16.028421,23100.1,22650.0,22650,ATM-9,PUT,23100,2026-06-11
2026-06-11 09:19:00+05:30,32.2,32.2,30.25,30.35,159315,1322230,16.074091,23115.85,22650.0,22650,ATM-9,PUT,23100,2026-06-11
2026-06-11 09:20:00+05:30,37.3,38.25,34.4,34.95,274300,2978430,15.945318,23128.6,22700.0,22650,ATM-9,PUT,23100,2026-06-11
2026-06-11 09:21:00+05:30,34.75,35.05,32.8,33.35,257725,3039595,16.009963,23142.45,22700.0,22650,ATM-9,PUT,23100,2026-06-11
2026-06-11 09:22:00+05:30,33.3,34.7,32.5,33.3,230165,3078855,16.013071,23142.9,22700.0,22650,ATM-9,PUT,23100,2026-06-11
2026-06-11 09:23:00+05:30,33.3,34.75,32.8,34.35,301275,3175120,16.005997,23135.25,22700.0,22650,ATM-9,PUT,23100,2026-06-11
2026-06-11 09:24:00+05:30,27.75,29.8,27.45,29.35,151710,1425515,15.932676,23116.8,22650.0,22650,ATM-9,PUT,23100,2026-06-11
2026-06-11 09:25:00+05:30,29.3,29.9,28.75,29.45,124085,1432470,15.781222,23109.0,22650.0,22650,ATM-9,PUT,23100,2026-06-11
2026-06-11 09:26:00+05:30,29.85,30.3,29.1,29.5,108940,1442935,15.757856,23107.5,22650.0,22650,ATM-9,PUT,23100,2026-06-11
2026-06-11 09:27:00+05:30,29.75,31.9,29.1,30.6,158015,1448135,15.807884,23101.45,22650.0,22650,ATM-9,PUT,23100,2026-06-11
2026-06-11 09:28:00+05:30,30.5,30.6,28.45,28.6,102960,1448200,15.827056,23117.6,22650.0,22650,ATM-9,PUT,23100,2026-06-11
2026-06-11 09:29:00+05:30,28.65,29.2,27.8,28.7,99840,1473420,15.937516,23121.9,22650.0,22650,ATM-9,PUT,23100,2026-06-11
2026-06-11 09:30:00+05:30,28.7,30.85,28.65,30.75,140010,1478230,16.030111,23110.35,22650.0,22650,ATM-9,PUT,23100,2026-06-11
2026-06-11 09:31:00+05:30,30.65,31.4,29.45,29.45,118235,1438190,15.958012,23116.9,22650.0,22650,ATM-9,PUT,23100,2026-06-11
2026-06-11 09:32:00+05:30,29.25,29.45,27.8,29.0,78065,1455220,15.819491,23113.95,22650.0,22650,ATM-9,PUT,23100,2026-06-11
2026-06-11 09:33:00+05:30,29.4,31.4,29.0,31.25,85475,1466075,15.922341,23101.6,22650.0,22650,ATM-9,PUT,23100,2026-06-11
2026-06-11 09:34:00+05:30,31.35,31.35,29.35,29.75,62790,1462825,15.853412,23109.65,22650.0,22650,ATM-9,PUT,23100,2026-06-11
2026-06-11 09:35:00+05:30,29.9,31.7,29.75,31.55,120445,1460290,15.870016,23096.95,22650.0,22650,ATM-9,PUT,23100,2026-06-11
2026-06-11 09:36:00+05:30,31.65,31.65,29.2,29.25,68640,1500200,15.830457,23112.35,22650.0,22650,ATM-9,PUT,23100,2026-06-11
2026-06-11 09:37:00+05:30,29.25,29.55,27.85,28.35,96265,1504165,15.830366,23119.35,22650.0,22650,ATM-9,PUT,23100,2026-06-11
2026-06-11 09:38:00+05:30,34.9,35.25,32.5,33.1,165425,3630445,15.706982,23129.95,22700.0,22650,ATM-9,PUT,23100,2026-06-11
2026-06-11 09:39:00+05:30,33.05,33.1,31.65,32.35,201305,3648125,15.644112,23132.35,22700.0,22650,ATM-9,PUT,23100,2026-06-11
2026-06-11 09:40:00+05:30,26.15,27.55,26.05,27.55,56420,1534065,15.704426,23119.75,22650.0,22650,ATM-9,PUT,23100,2026-06-11
2026-06-11 09:41:00+05:30,27.45,27.55,26.6,27.0,63570,1536600,15.622827,23120.35,22650.0,22650,ATM-9,PUT,23100,2026-06-11
2026-06-11 09:42:00+05:30,26.9,27.7,26.35,27.05,60970,1536275,15.624954,23120.0,22650.0,22650,ATM-9,PUT,23100,2026-06-11
2026-06-11 09:43:00+05:30,33.75,33.8,30.55,30.8,247455,3688100,15.599025,23141.3,22700.0,22650,ATM-9,PUT,23100,2026-06-11
2026-06-11 09:44:00+05:30,30.65,30.85,29.75,30.55,240890,3728725,15.62435,23144.25,22700.0,22650,ATM-9,PUT,23100,2026-06-11
2026-06-11 09:45:00+05:30,30.45,31.3,29.45,30.1,262145,3762655,15.582683,23145.65,22700.0,22650,ATM-9,PUT,23100,2026-06-11
2026-06-11 09:46:00+05:30,29.95,30.65,29.05,29.35,128570,3758235,15.651997,23154.45,22700.0,22650,ATM-9,PUT,23100,2026-06-11
2026-06-11 09:47:00+05:30,29.25,30.75,29.25,30.65,95550,3763565,15.76293,23149.7,22700.0,22650,ATM-9,PUT,23100,2026-06-11
2026-06-11 09:48:00+05:30,30.7,31.75,30.25,31.75,86645,3751865,15.760411,23141.5,22700.0,22650,ATM-9,PUT,23100,2026-06-11
2026-06-11 09:49:00+05:30,31.8,31.8,29.7,29.95,64220,3766035,15.728886,23153.3,22700.0,22650,ATM-9,PUT,23100,2026-06-11
2026-06-11 09:50:00+05:30,29.85,31.0,28.25,28.55,160420,3765450,15.704441,23162.9,22700.0,22650,ATM-9,PUT,23100,2026-06-11
2026-06-11 09:51:00+05:30,28.75,29.05,27.7,28.35,159120,3759990,15.77045,23167.5,22700.0,22650,ATM-9,PUT,23100,2026-06-11
2026-06-11 09:52:00+05:30,28.35,29.2,27.85,28.35,118885,3761940,15.84224,23170.8,22700.0,22650,ATM-9,PUT,23100,2026-06-11
2026-06-11 09:53:00+05:30,28.2,28.75,27.75,28.1,116740,3764410,15.832589,23172.3,22700.0,22650,ATM-9,PUT,23100,2026-06-11
2026-06-11 09:54:00+05:30,28.1,29.85,28.1,29.7,106145,3762915,15.671444,23152.35,22700.0,22650,ATM-9,PUT,23100,2026-06-11
2026-06-11 09:55:00+05:30,29.7,30.85,29.35,30.15,262340,3761355,15.516422,23141.85,22700.0,22650,ATM-9,PUT,23100,2026-06-11
2026-06-11 09:56:00+05:30,30.3,30.9,29.3,30.9,104585,3759015,15.609135,23140.5,22700.0,22650,ATM-9,PUT,23100,2026-06-11
2026-06-11 09:57:00+05:30,30.9,32.0,30.55,31.7,132730,3744975,15.530764,23131.15,22700.0,22650,ATM-9,PUT,23100,2026-06-11
2026-06-11 09:58:00+05:30,25.55,26.8,25.55,26.8,95095,1639300,15.482606,23114.7,22650.0,22650,ATM-9,PUT,23100,2026-06-11
2026-06-11 09:59:00+05:30,26.8,27.05,25.75,26.45,91520,1631370,15.484235,23117.6,22650.0,22650,ATM-9,PUT,23100,2026-06-11
2026-06-11 10:00:00+05:30,32.85,33.05,30.65,30.65,172055,3776890,15.344861,23130.2,22700.0,22650,ATM-9,PUT,23100,2026-06-11
2026-06-11 10:01:00+05:30,30.45,31.15,30.0,30.75,106405,3718195,15.412689,23132.5,22700.0,22650,ATM-9,PUT,23100,2026-06-11
2026-06-11 10:02:00+05:30,24.85,25.85,24.75,25.5,49335,1653210,15.431191,23122.9,22650.0,22650,ATM-9,PUT,23100,2026-06-11
2026-06-11 10:03:00+05:30,25.5,26.3,24.5,25.85,38610,1653730,15.451025,23120.85,22650.0,22650,ATM-9,PUT,23100,2026-06-11
2026-06-11 10:04:00+05:30,25.8,27.2,25.45,27.2,51805,1651650,15.425408,23108.55,22650.0,22650,ATM-9,PUT,23100,2026-06-11
2026-06-11 10:05:00+05:30,27.05,27.4,26.0,26.1,69550,1650805,15.309933,23112.05,22650.0,22650,ATM-9,PUT,23100,2026-06-11
2026-06-11 10:06:00+05:30,32.6,33.0,29.45,29.85,173875,3717545,15.37733,23137.3,22700.0,22650,ATM-9,PUT,23100,2026-06-11
2026-06-11 10:07:00+05:30,29.8,30.2,28.0,28.3,147095,3716375,15.351066,23147.8,22700.0,22650,ATM-9,PUT,23100,2026-06-11
2026-06-11 10:08:00+05:30,28.3,28.8,27.0,27.2,194805,3673995,15.361545,23156.9,22700.0,22650,ATM-9,PUT,23100,2026-06-11
2026-06-11 10:09:00+05:30,27.05,27.9,26.7,27.8,179205,3677830,15.466056,23156.95,22700.0,22650,ATM-9,PUT,23100,2026-06-11
2026-06-11 10:10:00+05:30,27.8,27.85,26.75,27.4,72735,3701295,15.427664,23158.3,22700.0,22650,ATM-9,PUT,23100,2026-06-11
2026-06-11 10:11:00+05:30,27.2,27.4,26.5,26.75,276575,3705975,15.417056,23163.0,22700.0,22650,ATM-9,PUT,23100,2026-06-11
2026-06-11 10:12:00+05:30,26.7,27.85,26.6,27.6,122265,3762915,15.428178,23156.65,22700.0,22650,ATM-9,PUT,23100,2026-06-11
2026-06-11 10:13:00+05:30,27.65,27.7,27.0,27.25,86710,3737955,15.435696,23159.75,22700.0,22650,ATM-9,PUT,23100,2026-06-11
2026-06-11 10:14:00+05:30,27.2,28.45,26.8,28.3,113945,3746470,15.350733,23147.5,22700.0,22650,ATM-9,PUT,23100,2026-06-11
2026-06-11 10:15:00+05:30,28.1,28.3,27.05,27.35,105625,3741660,15.414942,23157.9,22700.0,22650,ATM-9,PUT,23100,2026-06-11
2026-06-11 10:16:00+05:30,27.15,27.35,26.25,27.0,403845,3751540,15.506527,23164.95,22700.0,22650,ATM-9,PUT,23100,2026-06-11
2026-06-11 10:17:00+05:30,26.9,27.0,25.85,26.15,148720,3844685,15.448354,23169.15,22700.0,22650,ATM-9,PUT,23100,2026-06-11
2026-06-11 10:18:00+05:30,26.25,26.95,25.85,26.0,75725,3853200,15.504357,23173.0,22700.0,22650,ATM-9,PUT,23100,2026-06-11
2026-06-11 10:19:00+05:30,32.05,32.2,31.05,31.2,204880,1911065,15.483065,23183.15,22750.0,22650,ATM-9,PUT,23100,2026-06-11
2026-06-11 10:20:00+05:30,31.1,31.8,30.8,30.95,134290,1959815,15.600833,23190.25,22750.0,22650,ATM-9,PUT,23100,2026-06-11
2026-06-11 10:21:00+05:30,31.0,32.2,30.9,32.0,101465,1954225,15.589687,23182.15,22750.0,22650,ATM-9,PUT,23100,2026-06-11
2026-06-11 10:22:00+05:30,31.7,32.65,31.7,32.4,35945,1953055,15.603415,23179.9,22750.0,22650,ATM-9,PUT,23100,2026-06-11
2026-06-11 10:23:00+05:30,32.35,32.55,31.75,32.1,39780,1960530,15.593901,23181.55,22750.0,22650,ATM-9,PUT,23100,2026-06-11
2026-06-11 10:24:00+05:30,32.25,32.75,31.9,32.55,23205,1954680,15.625392,23179.75,22750.0,22650,ATM-9,PUT,23100,2026-06-11
2026-06-11 10:25:00+05:30,32.55,32.85,32.25,32.7,24115,1953770,15.640835,23179.35,22750.0,22650,ATM-9,PUT,23100,2026-06-11
2026-06-11 10:26:00+05:30,32.7,32.7,31.05,31.15,57460,1960400,15.702414,23193.15,22750.0,22650,ATM-9,PUT,23100,2026-06-11
2026-06-11 10:27:00+05:30,31.3,31.35,29.7,29.75,140660,1959815,15.791316,23207.6,22750.0,22650,ATM-9,PUT,23100,2026-06-11
2026-06-11 10:28:00+05:30,29.7,30.85,29.5,30.7,47060,1965210,15.768954,23199.4,22750.0,22650,ATM-9,PUT,23100,2026-06-11
2026-06-11 10:29:00+05:30,30.85,31.0,30.2,30.85,28015,1965665,15.796441,23199.5,22750.0,22650,ATM-9,PUT,23100,2026-06-11
2026-06-11 10:30:00+05:30,30.7,32.05,30.25,31.9,58565,1974440,15.732009,23188.9,22750.0,22650,ATM-9,PUT,23100,2026-06-11
2026-06-11 10:31:00+05:30,32.05,32.1,30.45,30.7,55965,1977625,15.766193,23199.15,22750.0,22650,ATM-9,PUT,23100,2026-06-11
2026-06-11 10:32:00+05:30,30.65,31.0,29.75,29.95,40365,1974700,15.750462,23204.0,22750.0,22650,ATM-9,PUT,23100,2026-06-11
2026-06-11 10:33:00+05:30,30.3,31.35,29.95,30.7,39000,1973465,15.763618,23198.95,22750.0,22650,ATM-9,PUT,23100,2026-06-11
2026-06-11 10:34:00+05:30,30.75,31.2,30.65,31.05,22165,1980615,15.862052,23200.8,22750.0,22650,ATM-9,PUT,23100,2026-06-11
2026-06-11 10:35:00+05:30,31.05,31.1,30.4,30.95,33215,1972685,15.859923,23201.4,22750.0,22650,ATM-9,PUT,23100,2026-06-11
2026-06-11 10:36:00+05:30,31.05,31.85,30.95,31.6,61100,1984840,15.851232,23196.2,22750.0,22650,ATM-9,PUT,23100,2026-06-11
2026-06-11 10:37:00+05:30,31.45,32.3,31.3,31.9,36790,1992835,15.804946,23191.9,22750.0,22650,ATM-9,PUT,23100,2026-06-11
2026-06-11 10:38:00+05:30,31.45,31.9,31.15,31.15,32370,1991210,15.844499,23199.1,22750.0,22650,ATM-9,PUT,23100,2026-06-11
2026-06-11 10:39:00+05:30,30.95,31.35,30.3,30.45,38740,1988350,15.914523,23207.45,22750.0,22650,ATM-9,PUT,23100,2026-06-11
2026-06-11 10:40:00+05:30,30.55,31.0,30.1,30.3,71955,1986530,15.998819,23212.4,22750.0,22650,ATM-9,PUT,23100,2026-06-11
2026-06-11 10:41:00+05:30,30.25,31.55,30.2,31.55,98735,1999595,16.007808,23203.45,22750.0,22650,ATM-9,PUT,23100,2026-06-11
2026-06-11 10:42:00+05:30,31.45,31.65,30.95,30.95,34320,1990365,15.964091,23205.85,22750.0,22650,ATM-9,PUT,23100,2026-06-11
2026-06-11 10:43:00+05:30,31.0,31.5,30.8,31.25,45890,1990300,15.931356,23202.1,22750.0,22650,ATM-9,PUT,23100,2026-06-11
2026-06-11 10:44:00+05:30,31.3,31.9,31.2,31.5,32305,1990690,16.033346,23204.85,22750.0,22650,ATM-9,PUT,23100,2026-06-11
2026-06-11 10:45:00+05:30,31.65,32.4,31.25,31.25,61685,1976000,15.988225,23204.6,22750.0,22650,ATM-9,PUT,23100,2026-06-11
2026-06-11 10:46:00+05:30,31.3,31.6,30.8,31.6,37830,1997970,16.089946,23206.6,22750.0,22650,ATM-9,PUT,23100,2026-06-11
2026-06-11 10:47:00+05:30,31.5,31.7,31.0,31.0,13650,2001675,16.0756,23210.35,22750.0,22650,ATM-9,PUT,23100,2026-06-11
2026-06-11 10:48:00+05:30,30.95,31.85,30.8,31.45,26780,2001220,16.047675,23205.7,22750.0,22650,ATM-9,PUT,23100,2026-06-11
2026-06-11 10:49:00+05:30,31.4,32.3,31.3,32.25,23660,2003625,15.912795,23193.75,22750.0,22650,ATM-9,PUT,23100,2026-06-11
2026-06-11 10:50:00+05:30,32.2,32.65,32.0,32.6,63180,2006810,15.805404,23186.4,22750.0,22650,ATM-9,PUT,23100,2026-06-11
2026-06-11 10:51:00+05:30,32.45,32.6,31.35,31.9,43290,2011620,15.775519,23190.0,22750.0,22650,ATM-9,PUT,23100,2026-06-11
2026-06-11 10:52:00+05:30,32.0,32.35,31.5,32.25,26390,2011945,15.78869,23188.05,22750.0,22650,ATM-9,PUT,23100,2026-06-11
2026-06-11 10:53:00+05:30,26.5,27.0,26.3,26.8,91000,3444480,15.717387,23174.9,22700.0,22650,ATM-9,PUT,23100,2026-06-11
2026-06-11 10:54:00+05:30,26.95,27.0,26.55,26.8,56810,3448445,15.714037,23174.7,22700.0,22650,ATM-9,PUT,23100,2026-06-11
2026-06-11 10:55:00+05:30,26.75,27.15,26.6,26.8,57070,3446430,15.682963,23173.2,22700.0,22650,ATM-9,PUT,23100,2026-06-11
2026-06-11 10:56:00+05:30,33.0,33.1,32.25,32.45,59995,2016690,15.63961,23179.8,22750.0,22650,ATM-9,PUT,23100,2026-06-11
2026-06-11 10:57:00+05:30,32.55,33.1,32.45,32.65,55185,2005900,15.615853,23177.3,22750.0,22650,ATM-9,PUT,23100,2026-06-11
2026-06-11 10:58:00+05:30,32.9,33.2,32.25,32.8,28080,2005965,15.60315,23175.65,22750.0,22650,ATM-9,PUT,23100,2026-06-11
2026-06-11 10:59:00+05:30,33.0,33.2,31.8,31.85,33215,2004015,15.47502,23176.55,22750.0,22650,ATM-9,PUT,23100,2026-06-11
2026-06-11 11:00:00+05:30,25.95,26.75,25.5,26.7,65910,3460990,15.58994,23169.45,22700.0,22650,ATM-9,PUT,23100,2026-06-11
2026-06-11 11:01:00+05:30,26.65,27.2,26.3,27.05,166725,3488225,15.602751,23167.15,22700.0,22650,ATM-9,PUT,23100,2026-06-11
2026-06-11 11:02:00+05:30,26.9,27.2,26.35,26.5,148525,3505905,15.523587,23167.9,22700.0,22650,ATM-9,PUT,23100,2026-06-11
2026-06-11 11:03:00+05:30,32.95,33.0,31.25,31.25,28405,2035150,15.470303,23180.45,22750.0,22650,ATM-9,PUT,23100,2026-06-11
2026-06-11 11:04:00+05:30,31.2,31.35,30.55,31.1,117130,2020265,15.472792,23181.6,22750.0,22650,ATM-9,PUT,23100,2026-06-11
2026-06-11 11:05:00+05:30,30.95,31.1,28.8,29.0,107770,2015780,15.531228,23199.8,22750.0,22650,ATM-9,PUT,23100,2026-06-11
2026-06-11 11:06:00+05:30,28.8,30.0,28.55,28.8,56290,2009995,15.594418,23204.2,22750.0,22650,ATM-9,PUT,23100,2026-06-11
2026-06-11 11:07:00+05:30,28.7,30.15,28.2,30.05,79560,2012270,15.492674,23190.05,22750.0,22650,ATM-9,PUT,23100,2026-06-11
2026-06-11 11:08:00+05:30,30.1,30.35,28.9,29.65,38350,2016040,15.532344,23194.8,22750.0,22650,ATM-9,PUT,23100,2026-06-11
2026-06-11 11:09:00+05:30,29.7,31.2,29.65,29.8,31850,2008565,15.530487,23193.55,22750.0,22650,ATM-9,PUT,23100,2026-06-11
2026-06-11 11:10:00+05:30,30.05,30.6,29.65,29.7,39520,2009735,15.469951,23191.5,22750.0,22650,ATM-9,PUT,23100,2026-06-11
2026-06-11 11:11:00+05:30,29.8,30.35,29.45,30.0,33150,2005380,15.469379,23189.2,22750.0,22650,ATM-9,PUT,23100,2026-06-11
2026-06-11 11:12:00+05:30,30.05,30.65,29.95,30.15,30875,2008825,15.446226,23187.0,22750.0,22650,ATM-9,PUT,23100,2026-06-11
2026-06-11 11:13:00+05:30,30.4,30.65,29.8,30.3,55120,2015845,15.43284,23185.25,22750.0,22650,ATM-9,PUT,23100,2026-06-11
2026-06-11 11:14:00+05:30,30.3,30.95,29.95,30.55,23205,2014480,15.428821,23183.2,22750.0,22650,ATM-9,PUT,23100,2026-06-11
2026-06-11 11:15:00+05:30,30.4,30.85,30.0,30.1,39845,2010385,15.468339,23188.25,22750.0,22650,ATM-9,PUT,23100,2026-06-11
2026-06-11 11:16:00+05:30,30.25,30.75,29.95,30.0,16055,2015780,15.479365,23189.45,22750.0,22650,ATM-9,PUT,23100,2026-06-11
2026-06-11 11:17:00+05:30,30.25,30.7,29.35,29.6,21060,2019160,15.513561,23193.95,22750.0,22650,ATM-9,PUT,23100,2026-06-11
2026-06-11 11:18:00+05:30,29.6,29.9,28.25,28.4,40300,2017340,15.558556,23205.15,22750.0,22650,ATM-9,PUT,23100,2026-06-11
2026-06-11 11:19:00+05:30,28.2,28.9,27.8,28.7,69745,2031575,15.573084,23203.45,22750.0,22650,ATM-9,PUT,23100,2026-06-11
2026-06-11 11:20:00+05:30,28.9,29.15,27.6,27.65,35685,2030730,15.592513,23212.55,22750.0,22650,ATM-9,PUT,23100,2026-06-11
2026-06-11 11:21:00+05:30,27.55,27.9,27.25,27.55,66950,2038075,15.742686,23220.3,22750.0,22650,ATM-9,PUT,23100,2026-06-11
2026-06-11 11:22:00+05:30,27.4,28.5,27.4,28.45,53170,2038075,15.764428,23214.1,22750.0,22650,ATM-9,PUT,23100,2026-06-11
2026-06-11 11:23:00+05:30,28.6,28.6,27.75,28.5,42055,2035735,15.751129,23213.05,22750.0,22650,ATM-9,PUT,23100,2026-06-11
2026-06-11 11:24:00+05:30,28.35,28.65,27.8,27.95,32435,2035865,15.775719,23218.5,22750.0,22650,ATM-9,PUT,23100,2026-06-11
2026-06-11 11:25:00+05:30,27.8,28.15,27.55,28.05,23010,2039050,15.735637,23215.8,22750.0,22650,ATM-9,PUT,23100,2026-06-11
2026-06-11 11:26:00+05:30,34.65,34.7,32.8,32.8,148590,4057950,15.660152,23228.5,22800.0,22650,ATM-9,PUT,23100,2026-06-11
2026-06-11 11:27:00+05:30,32.75,32.9,31.8,31.95,229580,4062565,15.652404,23234.1,22800.0,22650,ATM-9,PUT,23100,2026-06-11
2026-06-11 11:28:00+05:30,31.7,31.95,31.3,31.6,257595,4020770,15.641034,23236.05,22800.0,22650,ATM-9,PUT,23100,2026-06-11
2026-06-11 11:29:00+05:30,31.8,32.8,31.6,31.8,140660,4037995,15.660457,23235.45,22800.0,22650,ATM-9,PUT,23100,2026-06-11
2026-06-11 11:30:00+05:30,31.75,32.45,31.35,32.4,111410,4051775,15.773253,23236.2,22800.0,22650,ATM-9,PUT,23100,2026-06-11
2026-06-11 11:31:00+05:30,32.15,33.15,32.05,32.7,140920,4062110,15.599641,23226.3,22800.0,22650,ATM-9,PUT,23100,2026-06-11
2026-06-11 11:32:00+05:30,32.7,33.6,32.7,33.15,131105,4093765,15.667374,23226.15,22800.0,22650,ATM-9,PUT,23100,2026-06-11
2026-06-11 11:33:00+05:30,33.0,33.15,32.25,32.9,55120,4109690,15.795476,23233.55,22800.0,22650,ATM-9,PUT,23100,2026-06-11
2026-06-11 11:34:00+05:30,32.7,33.85,32.7,33.7,125255,4172025,15.759049,23226.35,22800.0,22650,ATM-9,PUT,23100,2026-06-11
2026-06-11 11:35:00+05:30,33.8,34.15,33.0,33.0,78130,4176770,15.83094,23234.35,22800.0,22650,ATM-9,PUT,23100,2026-06-11
2026-06-11 11:36:00+05:30,26.95,27.9,26.85,27.85,31395,2071420,15.837298,23221.65,22750.0,22650,ATM-9,PUT,23100,2026-06-11
2026-06-11 11:37:00+05:30,27.8,28.05,27.55,27.95,61425,2067000,15.777985,23218.05,22750.0,22650,ATM-9,PUT,23100,2026-06-11
2026-06-11 11:38:00+05:30,28.05,28.3,27.8,28.3,62595,2066870,15.779514,23215.3,22750.0,22650,ATM-9,PUT,23100,2026-06-11
2026-06-11 11:39:00+05:30,28.25,28.45,27.55,27.75,61815,2042170,15.850724,23222.95,22750.0,22650,ATM-9,PUT,23100,2026-06-11
2026-06-11 11:40:00+05:30,27.85,28.05,27.35,27.9,55640,2040675,15.879724,23223.05,22750.0,22650,ATM-9,PUT,23100,2026-06-11
2026-06-11 11:41:00+05:30,34.25,34.5,33.25,33.4,65390,4175210,15.807968,23230.3,22800.0,22650,ATM-9,PUT,23100,2026-06-11
2026-06-11 11:42:00+05:30,33.45,33.6,31.35,31.45,143065,4196595,15.819505,23244.6,22800.0,22650,ATM-9,PUT,23100,2026-06-11
2026-06-11 11:43:00+05:30,31.75,32.6,31.45,32.55,67600,4201470,15.928398,23241.55,22800.0,22650,ATM-9,PUT,23100,2026-06-11
2026-06-11 11:44:00+05:30,32.6,32.7,31.0,31.0,206635,4208100,15.949399,23253.7,22800.0,22650,ATM-9,PUT,23100,2026-06-11
2026-06-11 11:45:00+05:30,31.1,31.7,30.8,31.7,200330,4248530,16.07171,23254.05,22800.0,22650,ATM-9,PUT,23100,2026-06-11
2026-06-11 11:46:00+05:30,31.6,31.8,31.45,31.45,77285,4258995,16.114855,23257.8,22800.0,22650,ATM-9,PUT,23100,2026-06-11
2026-06-11 11:47:00+05:30,31.45,31.9,30.2,30.25,190385,4258150,16.16812,23269.2,22800.0,22650,ATM-9,PUT,23100,2026-06-11
2026-06-11 11:48:00+05:30,30.2,31.15,30.05,30.6,200330,4273815,16.20866,23268.35,22800.0,22650,ATM-9,PUT,23100,2026-06-11
2026-06-11 11:49:00+05:30,30.65,31.0,30.55,30.8,99320,4298320,16.173778,23265.2,22800.0,22650,ATM-9,PUT,23100,2026-06-11
2026-06-11 11:50:00+05:30,30.7,30.8,30.15,30.35,119015,4318665,16.287824,23273.8,22800.0,22650,ATM-9,PUT,23100,2026-06-11
2026-06-11 11:51:00+05:30,30.15,30.55,29.9,30.5,195845,4307810,16.20693,23268.9,22800.0,22650,ATM-9,PUT,23100,2026-06-11
2026-06-11 11:52:00+05:30,30.55,31.0,30.35,30.45,110370,4319965,16.225758,23270.1,22800.0,22650,ATM-9,PUT,23100,2026-06-11
2026-06-11 11:53:00+05:30,30.5,30.8,30.25,30.35,50050,4325555,16.297217,23274.1,22800.0,22650,ATM-9,PUT,23100,2026-06-11
2026-06-11 11:54:00+05:30,30.4,30.6,30.0,30.4,97045,4358900,16.281468,23272.95,22800.0,22650,ATM-9,PUT,23100,2026-06-11
2026-06-11 11:55:00+05:30,30.35,30.55,30.0,30.45,59410,4371705,16.309279,23273.8,22800.0,22650,ATM-9,PUT,23100,2026-06-11
2026-06-11 11:56:00+05:30,36.75,37.0,35.0,35.0,111020,2721290,16.149233,23285.3,22850.0,22650,ATM-9,PUT,23100,2026-06-11
2026-06-11 11:57:00+05:30,35.1,35.55,34.95,35.05,48555,2711605,16.149927,23284.95,22850.0,22650,ATM-9,PUT,23100,2026-06-11
2026-06-11 11:58:00+05:30,35.05,35.1,34.0,34.65,101205,2714335,16.223643,23290.9,22850.0,22650,ATM-9,PUT,23100,2026-06-11
2026-06-11 11:59:00+05:30,34.65,35.5,34.65,35.35,34385,2709265,16.156941,23283.15,22850.0,22650,ATM-9,PUT,23100,2026-06-11
2026-06-11 12:00:00+05:30,34.8,35.35,34.35,35.25,34125,2715960,16.174347,23284.55,22850.0,22650,ATM-9,PUT,23100,2026-06-11
2026-06-11 12:01:00+05:30,35.35,35.35,34.85,35.1,28535,2719730,16.242856,23288.55,22850.0,22650,ATM-9,PUT,23100,2026-06-11
2026-06-11 12:02:00+05:30,35.0,35.55,34.95,35.35,30875,2716090,16.217623,23285.7,22850.0,22650,ATM-9,PUT,23100,2026-06-11
2026-06-11 12:03:00+05:30,35.3,35.4,34.7,35.05,26260,2718560,16.269843,23290.0,22850.0,22650,ATM-9,PUT,23100,2026-06-11
2026-06-11 12:04:00+05:30,35.1,35.55,35.0,35.25,32110,2714140,16.22686,23286.7,22850.0,22650,ATM-9,PUT,23100,2026-06-11
2026-06-11 12:05:00+05:30,35.1,36.0,35.05,35.7,51350,2717650,16.17049,23281.15,22850.0,22650,ATM-9,PUT,23100,2026-06-11
2026-06-11 12:06:00+05:30,35.6,35.9,35.35,35.9,57330,2718040,16.223467,23282.1,22850.0,22650,ATM-9,PUT,23100,2026-06-11
2026-06-11 12:07:00+05:30,35.85,35.9,34.95,35.1,49920,2716935,16.288129,23290.3,22850.0,22650,ATM-9,PUT,23100,2026-06-11
2026-06-11 12:08:00+05:30,35.25,36.05,35.05,35.7,44265,2718950,16.25409,23284.7,22850.0,22650,ATM-9,PUT,23100,2026-06-11
2026-06-11 12:09:00+05:30,35.65,36.25,35.6,36.25,21255,2710630,16.305632,23283.25,22850.0,22650,ATM-9,PUT,23100,2026-06-11
2026-06-11 12:10:00+05:30,36.15,36.4,35.95,36.3,41405,2711865,16.210233,23278.7,22850.0,22650,ATM-9,PUT,23100,2026-06-11
2026-06-11 12:11:00+05:30,36.3,36.75,36.1,36.4,50830,2712060,16.199954,23277.55,22850.0,22650,ATM-9,PUT,23100,2026-06-11
2026-06-11 12:12:00+05:30,36.1,36.55,35.75,35.75,28860,2709265,16.232524,23283.25,22850.0,22650,ATM-9,PUT,23100,2026-06-11
2026-06-11 12:13:00+05:30,35.75,36.0,35.5,35.6,18590,2704520,16.28334,23286.45,22850.0,22650,ATM-9,PUT,23100,2026-06-11
2026-06-11 12:14:00+05:30,36.0,36.15,35.4,35.4,21515,2681705,16.278632,23287.55,22850.0,22650,ATM-9,PUT,23100,2026-06-11
2026-06-11 12:15:00+05:30,35.4,35.4,33.75,34.25,136435,2672995,16.406869,23301.1,22850.0,22650,ATM-9,PUT,23100,2026-06-11
2026-06-11 12:16:00+05:30,34.05,35.15,33.55,33.7,92430,2652780,16.395096,23304.4,22850.0,22650,ATM-9,PUT,23100,2026-06-11
2026-06-11 12:17:00+05:30,33.65,34.8,33.3,34.6,60255,2655120,16.386,23297.65,22850.0,22650,ATM-9,PUT,23100,2026-06-11
2026-06-11 12:18:00+05:30,34.65,35.4,34.55,35.15,66755,2647190,16.396775,23294.3,22850.0,22650,ATM-9,PUT,23100,2026-06-11
2026-06-11 12:19:00+05:30,35.05,35.85,35.0,35.85,55705,2657070,16.396592,23289.5,22850.0,22650,ATM-9,PUT,23100,2026-06-11
2026-06-11 12:20:00+05:30,35.8,36.2,35.35,36.2,40170,2654275,16.324513,23283.95,22850.0,22650,ATM-9,PUT,23100,2026-06-11
2026-06-11 12:21:00+05:30,36.1,36.45,35.65,35.9,40755,2656680,16.262769,23283.2,22850.0,22650,ATM-9,PUT,23100,2026-06-11
2026-06-11 12:22:00+05:30,35.9,36.1,35.65,36.0,31850,2659215,16.373482,23287.35,22850.0,22650,ATM-9,PUT,23100,2026-06-11
2026-06-11 12:23:00+05:30,36.0,36.3,35.4,35.7,51740,2670265,16.464835,23293.35,22850.0,22650,ATM-9,PUT,23100,2026-06-11
2026-06-11 12:24:00+05:30,35.75,36.15,35.6,35.6,26650,2670330,16.414154,23291.75,22850.0,22650,ATM-9,PUT,23100,2026-06-11
2026-06-11 12:25:00+05:30,35.6,36.55,35.5,36.05,16380,2661490,16.414719,23288.7,22850.0,22650,ATM-9,PUT,23100,2026-06-11
2026-06-11 12:26:00+05:30,36.2,36.2,35.4,35.95,20735,2661490,16.490198,23292.65,22850.0,22650,ATM-9,PUT,23100,2026-06-11
2026-06-11 12:27:00+05:30,35.95,36.15,35.75,35.85,17875,2657720,16.480379,23292.85,22850.0,22650,ATM-9,PUT,23100,2026-06-11
2026-06-11 12:28:00+05:30,35.75,36.15,35.2,35.45,14820,2652975,16.599689,23300.8,22850.0,22650,ATM-9,PUT,23100,2026-06-11
2026-06-11 12:29:00+05:30,35.6,35.85,35.4,35.5,13130,2650830,16.536078,23297.6,22850.0,22650,ATM-9,PUT,23100,2026-06-11
2026-06-11 12:30:00+05:30,35.35,35.5,34.8,35.15,55120,2652520,16.671103,23305.95,22850.0,22650,ATM-9,PUT,23100,2026-06-11
2026-06-11 12:31:00+05:30,35.3,35.6,34.0,34.35,49855,2651675,16.771567,23316.0,22850.0,22650,ATM-9,PUT,23100,2026-06-11
2026-06-11 12:32:00+05:30,34.25,34.4,33.3,33.3,114725,2632175,16.696178,23320.1,22850.0,22650,ATM-9,PUT,23100,2026-06-11
2026-06-11 12:33:00+05:30,33.35,33.9,33.05,33.15,40365,2633345,16.583245,23316.05,22850.0,22650,ATM-9,PUT,23100,2026-06-11
2026-06-11 12:34:00+05:30,33.0,33.25,32.7,32.7,77805,2633605,16.644425,23322.05,22850.0,22650,ATM-9,PUT,23100,2026-06-11
2026-06-11 12:35:00+05:30,32.65,34.2,32.35,33.95,88075,2626845,16.648451,23313.15,22850.0,22650,ATM-9,PUT,23100,2026-06-11
2026-06-11 12:36:00+05:30,33.9,34.2,33.7,34.1,30940,2612480,16.553664,23307.8,22850.0,22650,ATM-9,PUT,23100,2026-06-11
2026-06-11 12:37:00+05:30,33.9,34.35,33.65,33.85,42315,2617290,16.185575,23293.1,22850.0,22650,ATM-9,PUT,23100,2026-06-11
2026-06-11 12:38:00+05:30,33.95,34.85,33.75,34.65,34710,2614885,16.323789,23293.65,22850.0,22650,ATM-9,PUT,23100,2026-06-11
2026-06-11 12:39:00+05:30,34.65,34.8,33.8,33.9,26130,2606955,16.297557,23297.65,22850.0,22650,ATM-9,PUT,23100,2026-06-11
2026-06-11 12:40:00+05:30,33.9,34.35,33.8,34.2,16315,2606500,16.35122,23297.9,22850.0,22650,ATM-9,PUT,23100,2026-06-11
2026-06-11 12:41:00+05:30,34.15,34.8,34.15,34.7,26000,2603445,16.368305,23295.15,22850.0,22650,ATM-9,PUT,23100,2026-06-11
2026-06-11 12:42:00+05:30,34.75,35.3,34.5,34.85,26390,2601560,16.4242,23296.55,22850.0,22650,ATM-9,PUT,23100,2026-06-11
2026-06-11 12:43:00+05:30,34.95,35.75,34.7,35.1,33410,2601170,16.395007,23293.5,22850.0,22650,ATM-9,PUT,23100,2026-06-11
2026-06-11 12:44:00+05:30,35.1,35.3,34.85,35.15,21905,2600260,16.46254,23296.1,22850.0,22650,ATM-9,PUT,23100,2026-06-11
2026-06-11 12:45:00+05:30,35.2,35.65,35.0,35.3,16835,2599220,16.462969,23295.05,22850.0,22650,ATM-9,PUT,23100,2026-06-11
2026-06-11 12:46:00+05:30,35.0,35.3,34.4,34.75,26455,2599610,16.521851,23301.4,22850.0,22650,ATM-9,PUT,23100,2026-06-11
2026-06-11 12:47:00+05:30,34.65,35.5,34.3,35.2,21320,2598245,16.408674,23293.25,22850.0,22650,ATM-9,PUT,23100,2026-06-11
2026-06-11 12:48:00+05:30,35.3,36.25,35.2,36.15,48880,2596750,16.39284,23286.1,22850.0,22650,ATM-9,PUT,23100,2026-06-11
2026-06-11 12:49:00+05:30,36.2,36.6,35.9,36.45,51870,2593175,16.195362,23275.45,22850.0,22650,ATM-9,PUT,23100,2026-06-11
2026-06-11 12:50:00+05:30,36.25,36.45,35.55,35.7,47645,2582840,16.241676,23282.4,22850.0,22650,ATM-9,PUT,23100,2026-06-11
2026-06-11 12:51:00+05:30,35.65,35.95,35.15,35.9,26975,2588820,16.242282,23281.05,22850.0,22650,ATM-9,PUT,23100,2026-06-11
2026-06-11 12:52:00+05:30,35.75,36.05,35.65,35.8,30225,2594475,16.183436,23279.1,22850.0,22650,ATM-9,PUT,23100,2026-06-11
2026-06-11 12:53:00+05:30,35.9,35.9,35.2,35.6,31655,2592460,16.280571,23284.65,22850.0,22650,ATM-9,PUT,23100,2026-06-11
2026-06-11 12:54:00+05:30,35.5,35.6,35.3,35.45,5330,2595060,16.083854,23276.95,22850.0,22650,ATM-9,PUT,23100,2026-06-11
2026-06-11 12:55:00+05:30,35.45,35.45,35.45,35.45,0,2595060,16.083855,23276.95,22850.0,22650,ATM-9,PUT,23100,2026-06-11
2026-06-11 12:56:00+05:30,36.2,36.2,35.15,35.3,74035,2579265,16.198729,23282.95,22850.0,22650,ATM-9,PUT,23100,2026-06-11
2026-06-11 12:57:00+05:30,35.55,35.6,33.85,33.85,42120,2582905,16.337287,23299.0,22850.0,22650,ATM-9,PUT,23100,2026-06-11
2026-06-11 12:58:00+05:30,33.85,34.05,32.9,33.4,65845,2564445,16.374606,23303.8,22850.0,22650,ATM-9,PUT,23100,2026-06-11
2026-06-11 12:59:00+05:30,33.45,34.4,32.75,32.8,24050,2557750,16.378998,23308.25,22850.0,22650,ATM-9,PUT,23100,2026-06-11
2026-06-11 13:00:00+05:30,32.6,32.8,30.95,31.4,160875,2559505,16.503408,23324.15,22850.0,22650,ATM-9,PUT,23100,2026-06-11
2026-06-11 13:01:00+05:30,31.2,32.65,31.0,32.65,49205,2559050,16.486767,23314.1,22850.0,22650,ATM-9,PUT,23100,2026-06-11
2026-06-11 13:02:00+05:30,32.65,33.65,32.4,33.1,58175,2559310,16.396543,23306.75,22850.0,22650,ATM-9,PUT,23100,2026-06-11
2026-06-11 13:03:00+05:30,33.15,33.95,33.1,33.65,20540,2546050,16.426969,23304.15,22850.0,22650,ATM-9,PUT,23100,2026-06-11
2026-06-11 13:04:00+05:30,33.8,33.95,33.45,33.85,50050,2545660,16.402422,23301.6,22850.0,22650,ATM-9,PUT,23100,2026-06-11
2026-06-11 13:05:00+05:30,33.8,34.1,33.6,33.75,20930,2557490,16.412256,23302.7,22850.0,22650,ATM-9,PUT,23100,2026-06-11
2026-06-11 13:06:00+05:30,33.5,34.0,33.5,33.9,12220,2557880,16.410008,23301.5,22850.0,22650,ATM-9,PUT,23100,2026-06-11
2026-06-11 13:07:00+05:30,33.85,34.25,33.6,34.25,10855,2558660,16.410993,23299.05,22850.0,22650,ATM-9,PUT,23100,2026-06-11
2026-06-11 13:08:00+05:30,34.3,35.0,34.2,34.5,21645,2557945,16.289692,23291.9,22850.0,22650,ATM-9,PUT,23100,2026-06-11
2026-06-11 13:09:00+05:30,34.45,35.9,34.3,35.8,36855,2559895,16.235092,23280.65,22850.0,22650,ATM-9,PUT,23100,2026-06-11
2026-06-11 13:10:00+05:30,35.8,35.8,35.0,35.15,50440,2552420,16.178785,23282.5,22850.0,22650,ATM-9,PUT,23100,2026-06-11
2026-06-11 13:11:00+05:30,34.95,35.8,34.95,35.6,30160,2537665,16.167602,23278.95,22850.0,22650,ATM-9,PUT,23100,2026-06-11
2026-06-11 13:12:00+05:30,29.5,30.6,29.45,30.05,164190,4673500,16.17733,23267.45,22800.0,22650,ATM-9,PUT,23100,2026-06-11
2026-06-11 13:13:00+05:30,30.15,30.5,29.95,30.35,141440,4668885,16.072462,23260.35,22800.0,22650,ATM-9,PUT,23100,2026-06-11
2026-06-11 13:14:00+05:30,30.3,30.4,30.0,30.2,96980,4663360,16.028683,23259.45,22800.0,22650,ATM-9,PUT,23100,2026-06-11
2026-06-11 13:15:00+05:30,30.15,30.4,30.05,30.35,80080,4673565,16.072162,23260.25,22800.0,22650,ATM-9,PUT,23100,2026-06-11
2026-06-11 13:16:00+05:30,30.1,30.75,29.75,30.35,109395,4649905,15.961845,23255.2,22800.0,22650,ATM-9,PUT,23100,2026-06-11
2026-06-11 13:17:00+05:30,30.45,31.1,29.85,30.15,211055,4616365,16.106719,23263.25,22800.0,22650,ATM-9,PUT,23100,2026-06-11
2026-06-11 13:18:00+05:30,30.2,30.95,30.15,30.8,108160,4603625,16.005915,23253.75,22800.0,22650,ATM-9,PUT,23100,2026-06-11
2026-06-11 13:19:00+05:30,30.85,31.25,30.35,31.05,83395,4619940,16.055653,23254.1,22800.0,22650,ATM-9,PUT,23100,2026-06-11
2026-06-11 13:20:00+05:30,31.05,31.75,30.6,31.6,140140,4608955,16.064171,23250.4,22800.0,22650,ATM-9,PUT,23100,2026-06-11
2026-06-11 13:21:00+05:30,31.7,32.65,31.55,32.2,295490,4594850,15.902521,23238.8,22800.0,22650,ATM-9,PUT,23100,2026-06-11
2026-06-11 13:22:00+05:30,32.35,32.8,32.0,32.7,162435,4661735,15.748594,23228.4,22800.0,22650,ATM-9,PUT,23100,2026-06-11
2026-06-11 13:23:00+05:30,32.75,32.75,30.35,31.1,197925,4661670,15.838821,23243.8,22800.0,22650,ATM-9,PUT,23100,2026-06-11
2026-06-11 13:24:00+05:30,31.1,31.6,30.7,31.05,107965,4636125,15.731361,23239.3,22800.0,22650,ATM-9,PUT,23100,2026-06-11
2026-06-11 13:25:00+05:30,31.1,31.8,30.4,31.8,123630,4646850,15.707588,23232.8,22800.0,22650,ATM-9,PUT,23100,2026-06-11
2026-06-11 13:26:00+05:30,31.8,32.8,31.65,32.4,141570,4642300,15.630346,23225.1,22800.0,22650,ATM-9,PUT,23100,2026-06-11
2026-06-11 13:27:00+05:30,32.3,32.4,31.5,31.7,89960,4658095,15.64403,23230.6,22800.0,22650,ATM-9,PUT,23100,2026-06-11
2026-06-11 13:28:00+05:30,31.75,32.1,31.05,31.45,58500,4657445,15.678929,23233.9,22800.0,22650,ATM-9,PUT,23100,2026-06-11
2026-06-11 13:29:00+05:30,31.35,31.45,30.75,30.9,78260,4658355,15.791837,23242.9,22800.0,22650,ATM-9,PUT,23100,2026-06-11
2026-06-11 13:30:00+05:30,31.0,31.0,28.45,29.05,228930,4612140,15.80834,23257.5,22800.0,22650,ATM-9,PUT,23100,2026-06-11
2026-06-11 13:31:00+05:30,28.95,30.0,28.95,29.45,111410,4551755,15.85903,23256.7,22800.0,22650,ATM-9,PUT,23100,2026-06-11
2026-06-11 13:32:00+05:30,28.7,29.45,27.55,27.55,165035,4550650,15.669352,23262.8,22800.0,22650,ATM-9,PUT,23100,2026-06-11
2026-06-11 13:33:00+05:30,27.75,28.1,27.0,28.05,196040,4552015,15.668446,23258.75,22800.0,22650,ATM-9,PUT,23100,2026-06-11
2026-06-11 13:34:00+05:30,28.15,29.55,28.05,29.55,102440,4490655,15.591179,23243.65,22800.0,22650,ATM-9,PUT,23100,2026-06-11
2026-06-11 13:35:00+05:30,29.5,29.6,28.3,28.6,147615,4584385,15.550899,23249.0,22800.0,22650,ATM-9,PUT,23100,2026-06-11
2026-06-11 13:36:00+05:30,28.6,28.9,27.7,27.7,75790,4580355,15.557923,23256.3,22800.0,22650,ATM-9,PUT,23100,2026-06-11
2026-06-11 13:37:00+05:30,27.6,28.25,27.6,28.0,96070,4579900,15.496941,23251.1,22800.0,22650,ATM-9,PUT,23100,2026-06-11
2026-06-11 13:38:00+05:30,27.85,29.65,27.85,29.4,78390,4582500,15.54236,23242.4,22800.0,22650,ATM-9,PUT,23100,2026-06-11
2026-06-11 13:39:00+05:30,29.25,30.65,29.25,30.25,113100,4599725,15.467962,23232.7,22800.0,22650,ATM-9,PUT,23100,2026-06-11
2026-06-11 13:40:00+05:30,30.15,30.85,29.25,30.85,77090,4608955,15.567468,23232.75,22800.0,22650,ATM-9,PUT,23100,2026-06-11
2026-06-11 13:41:00+05:30,30.7,30.9,30.2,30.6,135265,4644185,15.455227,23229.5,22800.0,22650,ATM-9,PUT,23100,2026-06-11
2026-06-11 13:42:00+05:30,30.5,30.6,29.7,30.3,52455,4649385,15.411923,23229.7,22800.0,22650,ATM-9,PUT,23100,2026-06-11
2026-06-11 13:43:00+05:30,24.5,25.35,24.25,24.8,68900,2760940,15.366706,23219.45,22750.0,22650,ATM-9,PUT,23100,2026-06-11
2026-06-11 13:44:00+05:30,24.9,25.45,24.2,24.35,63895,2745990,15.379741,23223.9,22750.0,22650,ATM-9,PUT,23100,2026-06-11
2026-06-11 13:45:00+05:30,24.35,24.9,24.3,24.9,47320,2748915,15.42289,23221.15,22750.0,22650,ATM-9,PUT,23100,2026-06-11
2026-06-11 13:46:00+05:30,30.7,31.5,30.1,30.15,168155,4612205,15.346504,23227.7,22800.0,22650,ATM-9,PUT,23100,2026-06-11
2026-06-11 13:47:00+05:30,30.2,30.2,28.8,29.7,119925,4596670,15.386351,23232.75,22800.0,22650,ATM-9,PUT,23100,2026-06-11
2026-06-11 13:48:00+05:30,29.65,29.85,28.65,29.5,93795,4596800,15.336596,23231.95,22800.0,22650,ATM-9,PUT,23100,2026-06-11
2026-06-11 13:49:00+05:30,29.5,30.15,29.15,29.6,50765,4577495,15.318385,23230.35,22800.0,22650,ATM-9,PUT,23100,2026-06-11
2026-06-11 13:50:00+05:30,23.9,24.6,23.9,24.4,30355,2715115,15.400773,23224.2,22750.0,22650,ATM-9,PUT,23100,2026-06-11
2026-06-11 13:51:00+05:30,29.95,30.55,29.55,29.7,71955,4584905,15.244167,23226.2,22800.0,22650,ATM-9,PUT,23100,2026-06-11
2026-06-11 13:52:00+05:30,29.65,30.55,29.1,29.1,86710,4573660,15.229853,23229.95,22800.0,22650,ATM-9,PUT,23100,2026-06-11
2026-06-11 13:53:00+05:30,29.3,29.45,28.65,28.9,93470,4572295,15.328217,23235.85,22800.0,22650,ATM-9,PUT,23100,2026-06-11
2026-06-11 13:54:00+05:30,29.0,29.65,28.85,29.2,61620,4559555,15.349066,23234.5,22800.0,22650,ATM-9,PUT,23100,2026-06-11
2026-06-11 13:55:00+05:30,29.2,29.9,28.75,28.85,48360,4558840,15.325017,23236.0,22800.0,22650,ATM-9,PUT,23100,2026-06-11
2026-06-11 13:56:00+05:30,28.95,29.2,28.3,28.4,58695,4567160,15.345393,23240.3,22800.0,22650,ATM-9,PUT,23100,2026-06-11
2026-06-11 13:57:00+05:30,28.5,29.0,28.05,28.55,91130,4558385,15.349483,23239.3,22800.0,22650,ATM-9,PUT,23100,2026-06-11
2026-06-11 13:58:00+05:30,28.5,28.55,27.4,27.5,115245,4544150,15.364153,23248.05,22800.0,22650,ATM-9,PUT,23100,2026-06-11
2026-06-11 13:59:00+05:30,27.65,29.6,27.5,29.25,71370,4529200,15.328624,23233.0,22800.0,22650,ATM-9,PUT,23100,2026-06-11
2026-06-11 14:00:00+05:30,29.2,29.45,27.8,28.1,64805,4526275,15.296256,23240.2,22800.0,22650,ATM-9,PUT,23100,2026-06-11
2026-06-11 14:01:00+05:30,28.15,28.75,28.0,28.45,53105,4548310,15.260305,23235.85,22800.0,22650,ATM-9,PUT,23100,2026-06-11
2026-06-11 14:02:00+05:30,28.5,28.8,28.3,28.4,83200,4556110,15.185543,23232.8,22800.0,22650,ATM-9,PUT,23100,2026-06-11
2026-06-11 14:03:00+05:30,28.2,28.6,28.0,28.5,70265,4560465,15.279312,23236.25,22800.0,22650,ATM-9,PUT,23100,2026-06-11
2026-06-11 14:04:00+05:30,28.5,28.75,27.75,28.3,87100,4593680,15.248872,23236.35,22800.0,22650,ATM-9,PUT,23100,2026-06-11
2026-06-11 14:05:00+05:30,28.3,29.4,28.05,28.55,114985,4601935,15.201151,23232.25,22800.0,22650,ATM-9,PUT,23100,2026-06-11
2026-06-11 14:06:00+05:30,28.45,28.9,28.05,28.4,37440,4616300,15.190242,23232.85,22800.0,22650,ATM-9,PUT,23100,2026-06-11
2026-06-11 14:07:00+05:30,22.75,24.5,22.75,24.4,34255,2613260,15.3272,23220.0,22750.0,22650,ATM-9,PUT,23100,2026-06-11
2026-06-11 14:08:00+05:30,24.5,25.2,24.35,25.1,80210,2605655,15.243006,23210.05,22750.0,22650,ATM-9,PUT,23100,2026-06-11
2026-06-11 14:09:00+05:30,25.3,25.95,24.35,24.5,110045,2616185,15.189804,23212.6,22750.0,22650,ATM-9,PUT,23100,2026-06-11
2026-06-11 14:10:00+05:30,24.6,24.8,23.9,24.65,53950,2614040,15.260668,23214.6,22750.0,22650,ATM-9,PUT,23100,2026-06-11
2026-06-11 14:11:00+05:30,24.75,25.3,24.25,24.45,52325,2614950,15.193157,23213.1,22750.0,22650,ATM-9,PUT,23100,2026-06-11
2026-06-11 14:12:00+05:30,24.4,24.95,24.2,24.8,28860,2615990,15.199987,23210.4,22750.0,22650,ATM-9,PUT,23100,2026-06-11
2026-06-11 14:13:00+05:30,24.7,24.8,23.35,23.45,44070,2617680,15.225441,23223.25,22750.0,22650,ATM-9,PUT,23100,2026-06-11
2026-06-11 14:14:00+05:30,23.45,24.1,23.0,24.05,46540,2607085,15.264911,23219.8,22750.0,22650,ATM-9,PUT,23100,2026-06-11
2026-06-11 14:15:00+05:30,23.95,24.35,23.7,24.05,31655,2610985,15.16819,23215.2,22750.0,22650,ATM-9,PUT,23100,2026-06-11
2026-06-11 14:16:00+05:30,23.95,24.1,23.45,24.05,59540,2622750,15.192455,23216.3,22750.0,22650,ATM-9,PUT,23100,2026-06-11
2026-06-11 14:17:00+05:30,24.15,24.7,24.05,24.5,36140,2614105,15.232222,23214.25,22750.0,22650,ATM-9,PUT,23100,2026-06-11
2026-06-11 14:18:00+05:30,24.55,25.4,24.5,25.4,53625,2614170,15.261894,23208.0,22750.0,22650,ATM-9,PUT,23100,2026-06-11
2026-06-11 14:19:00+05:30,25.1,25.5,24.3,24.6,47060,2606045,15.306652,23216.8,22750.0,22650,ATM-9,PUT,23100,2026-06-11
2026-06-11 14:20:00+05:30,23.95,24.6,23.25,23.5,78975,2592460,15.235873,23223.0,22750.0,22650,ATM-9,PUT,23100,2026-06-11
2026-06-11 14:21:00+05:30,23.45,24.0,23.25,23.7,29640,2589795,15.205375,23219.75,22750.0,22650,ATM-9,PUT,23100,2026-06-11
2026-06-11 14:22:00+05:30,24.1,24.1,23.45,24.05,47645,2609815,15.276432,23220.0,22750.0,22650,ATM-9,PUT,23100,2026-06-11
2026-06-11 14:23:00+05:30,23.85,25.15,23.75,25.1,60645,2592980,15.239451,23209.25,22750.0,22650,ATM-9,PUT,23100,2026-06-11
2026-06-11 14:24:00+05:30,24.9,25.15,24.65,24.75,19240,2585245,15.116123,23206.4,22750.0,22650,ATM-9,PUT,23100,2026-06-11
2026-06-11 14:25:00+05:30,24.8,24.8,23.9,24.1,39520,2583815,15.215125,23216.55,22750.0,22650,ATM-9,PUT,23100,2026-06-11
2026-06-11 14:26:00+05:30,29.85,30.1,28.8,29.05,80275,4574440,15.143244,23225.05,22800.0,22650,ATM-9,PUT,23100,2026-06-11
2026-06-11 14:27:00+05:30,29.0,29.2,28.4,28.75,117650,4577690,15.123425,23226.35,22800.0,22650,ATM-9,PUT,23100,2026-06-11
2026-06-11 14:28:00+05:30,28.2,28.75,25.95,25.95,323895,4558385,15.198044,23251.55,22800.0,22650,ATM-9,PUT,23100,2026-06-11
2026-06-11 14:29:00+05:30,26.0,27.75,25.75,27.6,135720,4545385,15.258531,23241.15,22800.0,22650,ATM-9,PUT,23100,2026-06-11
2026-06-11 14:30:00+05:30,27.8,28.55,26.75,26.75,149955,4580160,15.207305,23245.45,22800.0,22650,ATM-9,PUT,23100,2026-06-11
2026-06-11 14:31:00+05:30,26.65,27.3,26.6,27.0,80210,4585945,15.134624,23240.1,22800.0,22650,ATM-9,PUT,23100,2026-06-11
2026-06-11 14:32:00+05:30,27.1,27.7,26.65,26.65,95745,4578470,15.148229,23243.45,22800.0,22650,ATM-9,PUT,23100,2026-06-11
2026-06-11 14:33:00+05:30,27.2,28.55,26.75,28.45,80015,4581330,15.138809,23229.05,22800.0,22650,ATM-9,PUT,23100,2026-06-11
2026-06-11 14:34:00+05:30,28.45,28.7,27.95,28.15,92820,4581330,15.148109,23231.7,22800.0,22650,ATM-9,PUT,23100,2026-06-11
2026-06-11 14:35:00+05:30,28.2,28.25,27.25,28.1,56615,4576975,15.263085,23237.25,22800.0,22650,ATM-9,PUT,23100,2026-06-11
2026-06-11 14:36:00+05:30,22.4,23.65,22.25,23.65,49465,2565745,15.072929,23213.3,22750.0,22650,ATM-9,PUT,23100,2026-06-11
2026-06-11 14:37:00+05:30,29.8,31.4,29.25,29.65,282360,4544995,15.274201,23226.05,22800.0,22650,ATM-9,PUT,23100,2026-06-11
2026-06-11 14:38:00+05:30,23.25,24.65,23.25,24.4,42705,2553850,15.321494,23218.4,22750.0,22650,ATM-9,PUT,23100,2026-06-11
2026-06-11 14:39:00+05:30,24.35,25.75,24.35,24.85,189475,2520505,15.37694,23217.1,22750.0,22650,ATM-9,PUT,23100,2026-06-11
2026-06-11 14:40:00+05:30,24.75,25.3,24.65,25.1,72215,2514655,15.233418,23208.25,22750.0,22650,ATM-9,PUT,23100,2026-06-11
2026-06-11 14:41:00+05:30,25.2,25.75,24.8,24.85,151580,2509000,15.308174,23213.8,22750.0,22650,ATM-9,PUT,23100,2026-06-11
2026-06-11 14:42:00+05:30,24.8,25.55,24.75,25.55,58825,2495740,15.367694,23210.65,22750.0,22650,ATM-9,PUT,23100,2026-06-11
2026-06-11 14:43:00+05:30,25.45,26.7,25.2,26.7,117455,2487095,15.282301,23197.3,22750.0,22650,ATM-9,PUT,23100,2026-06-11
2026-06-11 14:44:00+05:30,26.85,26.9,25.95,26.2,78910,2462070,15.258845,23200.2,22750.0,22650,ATM-9,PUT,23100,2026-06-11
2026-06-11 14:45:00+05:30,25.75,27.05,25.75,26.95,134095,2435940,15.326494,23197.25,22750.0,22650,ATM-9,PUT,23100,2026-06-11
2026-06-11 14:46:00+05:30,27.0,27.25,25.65,27.25,106925,2416570,15.264255,23192.0,22750.0,22650,ATM-9,PUT,23100,2026-06-11
2026-06-11 14:47:00+05:30,21.85,24.35,21.7,23.7,614250,4189965,15.204322,23167.1,22700.0,22650,ATM-9,PUT,23100,2026-06-11
2026-06-11 14:48:00+05:30,29.45,29.45,27.25,27.65,114595,2352805,15.077725,23180.35,22750.0,22650,ATM-9,PUT,23100,2026-06-11
2026-06-11 14:49:00+05:30,27.45,27.65,26.55,27.0,132340,2363010,15.24799,23193.1,22750.0,22650,ATM-9,PUT,23100,2026-06-11
2026-06-11 14:50:00+05:30,22.0,23.0,21.65,22.85,465205,4354090,15.166936,23172.75,22700.0,22650,ATM-9,PUT,23100,2026-06-11
2026-06-11 14:51:00+05:30,22.6,22.95,22.05,22.55,154960,4337125,15.103348,23172.4,22700.0,22650,ATM-9,PUT,23100,2026-06-11
2026-06-11 14:52:00+05:30,22.45,22.75,22.25,22.55,70460,4349020,15.076874,23171.1,22700.0,22650,ATM-9,PUT,23100,2026-06-11
2026-06-11 14:53:00+05:30,22.6,22.6,21.9,22.1,75530,4343430,15.052435,23174.0,22700.0,22650,ATM-9,PUT,23100,2026-06-11
2026-06-11 14:54:00+05:30,22.0,22.5,22.0,22.05,47125,4333355,14.995443,23171.7,22700.0,22650,ATM-9,PUT,23100,2026-06-11
2026-06-11 14:55:00+05:30,22.1,22.4,21.7,22.0,204750,4357015,15.005581,23172.6,22700.0,22650,ATM-9,PUT,23100,2026-06-11
2026-06-11 14:56:00+05:30,21.95,22.25,21.7,22.15,261820,4178720,14.988136,23170.35,22700.0,22650,ATM-9,PUT,23100,2026-06-11
2026-06-11 14:57:00+05:30,22.25,22.5,21.85,22.0,84305,4183335,14.872977,23166.2,22700.0,22650,ATM-9,PUT,23100,2026-06-11
2026-06-11 14:58:00+05:30,21.95,22.05,21.75,22.0,64480,4179825,15.006182,23172.5,22700.0,22650,ATM-9,PUT,23100,2026-06-11
2026-06-11 14:59:00+05:30,27.15,28.05,26.85,27.95,95680,2315495,15.065174,23177.05,22750.0,22650,ATM-9,PUT,23100,2026-06-11
2026-06-11 15:00:00+05:30,22.3,23.0,20.25,22.9,329225,4138420,14.788118,23154.0,22700.0,22650,ATM-9,PUT,23100,2026-06-11
2026-06-11 15:01:00+05:30,23.0,23.65,22.5,22.5,174460,4130945,14.695919,23153.15,22700.0,22650,ATM-9,PUT,23100,2026-06-11
2026-06-11 15:02:00+05:30,22.7,23.4,21.7,22.5,223470,4152980,14.816555,23158.8,22700.0,22650,ATM-9,PUT,23100,2026-06-11
2026-06-11 15:03:00+05:30,22.5,23.25,22.5,22.9,89505,4166175,14.881122,23158.25,22700.0,22650,ATM-9,PUT,23100,2026-06-11
2026-06-11 15:04:00+05:30,22.95,23.3,22.6,23.2,99905,4167410,14.655327,23145.0,22700.0,22650,ATM-9,PUT,23100,2026-06-11
2026-06-11 15:05:00+05:30,23.3,23.7,22.85,22.95,181805,4184700,14.664402,23147.55,22700.0,22650,ATM-9,PUT,23100,2026-06-11
2026-06-11 15:06:00+05:30,22.9,23.95,22.7,23.7,182520,4176445,14.627468,23139.35,22700.0,22650,ATM-9,PUT,23100,2026-06-11
2026-06-11 15:07:00+05:30,23.8,24.05,23.0,23.0,148785,4173260,14.687185,23148.1,22700.0,22650,ATM-9,PUT,23100,2026-06-11
2026-06-11 15:08:00+05:30,22.7,23.4,22.5,23.4,119990,4192630,14.510996,23136.4,22700.0,22650,ATM-9,PUT,23100,2026-06-11
2026-06-11 15:09:00+05:30,23.5,23.65,23.1,23.15,171405,4156945,14.625853,23143.85,22700.0,22650,ATM-9,PUT,23100,2026-06-11
2026-06-11 15:10:00+05:30,22.95,23.15,22.0,22.0,173420,4131790,14.57962,23151.75,22700.0,22650,ATM-9,PUT,23100,2026-06-11
2026-06-11 15:11:00+05:30,22.0,22.8,21.6,22.65,139555,4106830,14.540194,23144.1,22700.0,22650,ATM-9,PUT,23100,2026-06-11
2026-06-11 15:12:00+05:30,22.6,23.2,22.25,22.25,123760,4069325,14.624475,23151.55,22700.0,22650,ATM-9,PUT,23100,2026-06-11
2026-06-11 15:13:00+05:30,22.3,22.35,21.45,21.5,232440,4015180,14.699383,23161.85,22700.0,22650,ATM-9,PUT,23100,2026-06-11
2026-06-11 15:14:00+05:30,21.5,22.25,21.2,22.15,166530,3987685,14.908498,23165.8,22700.0,22650,ATM-9,PUT,23100,2026-06-11
2026-06-11 15:15:00+05:30,22.25,23.0,21.9,21.95,247715,3972605,14.883616,23166.4,22700.0,22650,ATM-9,PUT,23100,2026-06-11
2026-06-11 15:16:00+05:30,27.6,27.6,25.5,25.5,163865,2228980,14.736493,23180.55,22750.0,22650,ATM-9,PUT,23100,2026-06-11
2026-06-11 15:17:00+05:30,25.4,25.85,25.1,25.45,90740,2230930,14.758081,23181.9,22750.0,22650,ATM-9,PUT,23100,2026-06-11
2026-06-11 15:18:00+05:30,25.55,27.5,25.25,27.2,79300,2240875,15.045742,23181.15,22750.0,22650,ATM-9,PUT,23100,2026-06-11
2026-06-11 15:19:00+05:30,21.7,22.6,21.7,21.9,89375,3894215,14.99526,23172.0,22700.0,22650,ATM-9,PUT,23100,2026-06-11
2026-06-11 15:20:00+05:30,27.45,27.6,26.55,26.6,152100,2408185,14.879516,23178.2,22750.0,22650,ATM-9,PUT,23100,2026-06-11
2026-06-11 15:21:00+05:30,26.7,27.0,25.95,26.7,106080,2439515,14.863418,23176.65,22750.0,22650,ATM-9,PUT,23100,2026-06-11
2026-06-11 15:22:00+05:30,21.25,21.8,20.95,21.4,109720,3905460,14.856744,23169.9,22700.0,22650,ATM-9,PUT,23100,2026-06-11
2026-06-11 15:23:00+05:30,21.4,21.75,21.15,21.15,161265,3931200,14.829611,23170.9,22700.0,22650,ATM-9,PUT,23100,2026-06-11
2026-06-11 15:24:00+05:30,21.15,21.4,20.95,21.25,163930,3954990,14.906536,23173.6,22700.0,22650,ATM-9,PUT,23100,2026-06-11
2026-06-11 15:25:00+05:30,21.3,21.35,20.2,20.2,239525,4012255,14.715541,23174.4,22700.0,22650,ATM-9,PUT,23100,2026-06-11
2026-06-11 15:26:00+05:30,25.4,25.55,24.25,24.25,202800,2557815,14.438164,23176.6,22750.0,22650,ATM-9,PUT,23100,2026-06-11
2026-06-11 15:27:00+05:30,24.3,25.65,24.0,25.15,109005,2578420,14.65298,23179.1,22750.0,22650,ATM-9,PUT,23100,2026-06-11
2026-06-11 15:28:00+05:30,25.25,25.85,24.9,25.6,137215,2584725,14.753649,23180.05,22750.0,22650,ATM-9,PUT,23100,2026-06-11
2026-06-11 15:29:00+05:30,25.6,25.8,24.75,24.8,110175,2595645,14.754879,23186.55,22750.0,22650,ATM-9,PUT,23100,2026-06-11
2026-06-11 09:15:00+05:30,442.1,477.45,440.0,460.35,14495,106145,13.264024,23104.4,22700.0,22700,ATM-8,CALL,23100,2026-06-11
2026-06-11 09:16:00+05:30,457.75,460.35,432.0,432.8,15600,113100,11.787146,23082.3,22700.0,22700,ATM-8,CALL,23100,2026-06-11
2026-06-11 09:17:00+05:30,433.95,436.0,426.6,436.0,6890,117065,10.324609,23092.9,22700.0,22700,ATM-8,CALL,23100,2026-06-11
2026-06-11 09:18:00+05:30,440.55,451.7,436.0,444.8,7735,115505,10.868341,23100.1,22700.0,22700,ATM-8,CALL,23100,2026-06-11
2026-06-11 09:19:00+05:30,445.55,456.8,444.8,456.8,6565,116285,10.122559,23115.85,22700.0,22700,ATM-8,CALL,23100,2026-06-11
2026-06-11 09:20:00+05:30,412.15,424.4,406.9,424.4,2730,34710,10.684985,23128.6,22750.0,22700,ATM-8,CALL,23100,2026-06-11
2026-06-11 09:21:00+05:30,423.6,436.15,422.35,435.0,2015,32955,10.134066,23142.45,22750.0,22700,ATM-8,CALL,23100,2026-06-11
2026-06-11 09:22:00+05:30,435.3,436.85,427.5,430.65,2860,31655,8.533606,23142.9,22750.0,22700,ATM-8,CALL,23100,2026-06-11
2026-06-11 09:23:00+05:30,435.15,437.45,428.85,429.7,1560,31200,10.49597,23135.25,22750.0,22700,ATM-8,CALL,23100,2026-06-11
2026-06-11 09:24:00+05:30,471.95,475.4,457.0,458.35,3185,111345,10.332449,23116.8,22700.0,22700,ATM-8,CALL,23100,2026-06-11
2026-06-11 09:25:00+05:30,457.6,459.3,453.75,454.85,7020,111020,11.325593,23109.0,22700.0,22700,ATM-8,CALL,23100,2026-06-11
2026-06-11 09:26:00+05:30,454.5,459.95,449.45,454.6,2665,111020,11.586623,23107.5,22700.0,22700,ATM-8,CALL,23100,2026-06-11
2026-06-11 09:27:00+05:30,456.95,458.85,442.5,449.1,3900,111150,11.592824,23101.45,22700.0,22700,ATM-8,CALL,23100,2026-06-11
2026-06-11 09:28:00+05:30,449.2,462.25,449.1,461.1,9620,112840,10.903313,23117.6,22700.0,22700,ATM-8,CALL,23100,2026-06-11
2026-06-11 09:29:00+05:30,461.95,468.4,458.7,464.2,6045,115570,10.652225,23121.9,22700.0,22700,ATM-8,CALL,23100,2026-06-11
2026-06-11 09:30:00+05:30,462.9,464.45,448.35,450.0,3250,114140,9.621189,23110.35,22700.0,22700,ATM-8,CALL,23100,2026-06-11
2026-06-11 09:31:00+05:30,450.0,453.25,445.0,453.25,3575,115505,8.285475,23116.9,22700.0,22700,ATM-8,CALL,23100,2026-06-11
2026-06-11 09:32:00+05:30,459.2,465.0,453.25,461.6,4290,117195,11.844352,23113.95,22700.0,22700,ATM-8,CALL,23100,2026-06-11
2026-06-11 09:33:00+05:30,449.0,461.6,440.0,442.15,3965,117780,9.774033,23101.6,22700.0,22700,ATM-8,CALL,23100,2026-06-11
2026-06-11 09:34:00+05:30,441.95,450.2,441.95,447.7,1755,119665,9.01119,23109.65,22700.0,22700,ATM-8,CALL,23100,2026-06-11
2026-06-11 09:35:00+05:30,446.2,447.7,435.0,435.4,1950,120445,8.965672,23096.95,22700.0,22700,ATM-8,CALL,23100,2026-06-11
2026-06-11 09:36:00+05:30,436.5,449.45,435.4,449.0,2730,121550,8.399041,23112.35,22700.0,22700,ATM-8,CALL,23100,2026-06-11
2026-06-11 09:37:00+05:30,451.75,457.1,449.0,456.3,7865,121875,8.667841,23119.35,22700.0,22700,ATM-8,CALL,23100,2026-06-11
2026-06-11 09:38:00+05:30,419.35,425.5,413.0,420.15,325,36140,9.25105,23129.95,22750.0,22700,ATM-8,CALL,23100,2026-06-11
2026-06-11 09:39:00+05:30,422.5,430.05,420.15,425.75,1170,35945,10.204918,23132.35,22750.0,22700,ATM-8,CALL,23100,2026-06-11
2026-06-11 09:40:00+05:30,465.4,468.55,460.0,460.0,10920,124670,10.006,23119.75,22700.0,22700,ATM-8,CALL,23100,2026-06-11
2026-06-11 09:41:00+05:30,457.5,460.0,454.0,457.0,1365,124215,8.536625,23120.35,22700.0,22700,ATM-8,CALL,23100,2026-06-11
2026-06-11 09:42:00+05:30,456.5,459.8,451.0,453.1,2860,124995,0.0,23120.0,22700.0,22700,ATM-8,CALL,23100,2026-06-11
2026-06-11 09:43:00+05:30,418.5,432.6,410.35,432.6,260,35295,9.797336,23141.3,22750.0,22700,ATM-8,CALL,23100,2026-06-11
2026-06-11 09:44:00+05:30,432.9,435.05,432.6,433.95,585,34840,9.345869,23144.25,22750.0,22700,ATM-8,CALL,23100,2026-06-11
2026-06-11 09:45:00+05:30,435.5,440.0,432.8,432.8,2535,35425,8.360168,23145.65,22750.0,22700,ATM-8,CALL,23100,2026-06-11
2026-06-11 09:46:00+05:30,432.0,441.45,432.0,440.65,260,35685,7.991743,23154.45,22750.0,22700,ATM-8,CALL,23100,2026-06-11
2026-06-11 09:47:00+05:30,439.5,440.65,435.0,435.3,1625,35815,7.526621,23149.7,22750.0,22700,ATM-8,CALL,23100,2026-06-11
2026-06-11 09:48:00+05:30,432.0,435.3,426.05,426.05,845,36400,6.357636,23141.5,22750.0,22700,ATM-8,CALL,23100,2026-06-11
2026-06-11 09:49:00+05:30,431.0,439.5,426.05,438.8,650,36595,7.51096,23153.3,22750.0,22700,ATM-8,CALL,23100,2026-06-11
2026-06-11 09:50:00+05:30,439.0,451.0,435.25,450.4,1365,36725,8.810563,23162.9,22750.0,22700,ATM-8,CALL,23100,2026-06-11
2026-06-11 09:51:00+05:30,446.5,452.8,446.5,452.45,780,36205,7.226157,23167.5,22750.0,22700,ATM-8,CALL,23100,2026-06-11
2026-06-11 09:52:00+05:30,450.9,452.45,448.35,452.3,1105,35945,0.0,23170.8,22750.0,22700,ATM-8,CALL,23100,2026-06-11
2026-06-11 09:53:00+05:30,455.6,455.6,450.0,450.05,195,36400,0.0,23172.3,22750.0,22700,ATM-8,CALL,23100,2026-06-11
2026-06-11 09:54:00+05:30,453.75,453.75,438.8,438.8,715,36465,8.128307,23152.35,22750.0,22700,ATM-8,CALL,23100,2026-06-11
2026-06-11 09:55:00+05:30,442.35,442.35,429.9,434.0,650,36595,10.072382,23141.85,22750.0,22700,ATM-8,CALL,23100,2026-06-11
2026-06-11 09:56:00+05:30,433.0,436.3,433.0,433.0,390,36530,10.14592,23140.5,22750.0,22700,ATM-8,CALL,23100,2026-06-11
2026-06-11 09:57:00+05:30,426.95,433.0,425.3,427.1,455,36855,10.827002,23131.15,22750.0,22700,ATM-8,CALL,23100,2026-06-11
2026-06-11 09:58:00+05:30,464.1,464.1,452.5,452.9,5135,124150,9.210652,23114.7,22700.0,22700,ATM-8,CALL,23100,2026-06-11
2026-06-11 09:59:00+05:30,452.6,459.45,449.0,450.75,2340,125060,0.0,23117.6,22700.0,22700,ATM-8,CALL,23100,2026-06-11
2026-06-11 10:00:00+05:30,409.9,420.2,408.65,417.1,1625,38025,8.033292,23130.2,22750.0,22700,ATM-8,CALL,23100,2026-06-11
2026-06-11 10:01:00+05:30,422.35,423.95,417.1,420.2,845,38935,8.433962,23132.5,22750.0,22700,ATM-8,CALL,23100,2026-06-11
2026-06-11 10:02:00+05:30,461.15,463.25,455.6,455.6,585,126295,0.0,23122.9,22700.0,22700,ATM-8,CALL,23100,2026-06-11
2026-06-11 10:03:00+05:30,461.0,464.4,452.0,453.4,780,126035,0.0,23120.85,22700.0,22700,ATM-8,CALL,23100,2026-06-11
2026-06-11 10:04:00+05:30,453.4,456.65,445.4,445.4,1950,125970,8.519699,23108.55,22700.0,22700,ATM-8,CALL,23100,2026-06-11
2026-06-11 10:05:00+05:30,443.0,450.1,439.2,450.1,4485,126230,9.121607,23112.05,22700.0,22700,ATM-8,CALL,23100,2026-06-11
2026-06-11 10:06:00+05:30,412.95,427.0,408.15,424.7,1300,39390,8.393484,23137.3,22750.0,22700,ATM-8,CALL,23100,2026-06-11
2026-06-11 10:07:00+05:30,422.0,435.75,422.0,435.75,1040,38675,8.802104,23147.8,22750.0,22700,ATM-8,CALL,23100,2026-06-11
2026-06-11 10:08:00+05:30,433.95,445.5,433.95,445.5,845,38155,9.213409,23156.9,22750.0,22700,ATM-8,CALL,23100,2026-06-11
2026-06-11 10:09:00+05:30,447.25,447.25,440.35,440.35,650,37895,0.0,23156.95,22750.0,22700,ATM-8,CALL,23100,2026-06-11
2026-06-11 10:10:00+05:30,440.15,446.85,440.15,443.6,520,37440,7.505095,23158.3,22750.0,22700,ATM-8,CALL,23100,2026-06-11
2026-06-11 10:11:00+05:30,446.3,450.35,443.6,449.15,520,37440,8.1671,23163.0,22750.0,22700,ATM-8,CALL,23100,2026-06-11
2026-06-11 10:12:00+05:30,445.35,449.15,442.0,442.0,455,37245,7.529345,23156.65,22750.0,22700,ATM-8,CALL,23100,2026-06-11
2026-06-11 10:13:00+05:30,447.0,447.0,442.0,447.0,130,37115,8.701832,23159.75,22750.0,22700,ATM-8,CALL,23100,2026-06-11
2026-06-11 10:14:00+05:30,448.9,448.9,442.25,442.25,260,37180,10.884204,23147.5,22750.0,22700,ATM-8,CALL,23100,2026-06-11
2026-06-11 10:15:00+05:30,436.55,447.1,436.55,447.1,455,37375,9.467384,23157.9,22750.0,22700,ATM-8,CALL,23100,2026-06-11
2026-06-11 10:16:00+05:30,446.65,454.0,446.65,452.8,585,37440,9.060685,23164.95,22750.0,22700,ATM-8,CALL,23100,2026-06-11
2026-06-11 10:17:00+05:30,448.75,457.85,448.75,457.85,390,37245,9.475472,23169.15,22750.0,22700,ATM-8,CALL,23100,2026-06-11
2026-06-11 10:18:00+05:30,452.95,460.0,450.2,460.0,520,37115,8.80378,23173.0,22750.0,22700,ATM-8,CALL,23100,2026-06-11
2026-06-11 10:19:00+05:30,417.05,426.0,416.45,424.6,22165,222430,9.718726,23183.15,22800.0,22700,ATM-8,CALL,23100,2026-06-11
2026-06-11 10:20:00+05:30,428.0,433.0,420.25,432.95,21710,210015,10.196101,23190.25,22800.0,22700,ATM-8,CALL,23100,2026-06-11
2026-06-11 10:21:00+05:30,432.0,432.95,419.75,420.6,9815,207935,8.72461,23182.15,22800.0,22700,ATM-8,CALL,23100,2026-06-11
2026-06-11 10:22:00+05:30,421.6,424.2,418.55,421.05,3185,208650,9.578869,23179.9,22800.0,22700,ATM-8,CALL,23100,2026-06-11
2026-06-11 10:23:00+05:30,422.7,425.0,420.2,423.85,4290,208130,9.934359,23181.55,22800.0,22700,ATM-8,CALL,23100,2026-06-11
2026-06-11 10:24:00+05:30,422.95,423.85,416.0,419.65,2015,208065,9.195876,23179.75,22800.0,22700,ATM-8,CALL,23100,2026-06-11
2026-06-11 10:25:00+05:30,419.65,420.75,417.8,420.45,2470,209235,9.559801,23179.35,22800.0,22700,ATM-8,CALL,23100,2026-06-11
2026-06-11 10:26:00+05:30,421.0,433.0,419.7,431.9,8580,210340,9.031759,23193.15,22800.0,22700,ATM-8,CALL,23100,2026-06-11
2026-06-11 10:27:00+05:30,431.4,446.6,430.85,446.6,22360,210665,9.368813,23207.6,22800.0,22700,ATM-8,CALL,23100,2026-06-11
2026-06-11 10:28:00+05:30,446.2,448.0,433.1,438.95,10010,209170,9.426288,23199.4,22800.0,22700,ATM-8,CALL,23100,2026-06-11
2026-06-11 10:29:00+05:30,438.3,443.2,436.55,438.6,3380,209170,9.272493,23199.5,22800.0,22700,ATM-8,CALL,23100,2026-06-11
2026-06-11 10:30:00+05:30,440.0,444.0,425.0,425.85,11375,209625,8.218733,23188.9,22800.0,22700,ATM-8,CALL,23100,2026-06-11
2026-06-11 10:31:00+05:30,427.2,436.8,424.6,436.8,4810,215540,8.703651,23199.15,22800.0,22700,ATM-8,CALL,23100,2026-06-11
2026-06-11 10:32:00+05:30,435.2,443.95,432.3,442.0,4940,216710,8.932415,23204.0,22800.0,22700,ATM-8,CALL,23100,2026-06-11
2026-06-11 10:33:00+05:30,437.3,442.0,431.85,436.85,2210,214630,8.810734,23198.95,22800.0,22700,ATM-8,CALL,23100,2026-06-11
2026-06-11 10:34:00+05:30,437.75,438.15,434.45,436.0,975,214435,7.334468,23200.8,22800.0,22700,ATM-8,CALL,23100,2026-06-11
2026-06-11 10:35:00+05:30,435.95,444.0,435.95,436.25,1495,214240,7.024496,23201.4,22800.0,22700,ATM-8,CALL,23100,2026-06-11
2026-06-11 10:36:00+05:30,433.6,436.25,429.15,431.8,3250,215020,7.578558,23196.2,22800.0,22700,ATM-8,CALL,23100,2026-06-11
2026-06-11 10:37:00+05:30,435.0,435.95,428.65,428.65,4550,215280,8.185993,23191.9,22800.0,22700,ATM-8,CALL,23100,2026-06-11
2026-06-11 10:38:00+05:30,431.55,435.95,428.65,435.6,1300,214500,8.171901,23199.1,22800.0,22700,ATM-8,CALL,23100,2026-06-11
2026-06-11 10:39:00+05:30,438.0,446.0,435.6,443.95,3445,213655,8.303905,23207.45,22800.0,22700,ATM-8,CALL,23100,2026-06-11
2026-06-11 10:40:00+05:30,443.7,447.4,440.0,447.0,2795,213590,6.916274,23212.4,22800.0,22700,ATM-8,CALL,23100,2026-06-11
2026-06-11 10:41:00+05:30,447.7,447.7,439.2,439.2,4355,213070,7.804067,23203.45,22800.0,22700,ATM-8,CALL,23100,2026-06-11
2026-06-11 10:42:00+05:30,437.3,441.85,434.6,441.85,3120,212875,8.001807,23205.85,22800.0,22700,ATM-8,CALL,23100,2026-06-11
2026-06-11 10:43:00+05:30,441.45,442.85,436.3,436.3,1820,213460,6.1607,23202.1,22800.0,22700,ATM-8,CALL,23100,2026-06-11
2026-06-11 10:44:00+05:30,434.35,440.4,432.85,440.4,2795,213135,7.698413,23204.85,22800.0,22700,ATM-8,CALL,23100,2026-06-11
2026-06-11 10:45:00+05:30,439.25,440.8,430.95,439.3,2470,213720,6.957716,23204.6,22800.0,22700,ATM-8,CALL,23100,2026-06-11
2026-06-11 10:46:00+05:30,441.75,445.2,439.3,440.9,3315,212810,6.438233,23206.6,22800.0,22700,ATM-8,CALL,23100,2026-06-11
2026-06-11 10:47:00+05:30,440.05,440.9,437.95,440.6,1885,213265,0.0,23210.35,22800.0,22700,ATM-8,CALL,23100,2026-06-11
2026-06-11 10:48:00+05:30,446.0,446.0,435.3,438.1,2145,213005,0.0,23205.7,22800.0,22700,ATM-8,CALL,23100,2026-06-11
2026-06-11 10:49:00+05:30,438.75,439.55,430.9,430.9,3250,213785,8.437432,23193.75,22800.0,22700,ATM-8,CALL,23100,2026-06-11
2026-06-11 10:50:00+05:30,427.5,430.9,422.8,425.0,6370,214955,8.913187,23186.4,22800.0,22700,ATM-8,CALL,23100,2026-06-11
2026-06-11 10:51:00+05:30,428.25,434.25,425.0,428.0,9620,215735,8.744915,23190.0,22800.0,22700,ATM-8,CALL,23100,2026-06-11
2026-06-11 10:52:00+05:30,429.7,433.85,428.0,428.5,1950,211900,9.568048,23188.05,22800.0,22700,ATM-8,CALL,23100,2026-06-11
2026-06-11 10:53:00+05:30,460.0,477.05,460.0,460.0,130,37505,7.748853,23174.9,22750.0,22700,ATM-8,CALL,23100,2026-06-11
2026-06-11 10:54:00+05:30,460.65,460.65,457.45,457.45,390,37635,0.0,23174.7,22750.0,22700,ATM-8,CALL,23100,2026-06-11
2026-06-11 10:55:00+05:30,457.45,457.45,457.45,457.45,65,37635,6.775207,23173.2,22750.0,22700,ATM-8,CALL,23100,2026-06-11
2026-06-11 10:56:00+05:30,418.6,422.25,417.2,422.25,4615,220610,9.999521,23179.8,22800.0,22700,ATM-8,CALL,23100,2026-06-11
2026-06-11 10:57:00+05:30,422.15,422.25,415.8,418.75,2600,220610,9.680896,23177.3,22800.0,22700,ATM-8,CALL,23100,2026-06-11
2026-06-11 10:58:00+05:30,418.0,420.0,414.7,414.7,1300,221000,8.907443,23175.65,22800.0,22700,ATM-8,CALL,23100,2026-06-11
2026-06-11 10:59:00+05:30,414.0,420.0,411.2,420.0,2145,221585,10.203268,23176.55,22800.0,22700,ATM-8,CALL,23100,2026-06-11
2026-06-11 11:00:00+05:30,461.05,461.05,461.05,461.05,0,37375,10.530103,23169.45,22750.0,22700,ATM-8,CALL,23100,2026-06-11
2026-06-11 11:01:00+05:30,450.0,461.05,450.0,456.8,780,37375,9.876892,23167.15,22750.0,22700,ATM-8,CALL,23100,2026-06-11
2026-06-11 11:02:00+05:30,454.65,456.8,453.95,453.95,715,37115,8.336578,23167.9,22750.0,22700,ATM-8,CALL,23100,2026-06-11
2026-06-11 11:03:00+05:30,410.45,419.45,410.2,419.45,1885,227500,8.982315,23180.45,22800.0,22700,ATM-8,CALL,23100,2026-06-11
2026-06-11 11:04:00+05:30,425.95,426.45,419.45,419.6,7800,226850,8.634359,23181.6,22800.0,22700,ATM-8,CALL,23100,2026-06-11
2026-06-11 11:05:00+05:30,424.0,438.45,419.6,437.5,9035,223145,8.814751,23199.8,22800.0,22700,ATM-8,CALL,23100,2026-06-11
2026-06-11 11:06:00+05:30,439.0,440.95,431.0,438.95,9295,225290,7.110199,23204.2,22800.0,22700,ATM-8,CALL,23100,2026-06-11
2026-06-11 11:07:00+05:30,443.7,443.7,427.0,427.0,5395,226070,8.330058,23190.05,22800.0,22700,ATM-8,CALL,23100,2026-06-11
2026-06-11 11:08:00+05:30,426.75,435.45,425.0,431.0,4355,225940,8.026552,23194.8,22800.0,22700,ATM-8,CALL,23100,2026-06-11
2026-06-11 11:09:00+05:30,428.8,431.0,420.2,427.75,3055,225615,6.278926,23193.55,22800.0,22700,ATM-8,CALL,23100,2026-06-11
2026-06-11 11:10:00+05:30,427.65,428.7,423.6,428.7,1170,226070,8.475135,23191.5,22800.0,22700,ATM-8,CALL,23100,2026-06-11
2026-06-11 11:11:00+05:30,429.6,431.2,425.65,425.65,1365,226200,8.081417,23189.2,22800.0,22700,ATM-8,CALL,23100,2026-06-11
2026-06-11 11:12:00+05:30,426.65,427.5,423.6,427.5,2340,227175,9.602242,23187.0,22800.0,22700,ATM-8,CALL,23100,2026-06-11
2026-06-11 11:13:00+05:30,428.0,428.0,423.45,426.75,2730,226135,9.867236,23185.25,22800.0,22700,ATM-8,CALL,23100,2026-06-11
2026-06-11 11:14:00+05:30,425.25,429.25,421.1,422.3,715,226135,9.086173,23183.2,22800.0,22700,ATM-8,CALL,23100,2026-06-11
2026-06-11 11:15:00+05:30,423.65,428.65,422.3,428.65,1495,226590,9.599244,23188.25,22800.0,22700,ATM-8,CALL,23100,2026-06-11
2026-06-11 11:16:00+05:30,428.65,430.2,425.35,429.45,715,226655,9.496735,23189.45,22800.0,22700,ATM-8,CALL,23100,2026-06-11
2026-06-11 11:17:00+05:30,425.85,432.9,425.15,430.0,3445,226915,7.955169,23193.95,22800.0,22700,ATM-8,CALL,23100,2026-06-11
2026-06-11 11:18:00+05:30,435.0,442.75,430.0,441.35,7280,224120,8.214642,23205.15,22800.0,22700,ATM-8,CALL,23100,2026-06-11
2026-06-11 11:19:00+05:30,443.2,444.0,436.9,439.2,4485,224120,7.926529,23203.45,22800.0,22700,ATM-8,CALL,23100,2026-06-11
2026-06-11 11:20:00+05:30,437.85,448.0,435.0,447.95,7345,224575,7.831288,23212.55,22800.0,22700,ATM-8,CALL,23100,2026-06-11
2026-06-11 11:21:00+05:30,448.35,456.6,447.3,455.6,12220,219505,7.875054,23220.3,22800.0,22700,ATM-8,CALL,23100,2026-06-11
2026-06-11 11:22:00+05:30,454.65,455.6,448.8,452.0,7995,221585,9.171452,23214.1,22800.0,22700,ATM-8,CALL,23100,2026-06-11
2026-06-11 11:23:00+05:30,448.8,456.55,446.85,446.85,4485,220610,5.566862,23213.05,22800.0,22700,ATM-8,CALL,23100,2026-06-11
2026-06-11 11:24:00+05:30,446.6,450.85,445.0,450.85,2275,220220,0.0,23218.5,22800.0,22700,ATM-8,CALL,23100,2026-06-11
2026-06-11 11:25:00+05:30,453.0,457.8,450.85,452.2,7410,221975,8.508176,23215.8,22800.0,22700,ATM-8,CALL,23100,2026-06-11
2026-06-11 11:26:00+05:30,414.1,424.4,408.7,424.4,3380,63375,10.827945,23228.5,22850.0,22700,ATM-8,CALL,23100,2026-06-11
2026-06-11 11:27:00+05:30,425.0,431.25,424.4,431.25,5980,62920,11.215405,23234.1,22850.0,22700,ATM-8,CALL,23100,2026-06-11
2026-06-11 11:28:00+05:30,433.25,433.25,426.6,431.35,1430,62985,10.839118,23236.05,22850.0,22700,ATM-8,CALL,23100,2026-06-11
2026-06-11 11:29:00+05:30,429.0,431.35,425.0,430.0,3120,64285,10.651744,23235.45,22850.0,22700,ATM-8,CALL,23100,2026-06-11
2026-06-11 11:30:00+05:30,430.0,437.85,429.35,429.35,1170,63830,10.319294,23236.2,22850.0,22700,ATM-8,CALL,23100,2026-06-11
2026-06-11 11:31:00+05:30,431.8,431.8,421.6,424.15,1560,64415,11.216981,23226.3,22850.0,22700,ATM-8,CALL,23100,2026-06-11
2026-06-11 11:32:00+05:30,422.3,424.35,419.25,422.4,2210,63765,10.870098,23226.15,22850.0,22700,ATM-8,CALL,23100,2026-06-11
2026-06-11 11:33:00+05:30,424.5,430.3,422.4,428.3,2535,64935,10.669986,23233.55,22850.0,22700,ATM-8,CALL,23100,2026-06-11
2026-06-11 11:34:00+05:30,426.9,428.3,423.05,423.05,260,64935,10.976267,23226.35,22850.0,22700,ATM-8,CALL,23100,2026-06-11
2026-06-11 11:35:00+05:30,419.9,426.9,418.5,426.9,325,65065,10.13676,23234.35,22850.0,22700,ATM-8,CALL,23100,2026-06-11
2026-06-11 11:36:00+05:30,466.05,467.5,456.45,458.1,2860,215150,8.656341,23221.65,22800.0,22700,ATM-8,CALL,23100,2026-06-11
2026-06-11 11:37:00+05:30,460.3,461.7,456.25,456.25,3445,215020,9.391647,23218.05,22800.0,22700,ATM-8,CALL,23100,2026-06-11
2026-06-11 11:38:00+05:30,457.65,457.65,452.0,452.0,2990,213915,8.689977,23215.3,22800.0,22700,ATM-8,CALL,23100,2026-06-11
2026-06-11 11:39:00+05:30,451.0,459.65,448.0,458.2,2210,214825,7.942568,23222.95,22800.0,22700,ATM-8,CALL,23100,2026-06-11
2026-06-11 11:40:00+05:30,458.6,459.75,456.95,457.8,1040,214955,7.530515,23223.05,22800.0,22700,ATM-8,CALL,23100,2026-06-11
2026-06-11 11:41:00+05:30,414.9,417.7,414.75,417.7,1560,65650,8.404102,23230.3,22850.0,22700,ATM-8,CALL,23100,2026-06-11
2026-06-11 11:42:00+05:30,424.15,440.45,417.7,439.6,2665,66560,10.954905,23244.6,22850.0,22700,ATM-8,CALL,23100,2026-06-11
2026-06-11 11:43:00+05:30,436.3,439.6,432.25,434.75,1040,66755,10.453796,23241.55,22850.0,22700,ATM-8,CALL,23100,2026-06-11
2026-06-11 11:44:00+05:30,431.95,441.9,431.95,441.9,3185,66755,9.120855,23253.7,22850.0,22700,ATM-8,CALL,23100,2026-06-11
2026-06-11 11:45:00+05:30,450.9,451.6,441.9,444.7,4160,66495,9.969339,23254.05,22850.0,22700,ATM-8,CALL,23100,2026-06-11
2026-06-11 11:46:00+05:30,446.25,450.0,444.55,450.0,910,65520,10.490272,23257.8,22850.0,22700,ATM-8,CALL,23100,2026-06-11
2026-06-11 11:47:00+05:30,447.95,464.45,447.75,464.45,4745,64480,11.490834,23269.2,22850.0,22700,ATM-8,CALL,23100,2026-06-11
2026-06-11 11:48:00+05:30,466.0,466.25,454.8,459.3,2860,64480,10.319762,23268.35,22850.0,22700,ATM-8,CALL,23100,2026-06-11
2026-06-11 11:49:00+05:30,459.1,459.3,453.35,457.8,585,62920,10.74069,23265.2,22850.0,22700,ATM-8,CALL,23100,2026-06-11
2026-06-11 11:50:00+05:30,460.0,463.25,457.8,463.25,3120,61945,9.931382,23273.8,22850.0,22700,ATM-8,CALL,23100,2026-06-11
2026-06-11 11:51:00+05:30,462.35,463.3,461.95,462.0,1495,62465,10.947133,23268.9,22850.0,22700,ATM-8,CALL,23100,2026-06-11
2026-06-11 11:52:00+05:30,457.8,462.0,455.35,460.7,975,62790,10.250123,23270.1,22850.0,22700,ATM-8,CALL,23100,2026-06-11
2026-06-11 11:53:00+05:30,459.75,460.7,456.9,460.1,1235,62790,8.434575,23274.1,22850.0,22700,ATM-8,CALL,23100,2026-06-11
2026-06-11 11:54:00+05:30,465.75,467.85,459.6,459.85,650,62660,8.896759,23272.95,22850.0,22700,ATM-8,CALL,23100,2026-06-11
2026-06-11 11:55:00+05:30,463.65,466.45,459.85,462.65,845,62595,9.727445,23273.8,22850.0,22700,ATM-8,CALL,23100,2026-06-11
2026-06-11 11:56:00+05:30,417.9,438.7,417.0,435.15,12480,329875,11.807088,23285.3,22900.0,22700,ATM-8,CALL,23100,2026-06-11
2026-06-11 11:57:00+05:30,435.2,435.3,429.55,435.0,18720,331305,11.841372,23284.95,22900.0,22700,ATM-8,CALL,23100,2026-06-11
2026-06-11 11:58:00+05:30,432.85,441.5,432.3,434.65,36855,333385,10.566843,23290.9,22900.0,22700,ATM-8,CALL,23100,2026-06-11
2026-06-11 11:59:00+05:30,435.05,435.05,426.05,426.05,16445,329485,10.207513,23283.15,22900.0,22700,ATM-8,CALL,23100,2026-06-11
2026-06-11 12:00:00+05:30,433.4,435.0,426.05,428.2,11245,326430,10.426168,23284.55,22900.0,22700,ATM-8,CALL,23100,2026-06-11
2026-06-11 12:01:00+05:30,430.05,435.8,428.2,434.2,4485,324415,10.982477,23288.55,22900.0,22700,ATM-8,CALL,23100,2026-06-11
2026-06-11 12:02:00+05:30,433.55,435.7,429.85,430.3,6110,321100,10.683416,23285.7,22900.0,22700,ATM-8,CALL,23100,2026-06-11
2026-06-11 12:03:00+05:30,429.85,436.0,428.85,431.55,3900,321750,9.974569,23290.0,22900.0,22700,ATM-8,CALL,23100,2026-06-11
2026-06-11 12:04:00+05:30,432.2,432.2,428.2,429.35,585,321750,10.21638,23286.7,22900.0,22700,ATM-8,CALL,23100,2026-06-11
2026-06-11 12:05:00+05:30,430.9,432.6,420.3,424.0,8125,324155,10.167671,23281.15,22900.0,22700,ATM-8,CALL,23100,2026-06-11
2026-06-11 12:06:00+05:30,425.0,428.8,423.7,428.0,5070,325845,10.922825,23282.1,22900.0,22700,ATM-8,CALL,23100,2026-06-11
2026-06-11 12:07:00+05:30,429.5,437.75,427.35,437.75,8515,323765,11.426541,23290.3,22900.0,22700,ATM-8,CALL,23100,2026-06-11
2026-06-11 12:08:00+05:30,436.8,439.0,427.65,427.95,14820,323765,10.341571,23284.7,22900.0,22700,ATM-8,CALL,23100,2026-06-11
2026-06-11 12:09:00+05:30,431.85,432.0,427.95,428.85,520,315770,10.881726,23283.25,22900.0,22700,ATM-8,CALL,23100,2026-06-11
2026-06-11 12:10:00+05:30,429.0,429.0,424.05,426.85,1235,315770,11.349557,23278.7,22900.0,22700,ATM-8,CALL,23100,2026-06-11
2026-06-11 12:11:00+05:30,427.05,427.05,419.0,422.65,8775,315575,10.659952,23277.55,22900.0,22700,ATM-8,CALL,23100,2026-06-11
2026-06-11 12:12:00+05:30,422.7,426.4,420.65,426.4,4420,314145,10.295796,23283.25,22900.0,22700,ATM-8,CALL,23100,2026-06-11
2026-06-11 12:13:00+05:30,426.9,431.45,425.9,430.0,10205,316485,10.458609,23286.45,22900.0,22700,ATM-8,CALL,23100,2026-06-11
2026-06-11 12:14:00+05:30,426.25,431.0,425.9,431.0,1560,316290,10.455707,23287.55,22900.0,22700,ATM-8,CALL,23100,2026-06-11
2026-06-11 12:15:00+05:30,432.5,449.35,431.0,445.0,15600,317590,10.824421,23301.1,22900.0,22700,ATM-8,CALL,23100,2026-06-11
2026-06-11 12:16:00+05:30,448.0,449.0,435.45,449.0,3315,316355,11.061349,23304.4,22900.0,22700,ATM-8,CALL,23100,2026-06-11
2026-06-11 12:17:00+05:30,447.65,452.2,438.3,440.25,4485,316355,10.427444,23297.65,22900.0,22700,ATM-8,CALL,23100,2026-06-11
2026-06-11 12:18:00+05:30,439.85,440.25,435.0,437.35,2015,314405,10.485849,23294.3,22900.0,22700,ATM-8,CALL,23100,2026-06-11
2026-06-11 12:19:00+05:30,436.75,438.75,431.0,431.0,585,314015,9.98011,23289.5,22900.0,22700,ATM-8,CALL,23100,2026-06-11
2026-06-11 12:20:00+05:30,430.55,434.6,425.25,426.25,4875,314015,10.100447,23283.95,22900.0,22700,ATM-8,CALL,23100,2026-06-11
2026-06-11 12:21:00+05:30,428.4,429.7,425.25,429.7,3640,313625,11.102184,23283.2,22900.0,22700,ATM-8,CALL,23100,2026-06-11
2026-06-11 12:22:00+05:30,429.1,434.2,429.1,432.0,1885,312910,10.759751,23287.35,22900.0,22700,ATM-8,CALL,23100,2026-06-11
2026-06-11 12:23:00+05:30,430.2,437.55,430.2,436.15,845,313755,10.411603,23293.35,22900.0,22700,ATM-8,CALL,23100,2026-06-11
2026-06-11 12:24:00+05:30,435.5,436.15,431.85,433.4,520,313495,10.072098,23291.75,22900.0,22700,ATM-8,CALL,23100,2026-06-11
2026-06-11 12:25:00+05:30,434.0,434.0,430.0,432.1,1170,313365,10.483229,23288.7,22900.0,22700,ATM-8,CALL,23100,2026-06-11
2026-06-11 12:26:00+05:30,432.9,440.95,432.1,435.0,1950,314080,10.284307,23292.65,22900.0,22700,ATM-8,CALL,23100,2026-06-11
2026-06-11 12:27:00+05:30,435.1,438.0,434.75,437.8,3185,313430,10.944312,23292.85,22900.0,22700,ATM-8,CALL,23100,2026-06-11
2026-06-11 12:28:00+05:30,434.0,442.4,434.0,442.15,2535,313300,10.15752,23300.8,22900.0,22700,ATM-8,CALL,23100,2026-06-11
2026-06-11 12:29:00+05:30,442.15,443.95,438.0,438.8,1170,313170,10.058366,23297.6,22900.0,22700,ATM-8,CALL,23100,2026-06-11
2026-06-11 12:30:00+05:30,440.5,454.9,438.8,451.8,7475,313235,11.411269,23305.95,22900.0,22700,ATM-8,CALL,23100,2026-06-11
2026-06-11 12:31:00+05:30,448.0,460.0,445.5,458.35,6695,310700,10.720415,23316.0,22900.0,22700,ATM-8,CALL,23100,2026-06-11
2026-06-11 12:32:00+05:30,457.55,465.0,457.55,463.3,9425,309530,11.026989,23320.1,22900.0,22700,ATM-8,CALL,23100,2026-06-11
2026-06-11 12:33:00+05:30,461.6,463.3,458.35,462.4,975,309270,11.726173,23316.05,22900.0,22700,ATM-8,CALL,23100,2026-06-11
2026-06-11 12:34:00+05:30,461.75,463.0,457.05,463.0,2210,309335,10.429885,23322.05,22900.0,22700,ATM-8,CALL,23100,2026-06-11
2026-06-11 12:35:00+05:30,465.35,466.0,448.65,454.3,5070,309855,10.333412,23313.15,22900.0,22700,ATM-8,CALL,23100,2026-06-11
2026-06-11 12:36:00+05:30,456.75,456.75,450.1,452.9,2080,309985,11.280347,23307.8,22900.0,22700,ATM-8,CALL,23100,2026-06-11
2026-06-11 12:37:00+05:30,454.0,454.0,444.15,444.15,5460,311025,12.265933,23293.1,22900.0,22700,ATM-8,CALL,23100,2026-06-11
2026-06-11 12:38:00+05:30,446.0,448.0,438.0,438.0,4420,310765,10.833954,23293.65,22900.0,22700,ATM-8,CALL,23100,2026-06-11
2026-06-11 12:39:00+05:30,441.2,447.25,438.0,445.95,1235,310115,11.804218,23297.65,22900.0,22700,ATM-8,CALL,23100,2026-06-11
2026-06-11 12:40:00+05:30,447.9,447.9,443.25,446.6,1300,310180,11.894673,23297.9,22900.0,22700,ATM-8,CALL,23100,2026-06-11
2026-06-11 12:41:00+05:30,445.05,448.35,440.0,440.8,1950,310375,11.175074,23295.15,22900.0,22700,ATM-8,CALL,23100,2026-06-11
2026-06-11 12:42:00+05:30,440.25,446.75,439.2,443.7,1430,311025,11.540421,23296.55,22900.0,22700,ATM-8,CALL,23100,2026-06-11
2026-06-11 12:43:00+05:30,442.6,443.7,434.4,439.75,2015,311805,11.282902,23293.5,22900.0,22700,ATM-8,CALL,23100,2026-06-11
2026-06-11 12:44:00+05:30,442.75,446.5,439.75,443.15,2990,311805,11.512919,23296.1,22900.0,22700,ATM-8,CALL,23100,2026-06-11
2026-06-11 12:45:00+05:30,444.45,444.45,440.25,441.45,1820,312520,11.350005,23295.05,22900.0,22700,ATM-8,CALL,23100,2026-06-11
2026-06-11 12:46:00+05:30,445.0,456.35,441.45,451.3,6110,312780,12.22081,23301.4,22900.0,22700,ATM-8,CALL,23100,2026-06-11
2026-06-11 12:47:00+05:30,452.7,452.7,441.45,445.25,3835,313040,12.467407,23293.25,22900.0,22700,ATM-8,CALL,23100,2026-06-11
2026-06-11 12:48:00+05:30,445.2,445.25,435.35,437.0,4810,313235,12.110144,23286.1,22900.0,22700,ATM-8,CALL,23100,2026-06-11
2026-06-11 12:49:00+05:30,437.7,440.35,426.6,426.6,11895,313170,11.940128,23275.45,22900.0,22700,ATM-8,CALL,23100,2026-06-11
2026-06-11 12:50:00+05:30,427.4,435.0,426.6,434.6,2470,310635,12.284517,23282.4,22900.0,22700,ATM-8,CALL,23100,2026-06-11
2026-06-11 12:51:00+05:30,436.6,440.45,434.6,436.1,2600,309660,12.775719,23281.05,22900.0,22700,ATM-8,CALL,23100,2026-06-11
2026-06-11 12:52:00+05:30,431.8,436.1,429.15,429.15,1950,310635,11.806696,23279.1,22900.0,22700,ATM-8,CALL,23100,2026-06-11
2026-06-11 12:53:00+05:30,433.45,437.4,429.15,437.0,845,311740,12.364085,23284.65,22900.0,22700,ATM-8,CALL,23100,2026-06-11
2026-06-11 12:54:00+05:30,435.0,437.35,435.0,437.35,130,311740,13.593958,23276.95,22900.0,22700,ATM-8,CALL,23100,2026-06-11
2026-06-11 12:55:00+05:30,437.35,437.35,437.35,437.35,0,311740,13.59396,23276.95,22900.0,22700,ATM-8,CALL,23100,2026-06-11
2026-06-11 12:56:00+05:30,430.75,439.8,430.75,434.4,8710,315575,12.163261,23282.95,22900.0,22700,ATM-8,CALL,23100,2026-06-11
2026-06-11 12:57:00+05:30,433.75,452.6,433.75,452.0,9945,310960,12.79103,23299.0,22900.0,22700,ATM-8,CALL,23100,2026-06-11
2026-06-11 12:58:00+05:30,453.15,459.35,451.1,458.05,12870,309985,13.124457,23303.8,22900.0,22700,ATM-8,CALL,23100,2026-06-11
2026-06-11 12:59:00+05:30,455.5,463.25,449.95,463.25,4160,306735,13.356404,23308.25,22900.0,22700,ATM-8,CALL,23100,2026-06-11
2026-06-11 13:00:00+05:30,464.0,479.8,463.25,474.85,20020,309010,12.864805,23324.15,22900.0,22700,ATM-8,CALL,23100,2026-06-11
2026-06-11 13:01:00+05:30,478.45,478.45,464.0,464.0,5915,306345,12.501003,23314.1,22900.0,22700,ATM-8,CALL,23100,2026-06-11
2026-06-11 13:02:00+05:30,464.1,466.35,453.75,458.25,7475,303615,12.672637,23306.75,22900.0,22700,ATM-8,CALL,23100,2026-06-11
2026-06-11 13:03:00+05:30,457.15,458.25,455.3,456.2,1560,303745,12.727144,23304.15,22900.0,22700,ATM-8,CALL,23100,2026-06-11
2026-06-11 13:04:00+05:30,455.3,456.2,452.35,453.65,1950,303550,12.67606,23301.6,22900.0,22700,ATM-8,CALL,23100,2026-06-11
2026-06-11 13:05:00+05:30,452.05,455.6,451.45,455.5,1560,304655,12.84295,23302.7,22900.0,22700,ATM-8,CALL,23100,2026-06-11
2026-06-11 13:06:00+05:30,453.6,455.5,453.3,454.9,325,304850,12.931836,23301.5,22900.0,22700,ATM-8,CALL,23100,2026-06-11
2026-06-11 13:07:00+05:30,453.0,455.25,451.55,451.55,780,304980,12.713569,23299.05,22900.0,22700,ATM-8,CALL,23100,2026-06-11
2026-06-11 13:08:00+05:30,447.75,451.55,443.7,445.85,4810,305110,12.834534,23291.9,22900.0,22700,ATM-8,CALL,23100,2026-06-11
2026-06-11 13:09:00+05:30,446.65,446.65,433.6,435.65,2340,303875,12.785434,23280.65,22900.0,22700,ATM-8,CALL,23100,2026-06-11
2026-06-11 13:10:00+05:30,435.7,438.95,433.6,436.7,3835,307060,12.683866,23282.5,22900.0,22700,ATM-8,CALL,23100,2026-06-11
2026-06-11 13:11:00+05:30,440.3,440.3,430.85,432.55,4290,306930,12.501847,23278.95,22900.0,22700,ATM-8,CALL,23100,2026-06-11
2026-06-11 13:12:00+05:30,477.25,477.25,461.85,467.95,1625,67405,12.749108,23267.45,22850.0,22700,ATM-8,CALL,23100,2026-06-11
2026-06-11 13:13:00+05:30,466.0,467.95,462.9,462.9,325,67665,13.007307,23260.35,22850.0,22700,ATM-8,CALL,23100,2026-06-11
2026-06-11 13:14:00+05:30,462.3,462.9,462.1,462.9,260,67860,13.160307,23259.45,22850.0,22700,ATM-8,CALL,23100,2026-06-11
2026-06-11 13:15:00+05:30,463.05,463.05,462.3,462.3,260,67925,12.912379,23260.25,22850.0,22700,ATM-8,CALL,23100,2026-06-11
2026-06-11 13:16:00+05:30,467.1,467.1,458.95,460.0,715,67925,13.322767,23255.2,22850.0,22700,ATM-8,CALL,23100,2026-06-11
2026-06-11 13:17:00+05:30,458.7,468.0,451.95,467.65,5720,68315,13.421226,23263.25,22850.0,22700,ATM-8,CALL,23100,2026-06-11
2026-06-11 13:18:00+05:30,461.7,467.65,459.7,461.5,260,70200,13.815912,23253.75,22850.0,22700,ATM-8,CALL,23100,2026-06-11
2026-06-11 13:19:00+05:30,459.65,461.5,459.65,459.65,65,70135,13.439165,23254.1,22850.0,22700,ATM-8,CALL,23100,2026-06-11
2026-06-11 13:20:00+05:30,455.65,459.65,446.0,446.2,650,70005,11.415388,23250.4,22850.0,22700,ATM-8,CALL,23100,2026-06-11
2026-06-11 13:21:00+05:30,439.25,446.2,436.0,439.3,1495,69680,12.177725,23238.8,22850.0,22700,ATM-8,CALL,23100,2026-06-11
2026-06-11 13:22:00+05:30,432.65,439.3,430.0,430.0,910,69550,12.175512,23228.4,22850.0,22700,ATM-8,CALL,23100,2026-06-11
2026-06-11 13:23:00+05:30,440.3,446.4,430.0,446.4,520,69745,12.687524,23243.8,22850.0,22700,ATM-8,CALL,23100,2026-06-11
2026-06-11 13:24:00+05:30,446.4,446.4,439.3,441.2,325,69810,12.462899,23239.3,22850.0,22700,ATM-8,CALL,23100,2026-06-11
2026-06-11 13:25:00+05:30,444.1,444.1,434.1,434.1,2340,69940,12.214752,23232.8,22850.0,22700,ATM-8,CALL,23100,2026-06-11
2026-06-11 13:26:00+05:30,432.25,434.1,424.55,424.85,1690,70980,11.756064,23225.1,22850.0,22700,ATM-8,CALL,23100,2026-06-11
2026-06-11 13:27:00+05:30,428.8,433.9,424.85,431.55,780,71565,12.104968,23230.6,22850.0,22700,ATM-8,CALL,23100,2026-06-11
2026-06-11 13:28:00+05:30,430.35,431.55,428.85,428.85,260,72085,10.911787,23233.9,22850.0,22700,ATM-8,CALL,23100,2026-06-11
2026-06-11 13:29:00+05:30,434.35,438.8,428.85,438.8,195,71695,11.306681,23242.9,22850.0,22700,ATM-8,CALL,23100,2026-06-11
2026-06-11 13:30:00+05:30,443.0,459.9,438.8,457.7,3185,71500,12.515195,23257.5,22850.0,22700,ATM-8,CALL,23100,2026-06-11
2026-06-11 13:31:00+05:30,456.2,457.7,448.35,450.0,1365,70720,10.949241,23256.7,22850.0,22700,ATM-8,CALL,23100,2026-06-11
2026-06-11 13:32:00+05:30,456.45,461.0,450.0,460.35,1430,70525,12.069855,23262.8,22850.0,22700,ATM-8,CALL,23100,2026-06-11
2026-06-11 13:33:00+05:30,458.5,466.4,457.7,457.7,910,70135,12.289292,23258.75,22850.0,22700,ATM-8,CALL,23100,2026-06-11
2026-06-11 13:34:00+05:30,450.25,457.7,442.65,442.95,1690,69875,12.057623,23243.65,22850.0,22700,ATM-8,CALL,23100,2026-06-11
2026-06-11 13:35:00+05:30,447.45,450.15,442.95,447.75,715,69615,12.054515,23249.0,22850.0,22700,ATM-8,CALL,23100,2026-06-11
2026-06-11 13:36:00+05:30,446.95,448.6,446.95,448.6,1040,69615,10.687543,23256.3,22850.0,22700,ATM-8,CALL,23100,2026-06-11
2026-06-11 13:37:00+05:30,448.15,450.8,448.15,450.8,130,70655,12.29508,23251.1,22850.0,22700,ATM-8,CALL,23100,2026-06-11
2026-06-11 13:38:00+05:30,437.65,450.8,437.65,438.3,520,70590,11.311607,23242.4,22850.0,22700,ATM-8,CALL,23100,2026-06-11
2026-06-11 13:39:00+05:30,435.0,438.3,428.65,428.65,1235,70395,11.13403,23232.7,22850.0,22700,ATM-8,CALL,23100,2026-06-11
2026-06-11 13:40:00+05:30,439.4,439.4,428.65,430.45,130,70525,11.515855,23232.75,22850.0,22700,ATM-8,CALL,23100,2026-06-11
2026-06-11 13:41:00+05:30,429.7,430.45,424.55,428.7,1300,70525,11.759946,23229.5,22850.0,22700,ATM-8,CALL,23100,2026-06-11
2026-06-11 13:42:00+05:30,433.75,433.75,428.7,431.25,845,69940,12.223746,23229.7,22850.0,22700,ATM-8,CALL,23100,2026-06-11
2026-06-11 13:43:00+05:30,473.0,476.85,463.1,468.3,4160,226850,12.540475,23219.45,22800.0,22700,ATM-8,CALL,23100,2026-06-11
2026-06-11 13:44:00+05:30,467.25,475.0,462.0,471.65,4485,228540,12.394373,23223.9,22800.0,22700,ATM-8,CALL,23100,2026-06-11
2026-06-11 13:45:00+05:30,471.65,471.65,468.75,468.75,325,229190,12.308627,23221.15,22800.0,22700,ATM-8,CALL,23100,2026-06-11
2026-06-11 13:46:00+05:30,423.05,432.15,422.0,432.15,2990,70460,12.719492,23227.7,22850.0,22700,ATM-8,CALL,23100,2026-06-11
2026-06-11 13:47:00+05:30,436.1,442.25,432.15,438.7,1235,71045,13.093814,23232.75,22850.0,22700,ATM-8,CALL,23100,2026-06-11
2026-06-11 13:48:00+05:30,441.25,441.25,438.7,439.7,260,70980,13.386259,23231.95,22850.0,22700,ATM-8,CALL,23100,2026-06-11
2026-06-11 13:49:00+05:30,432.9,439.7,429.15,433.0,2275,70005,12.453988,23230.35,22850.0,22700,ATM-8,CALL,23100,2026-06-11
2026-06-11 13:50:00+05:30,471.05,476.85,471.05,472.6,260,227630,12.551381,23224.2,22800.0,22700,ATM-8,CALL,23100,2026-06-11
2026-06-11 13:51:00+05:30,430.5,433.5,427.0,433.5,650,69355,13.188511,23226.2,22850.0,22700,ATM-8,CALL,23100,2026-06-11
2026-06-11 13:52:00+05:30,432.8,433.5,430.0,430.0,325,69355,11.955033,23229.95,22850.0,22700,ATM-8,CALL,23100,2026-06-11
2026-06-11 13:53:00+05:30,436.8,438.0,430.0,437.7,520,69355,12.42613,23235.85,22850.0,22700,ATM-8,CALL,23100,2026-06-11
2026-06-11 13:54:00+05:30,432.45,437.7,432.45,436.95,325,69485,12.512033,23234.5,22850.0,22700,ATM-8,CALL,23100,2026-06-11
2026-06-11 13:55:00+05:30,432.7,436.95,432.3,432.3,585,69615,11.302662,23236.0,22850.0,22700,ATM-8,CALL,23100,2026-06-11
2026-06-11 13:56:00+05:30,437.7,442.0,432.3,442.0,455,69485,12.495304,23240.3,22850.0,22700,ATM-8,CALL,23100,2026-06-11
2026-06-11 13:57:00+05:30,441.55,445.15,441.55,445.15,455,69485,13.233296,23239.3,22850.0,22700,ATM-8,CALL,23100,2026-06-11
2026-06-11 13:58:00+05:30,444.6,449.15,444.0,447.5,1040,68770,12.215718,23248.05,22850.0,22700,ATM-8,CALL,23100,2026-06-11
2026-06-11 13:59:00+05:30,443.4,447.5,431.0,432.05,1105,69485,11.829255,23233.0,22850.0,22700,ATM-8,CALL,23100,2026-06-11
2026-06-11 14:00:00+05:30,434.55,440.6,432.05,440.6,325,69550,12.247787,23240.2,22850.0,22700,ATM-8,CALL,23100,2026-06-11
2026-06-11 14:01:00+05:30,440.75,440.75,439.45,439.45,195,69745,12.763357,23235.85,22850.0,22700,ATM-8,CALL,23100,2026-06-11
2026-06-11 14:02:00+05:30,436.45,439.45,435.45,437.75,715,69940,12.942152,23232.8,22850.0,22700,ATM-8,CALL,23100,2026-06-11
2026-06-11 14:03:00+05:30,439.4,439.4,437.75,439.4,195,69940,12.692505,23236.25,22850.0,22700,ATM-8,CALL,23100,2026-06-11
2026-06-11 14:04:00+05:30,435.2,439.4,433.65,438.35,325,70070,12.481931,23236.35,22850.0,22700,ATM-8,CALL,23100,2026-06-11
2026-06-11 14:05:00+05:30,431.15,438.35,427.7,433.45,1105,70330,12.245714,23232.25,22850.0,22700,ATM-8,CALL,23100,2026-06-11
2026-06-11 14:06:00+05:30,434.05,437.85,432.2,435.7,910,70265,12.569804,23232.85,22850.0,22700,ATM-8,CALL,23100,2026-06-11
2026-06-11 14:07:00+05:30,479.0,480.4,462.0,462.0,1040,230880,10.956816,23220.0,22800.0,22700,ATM-8,CALL,23100,2026-06-11
2026-06-11 14:08:00+05:30,461.7,462.4,452.85,452.85,4615,230880,10.988824,23210.05,22800.0,22700,ATM-8,CALL,23100,2026-06-11
2026-06-11 14:09:00+05:30,450.0,459.35,449.75,458.6,4940,230555,11.821531,23212.6,22800.0,22700,ATM-8,CALL,23100,2026-06-11
2026-06-11 14:10:00+05:30,458.0,466.65,456.9,458.45,2795,229190,11.347255,23214.6,22800.0,22700,ATM-8,CALL,23100,2026-06-11
2026-06-11 14:11:00+05:30,455.95,461.5,453.7,460.3,1040,229905,12.104284,23213.1,22800.0,22700,ATM-8,CALL,23100,2026-06-11
2026-06-11 14:12:00+05:30,456.55,462.0,455.6,457.3,2080,229840,11.98611,23210.4,22800.0,22700,ATM-8,CALL,23100,2026-06-11
2026-06-11 14:13:00+05:30,458.3,469.4,457.3,469.4,650,230490,12.071096,23223.25,22800.0,22700,ATM-8,CALL,23100,2026-06-11
2026-06-11 14:14:00+05:30,469.65,472.65,464.6,465.0,2990,231920,11.783324,23219.8,22800.0,22700,ATM-8,CALL,23100,2026-06-11
2026-06-11 14:15:00+05:30,467.1,467.7,462.35,465.05,1690,231855,12.714493,23215.2,22800.0,22700,ATM-8,CALL,23100,2026-06-11
2026-06-11 14:16:00+05:30,464.15,469.25,464.15,464.3,1560,231985,12.350548,23216.3,22800.0,22700,ATM-8,CALL,23100,2026-06-11
2026-06-11 14:17:00+05:30,462.7,464.3,461.05,464.0,455,231920,12.677933,23214.25,22800.0,22700,ATM-8,CALL,23100,2026-06-11
2026-06-11 14:18:00+05:30,461.05,464.0,452.4,452.4,1560,232635,11.37037,23208.0,22800.0,22700,ATM-8,CALL,23100,2026-06-11
2026-06-11 14:19:00+05:30,452.0,464.4,451.35,464.4,1235,233155,12.278832,23216.8,22800.0,22700,ATM-8,CALL,23100,2026-06-11
2026-06-11 14:20:00+05:30,464.1,472.0,463.6,468.8,3250,232635,11.997045,23223.0,22800.0,22700,ATM-8,CALL,23100,2026-06-11
2026-06-11 14:21:00+05:30,470.8,472.85,466.65,472.85,2275,233025,13.458038,23219.75,22800.0,22700,ATM-8,CALL,23100,2026-06-11
2026-06-11 14:22:00+05:30,465.25,472.85,465.25,470.25,3250,232765,12.905424,23220.0,22800.0,22700,ATM-8,CALL,23100,2026-06-11
2026-06-11 14:23:00+05:30,470.0,470.25,456.1,456.1,975,234000,11.970491,23209.25,22800.0,22700,ATM-8,CALL,23100,2026-06-11
2026-06-11 14:24:00+05:30,455.5,458.0,455.0,458.0,2210,233805,12.895819,23206.4,22800.0,22700,ATM-8,CALL,23100,2026-06-11
2026-06-11 14:25:00+05:30,463.1,464.15,458.0,464.15,715,234715,12.28383,23216.55,22800.0,22700,ATM-8,CALL,23100,2026-06-11
2026-06-11 14:26:00+05:30,421.3,431.45,419.45,431.45,520,73710,13.062737,23225.05,22850.0,22700,ATM-8,CALL,23100,2026-06-11
2026-06-11 14:27:00+05:30,429.05,433.0,428.8,432.8,455,73645,13.101282,23226.35,22850.0,22700,ATM-8,CALL,23100,2026-06-11
2026-06-11 14:28:00+05:30,444.1,449.95,432.8,449.95,1560,73645,12.118238,23251.55,22850.0,22700,ATM-8,CALL,23100,2026-06-11
2026-06-11 14:29:00+05:30,449.85,449.95,439.65,441.05,1495,73125,12.214014,23241.15,22850.0,22700,ATM-8,CALL,23100,2026-06-11
2026-06-11 14:30:00+05:30,433.6,445.0,432.15,445.0,975,73255,12.233781,23245.45,22850.0,22700,ATM-8,CALL,23100,2026-06-11
2026-06-11 14:31:00+05:30,439.15,445.0,439.15,439.5,390,73255,12.095483,23240.1,22850.0,22700,ATM-8,CALL,23100,2026-06-11
2026-06-11 14:32:00+05:30,441.45,441.55,434.2,439.4,1040,73515,11.43196,23243.45,22850.0,22700,ATM-8,CALL,23100,2026-06-11
2026-06-11 14:33:00+05:30,438.1,439.4,430.3,430.3,390,73645,12.231422,23229.05,22850.0,22700,ATM-8,CALL,23100,2026-06-11
2026-06-11 14:34:00+05:30,428.75,430.3,428.75,428.75,195,73645,11.442476,23231.7,22850.0,22700,ATM-8,CALL,23100,2026-06-11
2026-06-11 14:35:00+05:30,429.95,435.45,428.75,435.45,325,73515,11.798336,23237.25,22850.0,22700,ATM-8,CALL,23100,2026-06-11
2026-06-11 14:36:00+05:30,476.2,476.2,460.45,460.45,7020,232895,12.138829,23213.3,22800.0,22700,ATM-8,CALL,23100,2026-06-11
2026-06-11 14:37:00+05:30,416.9,420.55,410.6,418.75,5265,74620,10.330992,23226.05,22850.0,22700,ATM-8,CALL,23100,2026-06-11
2026-06-11 14:38:00+05:30,465.75,468.65,456.65,456.65,2275,233545,9.81274,23218.4,22800.0,22700,ATM-8,CALL,23100,2026-06-11
2026-06-11 14:39:00+05:30,456.55,457.3,442.05,450.6,9555,237510,6.987497,23217.1,22800.0,22700,ATM-8,CALL,23100,2026-06-11
2026-06-11 14:40:00+05:30,451.7,453.2,444.7,446.05,2925,239200,9.476863,23208.25,22800.0,22700,ATM-8,CALL,23100,2026-06-11
2026-06-11 14:41:00+05:30,446.55,447.85,440.0,447.5,4810,240890,7.203112,23213.8,22800.0,22700,ATM-8,CALL,23100,2026-06-11
2026-06-11 14:42:00+05:30,447.9,449.1,440.4,442.05,5200,241345,0.0,23210.65,22800.0,22700,ATM-8,CALL,23100,2026-06-11
2026-06-11 14:43:00+05:30,442.05,445.45,428.0,428.0,9165,244985,0.0,23197.3,22800.0,22700,ATM-8,CALL,23100,2026-06-11
2026-06-11 14:44:00+05:30,428.35,435.3,426.95,430.7,3900,250250,0.0,23200.2,22800.0,22700,ATM-8,CALL,23100,2026-06-11
2026-06-11 14:45:00+05:30,436.0,436.0,428.0,429.75,6500,248560,0.0,23197.25,22800.0,22700,ATM-8,CALL,23100,2026-06-11
2026-06-11 14:46:00+05:30,428.8,437.9,422.15,422.15,10920,247390,0.0,23192.0,22800.0,22700,ATM-8,CALL,23100,2026-06-11
2026-06-11 14:47:00+05:30,464.5,480.15,446.8,447.35,3380,51610,0.0,23167.1,22750.0,22700,ATM-8,CALL,23100,2026-06-11
2026-06-11 14:48:00+05:30,404.5,417.75,402.1,417.5,8320,249665,8.770774,23180.35,22800.0,22700,ATM-8,CALL,23100,2026-06-11
2026-06-11 14:49:00+05:30,416.85,426.4,416.7,426.4,4810,250315,6.439837,23193.1,22800.0,22700,ATM-8,CALL,23100,2026-06-11
2026-06-11 14:50:00+05:30,462.2,470.0,450.9,450.9,1950,53365,0.0,23172.75,22750.0,22700,ATM-8,CALL,23100,2026-06-11
2026-06-11 14:51:00+05:30,451.5,454.95,450.9,454.95,585,53105,0.0,23172.4,22750.0,22700,ATM-8,CALL,23100,2026-06-11
2026-06-11 14:52:00+05:30,456.25,456.25,450.1,451.3,1105,53105,0.0,23171.1,22750.0,22700,ATM-8,CALL,23100,2026-06-11
2026-06-11 14:53:00+05:30,450.2,451.3,450.2,450.95,260,53105,0.0,23174.0,22750.0,22700,ATM-8,CALL,23100,2026-06-11
2026-06-11 14:54:00+05:30,451.8,451.8,450.85,450.85,390,53040,0.0,23171.7,22750.0,22700,ATM-8,CALL,23100,2026-06-11
2026-06-11 14:55:00+05:30,450.95,455.65,450.85,453.8,650,52975,0.0,23172.6,22750.0,22700,ATM-8,CALL,23100,2026-06-11
2026-06-11 14:56:00+05:30,453.2,455.0,451.0,451.0,1040,52650,0.0,23170.35,22750.0,22700,ATM-8,CALL,23100,2026-06-11
2026-06-11 14:57:00+05:30,444.8,451.0,444.8,446.8,975,52650,0.0,23166.2,22750.0,22700,ATM-8,CALL,23100,2026-06-11
2026-06-11 14:58:00+05:30,449.1,452.25,446.8,452.25,650,52455,0.0,23172.5,22750.0,22700,ATM-8,CALL,23100,2026-06-11
2026-06-11 14:59:00+05:30,412.0,414.3,406.2,411.75,4680,254735,7.560891,23177.05,22800.0,22700,ATM-8,CALL,23100,2026-06-11
2026-06-11 15:00:00+05:30,467.0,474.0,440.35,440.35,1300,52000,8.907711,23154.0,22750.0,22700,ATM-8,CALL,23100,2026-06-11
2026-06-11 15:01:00+05:30,439.1,440.35,430.0,438.4,2015,52065,8.354006,23153.15,22750.0,22700,ATM-8,CALL,23100,2026-06-11
2026-06-11 15:02:00+05:30,434.5,441.2,427.9,439.2,1300,52195,0.0,23158.8,22750.0,22700,ATM-8,CALL,23100,2026-06-11
2026-06-11 15:03:00+05:30,436.0,439.2,432.2,434.6,1170,52195,0.0,23158.25,22750.0,22700,ATM-8,CALL,23100,2026-06-11
2026-06-11 15:04:00+05:30,436.95,438.65,430.95,431.45,2080,51480,8.812534,23145.0,22750.0,22700,ATM-8,CALL,23100,2026-06-11
2026-06-11 15:05:00+05:30,426.15,433.45,424.2,433.45,650,51480,8.60738,23147.55,22750.0,22700,ATM-8,CALL,23100,2026-06-11
2026-06-11 15:06:00+05:30,431.35,433.45,424.4,424.4,455,51025,8.039919,23139.35,22750.0,22700,ATM-8,CALL,23100,2026-06-11
2026-06-11 15:07:00+05:30,424.4,431.3,423.25,430.7,1040,50115,0.0,23148.1,22750.0,22700,ATM-8,CALL,23100,2026-06-11
2026-06-11 15:08:00+05:30,438.75,438.75,430.7,430.7,1430,49270,11.05204,23136.4,22750.0,22700,ATM-8,CALL,23100,2026-06-11
2026-06-11 15:09:00+05:30,431.45,435.85,430.7,435.85,520,49270,10.622232,23143.85,22750.0,22700,ATM-8,CALL,23100,2026-06-11
2026-06-11 15:10:00+05:30,442.0,448.0,435.85,448.0,585,49075,11.806301,23151.75,22750.0,22700,ATM-8,CALL,23100,2026-06-11
2026-06-11 15:11:00+05:30,450.55,450.55,441.6,441.6,910,48555,11.926736,23144.1,22750.0,22700,ATM-8,CALL,23100,2026-06-11
2026-06-11 15:12:00+05:30,441.35,441.6,438.7,440.8,585,48555,9.972024,23151.55,22750.0,22700,ATM-8,CALL,23100,2026-06-11
2026-06-11 15:13:00+05:30,450.25,455.0,440.8,455.0,1105,48425,11.269895,23161.85,22750.0,22700,ATM-8,CALL,23100,2026-06-11
2026-06-11 15:14:00+05:30,450.85,455.0,450.85,450.85,195,48425,8.477196,23165.8,22750.0,22700,ATM-8,CALL,23100,2026-06-11
2026-06-11 15:15:00+05:30,450.0,451.85,442.05,451.85,2405,48165,8.711195,23166.4,22750.0,22700,ATM-8,CALL,23100,2026-06-11
2026-06-11 15:16:00+05:30,410.0,423.0,408.05,422.7,12090,239005,10.381896,23180.55,22800.0,22700,ATM-8,CALL,23100,2026-06-11
2026-06-11 15:17:00+05:30,425.5,425.5,421.1,421.95,10010,234780,9.829755,23181.9,22800.0,22700,ATM-8,CALL,23100,2026-06-11
2026-06-11 15:18:00+05:30,422.05,423.9,416.15,416.15,5915,234065,7.861172,23181.15,22800.0,22700,ATM-8,CALL,23100,2026-06-11
2026-06-11 15:19:00+05:30,456.3,465.1,452.5,452.5,1300,47775,0.0,23172.0,22750.0,22700,ATM-8,CALL,23100,2026-06-11
2026-06-11 15:20:00+05:30,413.0,416.25,410.65,414.6,2080,232245,8.501109,23178.2,22800.0,22700,ATM-8,CALL,23100,2026-06-11
2026-06-11 15:21:00+05:30,418.2,420.0,414.05,414.05,1755,231660,8.874191,23176.65,22800.0,22700,ATM-8,CALL,23100,2026-06-11
2026-06-11 15:22:00+05:30,455.0,458.95,453.4,453.4,1040,48165,7.374927,23169.9,22750.0,22700,ATM-8,CALL,23100,2026-06-11
2026-06-11 15:23:00+05:30,450.0,456.0,450.0,456.0,780,48165,8.612603,23170.9,22750.0,22700,ATM-8,CALL,23100,2026-06-11
2026-06-11 15:24:00+05:30,456.0,456.0,456.0,456.0,0,48165,0.0,23173.6,22750.0,22700,ATM-8,CALL,23100,2026-06-11
2026-06-11 15:25:00+05:30,467.1,468.3,456.0,468.3,2275,48360,11.720746,23174.4,22750.0,22700,ATM-8,CALL,23100,2026-06-11
2026-06-11 15:26:00+05:30,425.85,433.0,421.1,430.25,10725,224510,12.743549,23176.6,22800.0,22700,ATM-8,CALL,23100,2026-06-11
2026-06-11 15:27:00+05:30,429.2,431.6,426.45,428.0,18720,207610,11.895471,23179.1,22800.0,22700,ATM-8,CALL,23100,2026-06-11
2026-06-11 15:28:00+05:30,429.8,431.1,425.95,428.55,10140,205725,11.835671,23180.05,22800.0,22700,ATM-8,CALL,23100,2026-06-11
2026-06-11 15:29:00+05:30,429.55,434.1,428.55,430.7,12285,197340,11.014926,23186.55,22800.0,22700,ATM-8,CALL,23100,2026-06-11
2026-06-11 09:15:00+05:30,39.1,39.3,34.05,38.6,790465,2751645,15.927395,23104.4,22700.0,22700,ATM-8,PUT,23100,2026-06-11
2026-06-11 09:16:00+05:30,39.45,41.4,38.6,41.35,424840,2800265,15.798139,23082.3,22700.0,22700,ATM-8,PUT,23100,2026-06-11
2026-06-11 09:17:00+05:30,41.75,45.45,41.35,42.35,525525,2823860,16.190185,23092.9,22700.0,22700,ATM-8,PUT,23100,2026-06-11
2026-06-11 09:18:00+05:30,42.0,42.35,38.65,39.65,277550,2888015,15.980623,23100.1,22700.0,22700,ATM-8,PUT,23100,2026-06-11
2026-06-11 09:19:00+05:30,39.6,39.65,37.0,37.35,281515,2925065,16.013359,23115.85,22700.0,22700,ATM-8,PUT,23100,2026-06-11
2026-06-11 09:20:00+05:30,45.3,46.75,42.0,42.4,156845,1530295,15.825809,23128.6,22750.0,22700,ATM-8,PUT,23100,2026-06-11
2026-06-11 09:21:00+05:30,42.4,42.85,40.1,40.75,139620,1556230,15.926381,23142.45,22750.0,22700,ATM-8,PUT,23100,2026-06-11
2026-06-11 09:22:00+05:30,40.6,42.35,39.7,40.6,127270,1591980,15.916802,23142.9,22750.0,22700,ATM-8,PUT,23100,2026-06-11
2026-06-11 09:23:00+05:30,40.95,42.4,40.05,41.85,83005,1605565,15.91118,23135.25,22750.0,22700,ATM-8,PUT,23100,2026-06-11
2026-06-11 09:24:00+05:30,34.2,36.9,33.8,36.1,224640,3234985,15.854178,23116.8,22700.0,22700,ATM-8,PUT,23100,2026-06-11
2026-06-11 09:25:00+05:30,36.7,36.9,35.6,36.65,155155,3245840,15.757891,23109.0,22700.0,22700,ATM-8,PUT,23100,2026-06-11
2026-06-11 09:26:00+05:30,36.85,37.4,35.85,36.5,164515,3284255,15.702117,23107.5,22700.0,22700,ATM-8,PUT,23100,2026-06-11
2026-06-11 09:27:00+05:30,36.5,39.35,36.0,37.7,271115,3326310,15.739152,23101.45,22700.0,22700,ATM-8,PUT,23100,2026-06-11
2026-06-11 09:28:00+05:30,37.6,37.75,35.25,35.55,214435,3369015,15.79364,23117.6,22700.0,22700,ATM-8,PUT,23100,2026-06-11
2026-06-11 09:29:00+05:30,35.35,36.05,34.35,35.6,128310,3431090,15.900015,23121.9,22700.0,22700,ATM-8,PUT,23100,2026-06-11
2026-06-11 09:30:00+05:30,35.35,38.25,35.2,37.85,221000,3466125,15.96994,23110.35,22700.0,22700,ATM-8,PUT,23100,2026-06-11
2026-06-11 09:31:00+05:30,38.0,38.6,36.0,36.0,194285,3504410,15.847836,23116.9,22700.0,22700,ATM-8,PUT,23100,2026-06-11
2026-06-11 09:32:00+05:30,35.65,36.25,34.2,36.25,149565,3502655,15.818524,23113.95,22700.0,22700,ATM-8,PUT,23100,2026-06-11
2026-06-11 09:33:00+05:30,36.2,38.75,36.2,38.3,122200,3522740,15.8351,23101.6,22700.0,22700,ATM-8,PUT,23100,2026-06-11
2026-06-11 09:34:00+05:30,38.4,38.5,36.0,36.6,127075,3529630,15.773527,23109.65,22700.0,22700,ATM-8,PUT,23100,2026-06-11
2026-06-11 09:35:00+05:30,36.8,39.25,36.6,39.0,155740,3546010,15.82921,23096.95,22700.0,22700,ATM-8,PUT,23100,2026-06-11
2026-06-11 09:36:00+05:30,38.95,39.1,36.05,36.15,116740,3584230,15.770552,23112.35,22700.0,22700,ATM-8,PUT,23100,2026-06-11
2026-06-11 09:37:00+05:30,36.0,36.55,34.4,35.1,127335,3611595,15.773731,23119.35,22700.0,22700,ATM-8,PUT,23100,2026-06-11
2026-06-11 09:38:00+05:30,43.1,43.1,39.9,40.55,113425,1663740,15.618013,23129.95,22750.0,22700,ATM-8,PUT,23100,2026-06-11
2026-06-11 09:39:00+05:30,40.55,40.55,38.8,39.65,109135,1670175,15.549547,23132.35,22750.0,22700,ATM-8,PUT,23100,2026-06-11
2026-06-11 09:40:00+05:30,32.3,34.1,32.0,34.1,166985,3653325,15.633426,23119.75,22700.0,22700,ATM-8,PUT,23100,2026-06-11
2026-06-11 09:41:00+05:30,33.95,34.1,32.95,33.3,93600,3662685,15.524996,23120.35,22700.0,22700,ATM-8,PUT,23100,2026-06-11
2026-06-11 09:42:00+05:30,33.25,34.3,32.65,33.45,76830,3676790,15.541112,23120.0,22700.0,22700,ATM-8,PUT,23100,2026-06-11
2026-06-11 09:43:00+05:30,41.0,41.45,37.5,37.65,117130,1735240,15.477877,23141.3,22750.0,22700,ATM-8,PUT,23100,2026-06-11
2026-06-11 09:44:00+05:30,37.15,37.75,36.45,37.2,119015,1731665,15.482208,23144.25,22750.0,22700,ATM-8,PUT,23100,2026-06-11
2026-06-11 09:45:00+05:30,37.15,38.3,36.15,36.75,98670,1779245,15.450024,23145.65,22750.0,22700,ATM-8,PUT,23100,2026-06-11
2026-06-11 09:46:00+05:30,36.65,37.5,35.55,35.85,76635,1811160,15.521312,23154.45,22750.0,22700,ATM-8,PUT,23100,2026-06-11
2026-06-11 09:47:00+05:30,35.9,37.6,35.85,37.5,88595,1810575,15.654853,23149.7,22750.0,22700,ATM-8,PUT,23100,2026-06-11
2026-06-11 09:48:00+05:30,37.2,38.9,37.0,38.85,59995,1803945,15.659202,23141.5,22750.0,22700,ATM-8,PUT,23100,2026-06-11
2026-06-11 09:49:00+05:30,38.7,38.85,36.5,36.8,42315,1816555,15.637625,23153.3,22750.0,22700,ATM-8,PUT,23100,2026-06-11
2026-06-11 09:50:00+05:30,36.5,38.0,34.6,35.0,108290,1820000,15.591054,23162.9,22750.0,22700,ATM-8,PUT,23100,2026-06-11
2026-06-11 09:51:00+05:30,35.35,35.4,34.0,34.6,98670,1824810,15.636038,23167.5,22750.0,22700,ATM-8,PUT,23100,2026-06-11
2026-06-11 09:52:00+05:30,34.8,35.75,34.15,34.55,56550,1841125,15.704098,23170.8,22750.0,22700,ATM-8,PUT,23100,2026-06-11
2026-06-11 09:53:00+05:30,34.45,35.2,33.95,34.5,40495,1848730,15.731326,23172.3,22750.0,22700,ATM-8,PUT,23100,2026-06-11
2026-06-11 09:54:00+05:30,34.5,36.55,34.5,36.4,48880,1849835,15.561362,23152.35,22750.0,22700,ATM-8,PUT,23100,2026-06-11
2026-06-11 09:55:00+05:30,36.2,37.75,36.1,37.15,103480,1853475,15.428883,23141.85,22750.0,22700,ATM-8,PUT,23100,2026-06-11
2026-06-11 09:56:00+05:30,37.35,37.7,36.05,37.6,49205,1880905,15.463457,23140.5,22750.0,22700,ATM-8,PUT,23100,2026-06-11
2026-06-11 09:57:00+05:30,38.1,39.25,37.55,38.85,59280,1870505,15.424059,23131.15,22750.0,22700,ATM-8,PUT,23100,2026-06-11
2026-06-11 09:58:00+05:30,31.7,33.45,31.7,33.3,174135,3772925,15.412493,23114.7,22700.0,22700,ATM-8,PUT,23100,2026-06-11
2026-06-11 09:59:00+05:30,33.0,33.75,32.05,33.05,141115,3759470,15.440317,23117.6,22700.0,22700,ATM-8,PUT,23100,2026-06-11
2026-06-11 10:00:00+05:30,40.1,40.6,37.9,37.95,84175,1863095,15.276299,23130.2,22750.0,22700,ATM-8,PUT,23100,2026-06-11
2026-06-11 10:01:00+05:30,37.55,38.3,37.0,38.0,28210,1871610,15.338269,23132.5,22750.0,22700,ATM-8,PUT,23100,2026-06-11
2026-06-11 10:02:00+05:30,30.85,32.2,30.7,31.9,65650,3718715,15.382732,23122.9,22700.0,22700,ATM-8,PUT,23100,2026-06-11
2026-06-11 10:03:00+05:30,31.7,32.65,30.45,32.15,103350,3712345,15.376935,23120.85,22700.0,22700,ATM-8,PUT,23100,2026-06-11
2026-06-11 10:04:00+05:30,32.25,33.8,31.65,33.8,129350,3703505,15.354825,23108.55,22700.0,22700,ATM-8,PUT,23100,2026-06-11
2026-06-11 10:05:00+05:30,33.8,34.0,32.35,32.6,136435,3719885,15.250818,23112.05,22700.0,22700,ATM-8,PUT,23100,2026-06-11
2026-06-11 10:06:00+05:30,40.55,40.55,36.35,36.4,95680,1889550,15.223743,23137.3,22750.0,22700,ATM-8,PUT,23100,2026-06-11
2026-06-11 10:07:00+05:30,36.75,37.3,34.55,34.85,106795,1886105,15.238529,23147.8,22750.0,22700,ATM-8,PUT,23100,2026-06-11
2026-06-11 10:08:00+05:30,34.75,35.45,33.45,33.55,90480,1894360,15.251137,23156.9,22750.0,22700,ATM-8,PUT,23100,2026-06-11
2026-06-11 10:09:00+05:30,33.35,34.4,32.9,34.3,60125,1897025,15.366845,23156.95,22750.0,22700,ATM-8,PUT,23100,2026-06-11
2026-06-11 10:10:00+05:30,34.55,34.55,33.1,33.7,65780,1903720,15.307465,23158.3,22750.0,22700,ATM-8,PUT,23100,2026-06-11
2026-06-11 10:11:00+05:30,33.7,33.8,32.75,33.0,65780,1911845,15.307585,23163.0,22750.0,22700,ATM-8,PUT,23100,2026-06-11
2026-06-11 10:12:00+05:30,33.05,34.15,32.8,34.15,32370,1905475,15.339977,23156.65,22750.0,22700,ATM-8,PUT,23100,2026-06-11
2026-06-11 10:13:00+05:30,34.05,34.25,33.25,33.7,27105,1901510,15.342986,23159.75,22750.0,22700,ATM-8,PUT,23100,2026-06-11
2026-06-11 10:14:00+05:30,33.55,35.1,33.1,34.95,72150,1904760,15.252634,23147.5,22750.0,22700,ATM-8,PUT,23100,2026-06-11
2026-06-11 10:15:00+05:30,34.75,34.95,33.45,33.6,55250,1914250,15.28754,23157.9,22750.0,22700,ATM-8,PUT,23100,2026-06-11
2026-06-11 10:16:00+05:30,33.6,33.65,32.5,33.25,85085,1903070,15.394427,23164.95,22750.0,22700,ATM-8,PUT,23100,2026-06-11
2026-06-11 10:17:00+05:30,33.3,33.3,32.0,32.3,86320,1917435,15.342766,23169.15,22750.0,22700,ATM-8,PUT,23100,2026-06-11
2026-06-11 10:18:00+05:30,32.65,33.45,31.95,32.1,117780,1926210,15.398596,23173.0,22750.0,22700,ATM-8,PUT,23100,2026-06-11
2026-06-11 10:19:00+05:30,39.6,39.6,38.25,38.3,169195,4063475,15.380407,23183.15,22800.0,22700,ATM-8,PUT,23100,2026-06-11
2026-06-11 10:20:00+05:30,38.1,39.15,37.85,38.0,189410,4051645,15.504466,23190.25,22800.0,22700,ATM-8,PUT,23100,2026-06-11
2026-06-11 10:21:00+05:30,38.3,39.55,38.0,39.4,165620,4044690,15.514655,23182.15,22800.0,22700,ATM-8,PUT,23100,2026-06-11
2026-06-11 10:22:00+05:30,39.15,40.2,39.15,39.95,248625,4045470,15.539747,23179.9,22800.0,22700,ATM-8,PUT,23100,2026-06-11
2026-06-11 10:23:00+05:30,40.0,40.1,39.15,39.9,89440,3984175,15.572658,23181.55,22800.0,22700,ATM-8,PUT,23100,2026-06-11
2026-06-11 10:24:00+05:30,39.7,40.3,39.5,40.1,92365,3999385,15.558993,23179.75,22800.0,22700,ATM-8,PUT,23100,2026-06-11
2026-06-11 10:25:00+05:30,40.05,40.55,39.75,40.3,68185,4001790,15.578388,23179.35,22800.0,22700,ATM-8,PUT,23100,2026-06-11
2026-06-11 10:26:00+05:30,40.2,40.3,38.2,38.3,143195,4002505,15.620616,23193.15,22800.0,22700,ATM-8,PUT,23100,2026-06-11
2026-06-11 10:27:00+05:30,38.45,38.55,36.35,36.5,264745,3978195,15.694162,23207.6,22800.0,22700,ATM-8,PUT,23100,2026-06-11
2026-06-11 10:28:00+05:30,36.45,38.05,36.25,37.75,157820,3946215,15.688536,23199.4,22800.0,22700,ATM-8,PUT,23100,2026-06-11
2026-06-11 10:29:00+05:30,37.95,38.15,37.1,37.9,90870,3967860,15.713509,23199.5,22800.0,22700,ATM-8,PUT,23100,2026-06-11
2026-06-11 10:30:00+05:30,37.75,39.6,37.05,39.35,149045,3971695,15.674573,23188.9,22800.0,22700,ATM-8,PUT,23100,2026-06-11
2026-06-11 10:31:00+05:30,39.45,39.55,37.4,37.6,151580,3967925,15.663645,23199.15,22800.0,22700,ATM-8,PUT,23100,2026-06-11
2026-06-11 10:32:00+05:30,37.7,38.15,36.6,37.05,77545,3982030,15.696602,23204.0,22800.0,22700,ATM-8,PUT,23100,2026-06-11
2026-06-11 10:33:00+05:30,37.35,38.5,37.05,37.7,129740,3976180,15.675317,23198.95,22800.0,22700,ATM-8,PUT,23100,2026-06-11
2026-06-11 10:34:00+05:30,37.95,38.3,37.6,38.25,80340,3950635,15.798939,23200.8,22800.0,22700,ATM-8,PUT,23100,2026-06-11
2026-06-11 10:35:00+05:30,38.1,38.25,37.2,38.1,115505,3944785,15.792083,23201.4,22800.0,22700,ATM-8,PUT,23100,2026-06-11
2026-06-11 10:36:00+05:30,38.4,39.2,38.1,38.75,136435,3950115,15.765495,23196.2,22800.0,22700,ATM-8,PUT,23100,2026-06-11
2026-06-11 10:37:00+05:30,38.8,39.55,38.4,39.25,64025,3962335,15.737145,23191.9,22800.0,22700,ATM-8,PUT,23100,2026-06-11
2026-06-11 10:38:00+05:30,39.15,39.25,38.25,38.3,63895,3964480,15.770196,23199.1,22800.0,22700,ATM-8,PUT,23100,2026-06-11
2026-06-11 10:39:00+05:30,38.0,38.45,37.1,37.45,75790,3978000,15.841288,23207.45,22800.0,22700,ATM-8,PUT,23100,2026-06-11
2026-06-11 10:40:00+05:30,37.45,38.1,37.0,37.1,115570,3973190,15.90498,23212.4,22800.0,22700,ATM-8,PUT,23100,2026-06-11
2026-06-11 10:41:00+05:30,37.05,38.7,36.9,38.65,96525,3978065,15.924853,23203.45,22800.0,22700,ATM-8,PUT,23100,2026-06-11
2026-06-11 10:42:00+05:30,38.6,38.85,38.0,38.0,112905,3975335,15.887284,23205.85,22800.0,22700,ATM-8,PUT,23100,2026-06-11
2026-06-11 10:43:00+05:30,37.95,38.7,37.65,38.5,48165,3968055,15.873544,23202.1,22800.0,22700,ATM-8,PUT,23100,2026-06-11
2026-06-11 10:44:00+05:30,38.55,39.25,38.35,38.4,101660,3972995,15.924002,23204.85,22800.0,22700,ATM-8,PUT,23100,2026-06-11
2026-06-11 10:45:00+05:30,38.55,39.6,38.3,38.35,59735,3972540,15.911849,23204.6,22800.0,22700,ATM-8,PUT,23100,2026-06-11
2026-06-11 10:46:00+05:30,38.55,38.65,37.55,38.65,74945,3967600,16.002791,23206.6,22800.0,22700,ATM-8,PUT,23100,2026-06-11
2026-06-11 10:47:00+05:30,38.4,38.75,38.0,38.15,33410,3959865,16.018101,23210.35,22800.0,22700,ATM-8,PUT,23100,2026-06-11
2026-06-11 10:48:00+05:30,38.1,39.2,37.65,38.6,116870,3947580,15.976437,23205.7,22800.0,22700,ATM-8,PUT,23100,2026-06-11
2026-06-11 10:49:00+05:30,38.6,39.65,38.4,39.6,61165,3949140,15.841338,23193.75,22800.0,22700,ATM-8,PUT,23100,2026-06-11
2026-06-11 10:50:00+05:30,39.55,40.2,39.2,40.2,233675,3951935,15.753804,23186.4,22800.0,22700,ATM-8,PUT,23100,2026-06-11
2026-06-11 10:51:00+05:30,39.75,40.2,38.5,39.5,94315,3951415,15.740661,23190.0,22800.0,22700,ATM-8,PUT,23100,2026-06-11
2026-06-11 10:52:00+05:30,39.45,39.85,38.7,39.8,80925,3960060,15.738127,23188.05,22800.0,22700,ATM-8,PUT,23100,2026-06-11
2026-06-11 10:53:00+05:30,32.45,33.15,32.25,33.0,77090,2011685,15.612966,23174.9,22750.0,22700,ATM-8,PUT,23100,2026-06-11
2026-06-11 10:54:00+05:30,33.1,33.3,32.6,32.85,57070,2020330,15.585997,23174.7,22750.0,22700,ATM-8,PUT,23100,2026-06-11
2026-06-11 10:55:00+05:30,33.05,33.45,32.75,33.05,60840,2012140,15.584265,23173.2,22750.0,22700,ATM-8,PUT,23100,2026-06-11
2026-06-11 10:56:00+05:30,40.65,40.85,39.75,40.0,102245,4034940,15.574625,23179.8,22800.0,22700,ATM-8,PUT,23100,2026-06-11
2026-06-11 10:57:00+05:30,40.1,40.85,39.95,40.45,39260,4036175,15.579123,23177.3,22800.0,22700,ATM-8,PUT,23100,2026-06-11
2026-06-11 10:58:00+05:30,40.6,40.65,39.8,40.55,63570,4040075,15.554653,23175.65,22800.0,22700,ATM-8,PUT,23100,2026-06-11
2026-06-11 10:59:00+05:30,40.7,41.0,39.3,39.7,131105,4043845,15.457995,23176.55,22800.0,22700,ATM-8,PUT,23100,2026-06-11
2026-06-11 11:00:00+05:30,31.6,33.1,31.45,32.95,45955,2016950,15.488671,23169.45,22750.0,22700,ATM-8,PUT,23100,2026-06-11
2026-06-11 11:01:00+05:30,33.0,33.55,32.35,33.4,101075,2033265,15.507182,23167.15,22750.0,22700,ATM-8,PUT,23100,2026-06-11
2026-06-11 11:02:00+05:30,33.45,33.45,32.5,32.8,93210,2034955,15.4322,23167.9,22750.0,22700,ATM-8,PUT,23100,2026-06-11
2026-06-11 11:03:00+05:30,40.7,40.9,38.7,38.7,88010,4152785,15.41254,23180.45,22800.0,22700,ATM-8,PUT,23100,2026-06-11
2026-06-11 11:04:00+05:30,38.5,38.7,37.6,38.4,200720,4093050,15.397818,23181.6,22800.0,22700,ATM-8,PUT,23100,2026-06-11
2026-06-11 11:05:00+05:30,38.15,38.4,35.5,35.75,270075,4077710,15.437563,23199.8,22800.0,22700,ATM-8,PUT,23100,2026-06-11
2026-06-11 11:06:00+05:30,35.7,37.05,35.2,35.4,148590,4088890,15.48764,23204.2,22800.0,22700,ATM-8,PUT,23100,2026-06-11
2026-06-11 11:07:00+05:30,35.35,37.5,34.95,37.3,176605,4055350,15.440392,23190.05,22800.0,22700,ATM-8,PUT,23100,2026-06-11
2026-06-11 11:08:00+05:30,37.4,37.65,35.9,36.4,107770,4062175,15.420493,23194.8,22800.0,22700,ATM-8,PUT,23100,2026-06-11
2026-06-11 11:09:00+05:30,36.85,38.55,36.4,37.0,96590,4074850,15.480111,23193.55,22800.0,22700,ATM-8,PUT,23100,2026-06-11
2026-06-11 11:10:00+05:30,36.85,37.85,36.7,36.8,59410,4080635,15.404131,23191.5,22800.0,22700,ATM-8,PUT,23100,2026-06-11
2026-06-11 11:11:00+05:30,36.9,37.6,36.35,37.3,83005,4103580,15.424094,23189.2,22800.0,22700,ATM-8,PUT,23100,2026-06-11
2026-06-11 11:12:00+05:30,37.15,38.0,37.1,37.55,52130,4105790,15.409707,23187.0,22800.0,22700,ATM-8,PUT,23100,2026-06-11
2026-06-11 11:13:00+05:30,37.55,37.9,36.75,37.4,152360,4118530,15.347967,23185.25,22800.0,22700,ATM-8,PUT,23100,2026-06-11
2026-06-11 11:14:00+05:30,37.5,38.3,36.95,37.8,52845,4120545,15.358385,23183.2,22800.0,22700,ATM-8,PUT,23100,2026-06-11
2026-06-11 11:15:00+05:30,37.95,38.3,37.05,37.25,68055,4126590,15.398201,23188.25,22800.0,22700,ATM-8,PUT,23100,2026-06-11
2026-06-11 11:16:00+05:30,37.35,38.1,37.0,37.25,40300,4119700,15.427117,23189.45,22800.0,22700,ATM-8,PUT,23100,2026-06-11
2026-06-11 11:17:00+05:30,37.25,38.05,36.3,36.6,60970,4121910,15.438073,23193.95,22800.0,22700,ATM-8,PUT,23100,2026-06-11
2026-06-11 11:18:00+05:30,36.6,37.1,34.9,35.05,135265,4124900,15.467782,23205.15,22800.0,22700,ATM-8,PUT,23100,2026-06-11
2026-06-11 11:19:00+05:30,35.05,35.7,34.35,35.7,213525,4117425,15.526713,23203.45,22800.0,22700,ATM-8,PUT,23100,2026-06-11
2026-06-11 11:20:00+05:30,35.75,36.15,34.0,34.2,166465,4169555,15.510236,23212.55,22800.0,22700,ATM-8,PUT,23100,2026-06-11
2026-06-11 11:21:00+05:30,34.25,34.5,33.75,33.9,615030,4120740,15.641235,23220.3,22800.0,22700,ATM-8,PUT,23100,2026-06-11
2026-06-11 11:22:00+05:30,34.0,35.2,33.9,35.15,332475,4053140,15.69134,23214.1,22800.0,22700,ATM-8,PUT,23100,2026-06-11
2026-06-11 11:23:00+05:30,35.2,35.25,34.2,35.15,158535,4052620,15.668236,23213.05,22800.0,22700,ATM-8,PUT,23100,2026-06-11
2026-06-11 11:24:00+05:30,34.95,35.3,34.2,34.3,87100,4034615,15.664381,23218.5,22800.0,22700,ATM-8,PUT,23100,2026-06-11
2026-06-11 11:25:00+05:30,34.3,34.7,33.85,34.65,116025,4038905,15.657161,23215.8,22800.0,22700,ATM-8,PUT,23100,2026-06-11
2026-06-11 11:26:00+05:30,42.2,42.25,39.85,39.85,152685,2972450,15.517477,23228.5,22850.0,22700,ATM-8,PUT,23100,2026-06-11
2026-06-11 11:27:00+05:30,39.45,39.85,38.8,38.8,106405,2966015,15.502299,23234.1,22850.0,22700,ATM-8,PUT,23100,2026-06-11
2026-06-11 11:28:00+05:30,38.45,38.8,38.0,38.6,125255,3001635,15.520565,23236.05,22850.0,22700,ATM-8,PUT,23100,2026-06-11
2026-06-11 11:29:00+05:30,38.5,39.7,38.5,38.6,66170,3007420,15.507349,23235.45,22850.0,22700,ATM-8,PUT,23100,2026-06-11
2026-06-11 11:30:00+05:30,38.6,39.35,38.05,39.3,91130,3017170,15.625552,23236.2,22850.0,22700,ATM-8,PUT,23100,2026-06-11
2026-06-11 11:31:00+05:30,39.1,40.15,38.85,39.55,82355,3027310,15.427558,23226.3,22850.0,22700,ATM-8,PUT,23100,2026-06-11
2026-06-11 11:32:00+05:30,39.75,40.8,39.55,40.25,33800,3039465,15.523029,23226.15,22850.0,22700,ATM-8,PUT,23100,2026-06-11
2026-06-11 11:33:00+05:30,40.2,40.25,39.0,39.55,40170,3036800,15.601089,23233.55,22850.0,22700,ATM-8,PUT,23100,2026-06-11
2026-06-11 11:34:00+05:30,39.75,41.05,39.55,40.95,42575,3038685,15.6272,23226.35,22850.0,22700,ATM-8,PUT,23100,2026-06-11
2026-06-11 11:35:00+05:30,40.95,41.4,39.9,40.0,52585,3027830,15.68537,23234.35,22850.0,22700,ATM-8,PUT,23100,2026-06-11
2026-06-11 11:36:00+05:30,33.0,34.35,33.0,34.1,64220,4183010,15.716155,23221.65,22800.0,22700,ATM-8,PUT,23100,2026-06-11
2026-06-11 11:37:00+05:30,34.1,34.4,33.8,34.3,82420,4174950,15.665942,23218.05,22800.0,22700,ATM-8,PUT,23100,2026-06-11
2026-06-11 11:38:00+05:30,34.35,34.9,34.15,34.9,105105,4169490,15.695482,23215.3,22800.0,22700,ATM-8,PUT,23100,2026-06-11
2026-06-11 11:39:00+05:30,34.7,35.1,33.9,34.15,115960,4179370,15.756055,23222.95,22800.0,22700,ATM-8,PUT,23100,2026-06-11
2026-06-11 11:40:00+05:30,34.15,34.55,33.65,34.3,78910,4170660,15.782269,23223.05,22800.0,22700,ATM-8,PUT,23100,2026-06-11
2026-06-11 11:41:00+05:30,41.75,41.9,40.2,40.3,32825,3032705,15.636852,23230.3,22850.0,22700,ATM-8,PUT,23100,2026-06-11
2026-06-11 11:42:00+05:30,40.35,40.65,37.85,38.25,88270,3038815,15.683445,23244.6,22850.0,22700,ATM-8,PUT,23100,2026-06-11
2026-06-11 11:43:00+05:30,38.3,39.6,38.25,39.45,36790,3041935,15.784788,23241.55,22850.0,22700,ATM-8,PUT,23100,2026-06-11
2026-06-11 11:44:00+05:30,39.45,39.6,37.55,37.55,80925,3050710,15.795709,23253.7,22850.0,22700,ATM-8,PUT,23100,2026-06-11
2026-06-11 11:45:00+05:30,37.55,38.45,37.1,37.95,118365,3060720,15.863148,23254.05,22850.0,22700,ATM-8,PUT,23100,2026-06-11
2026-06-11 11:46:00+05:30,38.25,38.45,37.9,38.0,36790,3057145,15.958542,23257.8,22850.0,22700,ATM-8,PUT,23100,2026-06-11
2026-06-11 11:47:00+05:30,37.9,38.45,36.45,36.45,143390,3064750,15.993625,23269.2,22850.0,22700,ATM-8,PUT,23100,2026-06-11
2026-06-11 11:48:00+05:30,36.3,37.7,36.25,37.05,160680,2991690,16.064427,23268.35,22850.0,22700,ATM-8,PUT,23100,2026-06-11
2026-06-11 11:49:00+05:30,37.1,37.45,36.95,37.15,214175,2934035,16.007608,23265.2,22850.0,22700,ATM-8,PUT,23100,2026-06-11
2026-06-11 11:50:00+05:30,37.3,37.3,36.4,36.5,110565,2842905,16.109358,23273.8,22850.0,22700,ATM-8,PUT,23100,2026-06-11
2026-06-11 11:51:00+05:30,36.35,37.0,36.2,36.9,169130,2769715,16.057579,23268.9,22850.0,22700,ATM-8,PUT,23100,2026-06-11
2026-06-11 11:52:00+05:30,36.95,37.6,36.75,36.8,104455,2729415,16.071202,23270.1,22850.0,22700,ATM-8,PUT,23100,2026-06-11
2026-06-11 11:53:00+05:30,37.0,37.25,36.45,36.7,25025,2728440,16.149014,23274.1,22850.0,22700,ATM-8,PUT,23100,2026-06-11
2026-06-11 11:54:00+05:30,36.7,36.95,36.0,36.65,56290,2722460,16.116094,23272.95,22850.0,22700,ATM-8,PUT,23100,2026-06-11
2026-06-11 11:55:00+05:30,36.55,36.7,36.2,36.7,30875,2721225,16.144014,23273.8,22850.0,22700,ATM-8,PUT,23100,2026-06-11
2026-06-11 11:56:00+05:30,44.55,45.0,42.5,42.5,178685,4011865,16.043623,23285.3,22900.0,22700,ATM-8,PUT,23100,2026-06-11
2026-06-11 11:57:00+05:30,42.75,43.2,42.5,42.5,129870,3977675,16.036178,23284.95,22900.0,22700,ATM-8,PUT,23100,2026-06-11
2026-06-11 11:58:00+05:30,42.55,42.6,41.15,42.1,166595,3985215,16.123662,23290.9,22900.0,22700,ATM-8,PUT,23100,2026-06-11
2026-06-11 11:59:00+05:30,42.1,43.25,42.0,43.05,93340,3993730,16.070717,23283.15,22900.0,22700,ATM-8,PUT,23100,2026-06-11
2026-06-11 12:00:00+05:30,42.75,43.05,41.75,42.9,72150,4016285,16.084592,23284.55,22900.0,22700,ATM-8,PUT,23100,2026-06-11
2026-06-11 12:01:00+05:30,42.9,42.95,42.4,42.7,57070,4015180,16.153688,23288.55,22900.0,22700,ATM-8,PUT,23100,2026-06-11
2026-06-11 12:02:00+05:30,42.55,43.25,42.45,43.0,64805,4013945,16.127814,23285.7,22900.0,22700,ATM-8,PUT,23100,2026-06-11
2026-06-11 12:03:00+05:30,42.85,43.05,42.25,42.5,54665,4041700,16.162491,23290.0,22900.0,22700,ATM-8,PUT,23100,2026-06-11
2026-06-11 12:04:00+05:30,42.7,43.15,42.5,43.0,46540,4036045,16.153661,23286.7,22900.0,22700,ATM-8,PUT,23100,2026-06-11
2026-06-11 12:05:00+05:30,42.8,43.9,42.55,43.5,105170,4029025,16.089948,23281.15,22900.0,22700,ATM-8,PUT,23100,2026-06-11
2026-06-11 12:06:00+05:30,43.35,43.7,42.9,43.6,89440,4028505,16.127454,23282.1,22900.0,22700,ATM-8,PUT,23100,2026-06-11
2026-06-11 12:07:00+05:30,43.6,43.6,42.4,42.6,165815,3996785,16.187285,23290.3,22900.0,22700,ATM-8,PUT,23100,2026-06-11
2026-06-11 12:08:00+05:30,42.5,43.7,42.5,43.2,136695,3948750,16.136971,23284.7,22900.0,22700,ATM-8,PUT,23100,2026-06-11
2026-06-11 12:09:00+05:30,43.2,43.95,43.1,43.8,51935,3951610,16.185348,23283.25,22900.0,22700,ATM-8,PUT,23100,2026-06-11
2026-06-11 12:10:00+05:30,43.7,44.25,43.5,43.95,74620,3948100,16.096955,23278.7,22900.0,22700,ATM-8,PUT,23100,2026-06-11
2026-06-11 12:11:00+05:30,43.85,44.65,43.75,44.25,95225,3955055,16.110883,23277.55,22900.0,22700,ATM-8,PUT,23100,2026-06-11
2026-06-11 12:12:00+05:30,43.8,44.5,43.4,43.55,61555,3977090,16.153918,23283.25,22900.0,22700,ATM-8,PUT,23100,2026-06-11
2026-06-11 12:13:00+05:30,43.4,43.8,43.15,43.45,47320,3984110,16.218102,23286.45,22900.0,22700,ATM-8,PUT,23100,2026-06-11
2026-06-11 12:14:00+05:30,43.45,43.85,43.0,43.0,44655,3976440,16.183422,23287.55,22900.0,22700,ATM-8,PUT,23100,2026-06-11
2026-06-11 12:15:00+05:30,42.9,43.0,40.75,41.45,234715,4003285,16.290701,23301.1,22900.0,22700,ATM-8,PUT,23100,2026-06-11
2026-06-11 12:16:00+05:30,41.25,42.4,40.6,40.75,100555,3985150,16.270354,23304.4,22900.0,22700,ATM-8,PUT,23100,2026-06-11
2026-06-11 12:17:00+05:30,40.75,42.1,40.25,41.95,144365,3956875,16.281154,23297.65,22900.0,22700,ATM-8,PUT,23100,2026-06-11
2026-06-11 12:18:00+05:30,42.0,42.9,41.75,42.55,74165,3958890,16.286218,23294.3,22900.0,22700,ATM-8,PUT,23100,2026-06-11
2026-06-11 12:19:00+05:30,42.45,43.4,42.3,43.35,62790,3966755,16.283234,23289.5,22900.0,22700,ATM-8,PUT,23100,2026-06-11
2026-06-11 12:20:00+05:30,43.35,43.9,42.75,43.9,78130,3982485,16.226263,23283.95,22900.0,22700,ATM-8,PUT,23100,2026-06-11
2026-06-11 12:21:00+05:30,43.75,44.15,43.2,43.45,123370,4041830,16.147433,23283.2,22900.0,22700,ATM-8,PUT,23100,2026-06-11
2026-06-11 12:22:00+05:30,43.5,43.7,43.15,43.5,53105,4042415,16.255108,23287.35,22900.0,22700,ATM-8,PUT,23100,2026-06-11
2026-06-11 12:23:00+05:30,43.35,43.75,42.85,43.05,62465,4057170,16.337776,23293.35,22900.0,22700,ATM-8,PUT,23100,2026-06-11
2026-06-11 12:24:00+05:30,43.2,43.8,43.0,43.0,59280,4065295,16.293494,23291.75,22900.0,22700,ATM-8,PUT,23100,2026-06-11
2026-06-11 12:25:00+05:30,43.0,44.2,43.0,43.75,69810,4065295,16.324821,23288.7,22900.0,22700,ATM-8,PUT,23100,2026-06-11
2026-06-11 12:26:00+05:30,43.7,43.8,42.85,43.6,43745,4069585,16.399996,23292.65,22900.0,22700,ATM-8,PUT,23100,2026-06-11
2026-06-11 12:27:00+05:30,43.4,43.7,43.05,43.25,42380,4081870,16.357336,23292.85,22900.0,22700,ATM-8,PUT,23100,2026-06-11
2026-06-11 12:28:00+05:30,43.2,43.65,42.5,42.6,56745,4096755,16.457649,23300.8,22900.0,22700,ATM-8,PUT,23100,2026-06-11
2026-06-11 12:29:00+05:30,42.85,43.15,42.55,42.8,99710,4114110,16.410284,23297.6,22900.0,22700,ATM-8,PUT,23100,2026-06-11
2026-06-11 12:30:00+05:30,42.65,42.8,41.9,42.4,179400,4080440,16.55391,23305.95,22900.0,22700,ATM-8,PUT,23100,2026-06-11
2026-06-11 12:31:00+05:30,42.65,42.9,40.95,41.2,134355,4147910,16.621917,23316.0,22900.0,22700,ATM-8,PUT,23100,2026-06-11
2026-06-11 12:32:00+05:30,41.2,41.4,40.05,40.05,153465,4178915,16.553305,23320.1,22900.0,22700,ATM-8,PUT,23100,2026-06-11
2026-06-11 12:33:00+05:30,40.15,40.8,39.7,39.7,138840,4194840,16.409003,23316.05,22900.0,22700,ATM-8,PUT,23100,2026-06-11
2026-06-11 12:34:00+05:30,39.65,40.25,39.45,39.45,80990,4204200,16.513443,23322.05,22900.0,22700,ATM-8,PUT,23100,2026-06-11
2026-06-11 12:35:00+05:30,39.35,41.2,39.1,40.8,148590,4219670,16.501534,23313.15,22900.0,22700,ATM-8,PUT,23100,2026-06-11
2026-06-11 12:36:00+05:30,40.75,41.15,40.65,40.8,87425,4235855,16.376627,23307.8,22900.0,22700,ATM-8,PUT,23100,2026-06-11
2026-06-11 12:37:00+05:30,40.95,41.4,40.55,41.0,128440,4256850,16.058313,23293.1,22900.0,22700,ATM-8,PUT,23100,2026-06-11
2026-06-11 12:38:00+05:30,40.9,42.05,40.75,41.6,140270,4240470,16.156762,23293.65,22900.0,22700,ATM-8,PUT,23100,2026-06-11
2026-06-11 12:39:00+05:30,41.7,42.0,40.65,40.8,145665,4255160,16.139786,23297.65,22900.0,22700,ATM-8,PUT,23100,2026-06-11
2026-06-11 12:40:00+05:30,40.8,41.45,40.75,41.2,76050,4269265,16.203269,23297.9,22900.0,22700,ATM-8,PUT,23100,2026-06-11
2026-06-11 12:41:00+05:30,41.25,41.9,41.15,41.75,55380,4289675,16.216366,23295.15,22900.0,22700,ATM-8,PUT,23100,2026-06-11
2026-06-11 12:42:00+05:30,41.8,42.5,41.5,42.05,80080,4292925,16.292757,23296.55,22900.0,22700,ATM-8,PUT,23100,2026-06-11
2026-06-11 12:43:00+05:30,42.15,43.1,41.75,42.4,118040,4288115,16.269924,23293.5,22900.0,22700,ATM-8,PUT,23100,2026-06-11
2026-06-11 12:44:00+05:30,42.25,42.5,41.7,42.05,92950,4314440,16.283938,23296.1,22900.0,22700,ATM-8,PUT,23100,2026-06-11
2026-06-11 12:45:00+05:30,42.3,42.85,42.05,42.5,45825,4358185,16.322817,23295.05,22900.0,22700,ATM-8,PUT,23100,2026-06-11
2026-06-11 12:46:00+05:30,42.0,42.4,41.25,41.65,63830,4360655,16.355581,23301.4,22900.0,22700,ATM-8,PUT,23100,2026-06-11
2026-06-11 12:47:00+05:30,41.65,42.8,41.3,42.6,61035,4368910,16.295649,23293.25,22900.0,22700,ATM-8,PUT,23100,2026-06-11
2026-06-11 12:48:00+05:30,42.5,43.7,42.45,43.55,52260,4350710,16.256529,23286.1,22900.0,22700,ATM-8,PUT,23100,2026-06-11
2026-06-11 12:49:00+05:30,43.55,44.15,42.9,43.9,113100,4342390,16.04786,23275.45,22900.0,22700,ATM-8,PUT,23100,2026-06-11
2026-06-11 12:50:00+05:30,44.0,44.0,42.95,43.2,134030,4340570,16.121022,23282.4,22900.0,22700,ATM-8,PUT,23100,2026-06-11
2026-06-11 12:51:00+05:30,43.0,43.5,42.35,43.35,96070,4404010,16.11002,23281.05,22900.0,22700,ATM-8,PUT,23100,2026-06-11
2026-06-11 12:52:00+05:30,43.3,43.75,43.1,43.45,39195,4375280,16.077565,23279.1,22900.0,22700,ATM-8,PUT,23100,2026-06-11
2026-06-11 12:53:00+05:30,43.4,43.45,42.6,42.95,32565,4362605,16.143564,23284.65,22900.0,22700,ATM-8,PUT,23100,2026-06-11
2026-06-11 12:54:00+05:30,43.0,43.1,42.7,42.95,11245,4359940,15.959785,23276.95,22900.0,22700,ATM-8,PUT,23100,2026-06-11
2026-06-11 12:55:00+05:30,42.95,42.95,42.95,42.95,0,4359940,15.959786,23276.95,22900.0,22700,ATM-8,PUT,23100,2026-06-11
2026-06-11 12:56:00+05:30,43.8,43.8,42.55,43.05,179400,4341740,16.119251,23282.95,22900.0,22700,ATM-8,PUT,23100,2026-06-11
2026-06-11 12:57:00+05:30,43.05,43.05,40.75,40.85,108290,4332120,16.195861,23299.0,22900.0,22700,ATM-8,PUT,23100,2026-06-11
2026-06-11 12:58:00+05:30,40.8,41.15,39.65,40.15,131235,4335565,16.21038,23303.8,22900.0,22700,ATM-8,PUT,23100,2026-06-11
2026-06-11 12:59:00+05:30,40.4,41.45,39.5,39.5,63700,4329455,16.222383,23308.25,22900.0,22700,ATM-8,PUT,23100,2026-06-11
2026-06-11 13:00:00+05:30,39.5,39.5,37.15,38.0,230685,4333940,16.37403,23324.15,22900.0,22700,ATM-8,PUT,23100,2026-06-11
2026-06-11 13:01:00+05:30,37.75,39.45,37.35,39.3,113230,4330365,16.33224,23314.1,22900.0,22700,ATM-8,PUT,23100,2026-06-11
2026-06-11 13:02:00+05:30,39.15,40.6,39.05,39.9,107250,4349930,16.247723,23306.75,22900.0,22700,ATM-8,PUT,23100,2026-06-11
2026-06-11 13:03:00+05:30,39.9,40.8,39.9,40.6,58695,4363840,16.287788,23304.15,22900.0,22700,ATM-8,PUT,23100,2026-06-11
2026-06-11 13:04:00+05:30,40.6,40.9,40.2,40.75,35945,4361435,16.249856,23301.6,22900.0,22700,ATM-8,PUT,23100,2026-06-11
2026-06-11 13:05:00+05:30,40.95,41.1,40.4,40.7,245115,4402515,16.269704,23302.7,22900.0,22700,ATM-8,PUT,23100,2026-06-11
2026-06-11 13:06:00+05:30,40.65,40.95,40.25,40.8,54015,4537910,16.256514,23301.5,22900.0,22700,ATM-8,PUT,23100,2026-06-11
2026-06-11 13:07:00+05:30,40.8,41.3,40.4,41.3,40950,4529525,16.270358,23299.05,22900.0,22700,ATM-8,PUT,23100,2026-06-11
2026-06-11 13:08:00+05:30,41.35,42.2,41.15,41.55,64870,4514510,16.136342,23291.9,22900.0,22700,ATM-8,PUT,23100,2026-06-11
2026-06-11 13:09:00+05:30,41.55,43.4,41.55,43.15,70460,4519190,16.089767,23280.65,22900.0,22700,ATM-8,PUT,23100,2026-06-11
2026-06-11 13:10:00+05:30,42.9,43.2,42.25,42.45,94445,4512755,16.038588,23282.5,22900.0,22700,ATM-8,PUT,23100,2026-06-11
2026-06-11 13:11:00+05:30,42.3,43.45,42.3,42.75,50700,4505280,15.995442,23278.95,22900.0,22700,ATM-8,PUT,23100,2026-06-11
2026-06-11 13:12:00+05:30,35.3,36.7,35.2,36.0,92105,2542540,15.965203,23267.45,22850.0,22700,ATM-8,PUT,23100,2026-06-11
2026-06-11 13:13:00+05:30,36.15,36.7,36.0,36.6,52910,2553720,15.89198,23260.35,22850.0,22700,ATM-8,PUT,23100,2026-06-11
2026-06-11 13:14:00+05:30,36.45,36.6,36.05,36.3,71695,2560350,15.827292,23259.45,22850.0,22700,ATM-8,PUT,23100,2026-06-11
2026-06-11 13:15:00+05:30,36.15,36.55,36.1,36.35,39195,2563080,15.854219,23260.25,22850.0,22700,ATM-8,PUT,23100,2026-06-11
2026-06-11 13:16:00+05:30,36.15,36.85,35.8,36.65,56095,2553590,15.782645,23255.2,22850.0,22700,ATM-8,PUT,23100,2026-06-11
2026-06-11 13:17:00+05:30,36.65,37.55,35.85,36.0,89310,2553590,15.87301,23263.25,22850.0,22700,ATM-8,PUT,23100,2026-06-11
2026-06-11 13:18:00+05:30,36.3,37.3,36.0,37.05,34580,2557945,15.809973,23253.75,22850.0,22700,ATM-8,PUT,23100,2026-06-11
2026-06-11 13:19:00+05:30,36.95,37.55,36.65,37.35,27105,2552290,15.863334,23254.1,22850.0,22700,ATM-8,PUT,23100,2026-06-11
2026-06-11 13:20:00+05:30,37.3,38.15,36.85,38.1,86190,2546765,15.887668,23250.4,22850.0,22700,ATM-8,PUT,23100,2026-06-11
2026-06-11 13:21:00+05:30,38.25,39.3,38.05,38.95,133055,2529215,15.738149,23238.8,22850.0,22700,ATM-8,PUT,23100,2026-06-11
2026-06-11 13:22:00+05:30,39.35,39.7,38.8,39.7,99515,2521870,15.598571,23228.4,22850.0,22700,ATM-8,PUT,23100,2026-06-11
2026-06-11 13:23:00+05:30,39.4,39.75,36.7,37.65,77740,2501915,15.669799,23243.8,22850.0,22700,ATM-8,PUT,23100,2026-06-11
2026-06-11 13:24:00+05:30,37.4,38.25,37.1,37.5,44395,2490800,15.543043,23239.3,22850.0,22700,ATM-8,PUT,23100,2026-06-11
2026-06-11 13:25:00+05:30,37.1,38.65,36.85,38.55,62530,2489825,15.542125,23232.8,22850.0,22700,ATM-8,PUT,23100,2026-06-11
2026-06-11 13:26:00+05:30,38.55,39.9,38.5,39.3,102765,2499445,15.466657,23225.1,22850.0,22700,ATM-8,PUT,23100,2026-06-11
2026-06-11 13:27:00+05:30,39.1,39.3,38.15,38.55,36725,2495935,15.491717,23230.6,22850.0,22700,ATM-8,PUT,23100,2026-06-11
2026-06-11 13:28:00+05:30,38.55,39.05,37.7,38.25,39585,2498015,15.527798,23233.9,22850.0,22700,ATM-8,PUT,23100,2026-06-11
2026-06-11 13:29:00+05:30,38.0,38.25,37.25,37.55,28990,2492750,15.639566,23242.9,22850.0,22700,ATM-8,PUT,23100,2026-06-11
2026-06-11 13:30:00+05:30,37.45,37.55,34.3,35.2,106015,2477020,15.631831,23257.5,22850.0,22700,ATM-8,PUT,23100,2026-06-11
2026-06-11 13:31:00+05:30,35.3,36.55,35.1,35.7,67730,2473640,15.689512,23256.7,22850.0,22700,ATM-8,PUT,23100,2026-06-11
2026-06-11 13:32:00+05:30,34.9,35.7,33.6,33.6,61295,2493595,15.511385,23262.8,22850.0,22700,ATM-8,PUT,23100,2026-06-11
2026-06-11 13:33:00+05:30,33.75,34.25,32.85,34.25,65780,2495740,15.519209,23258.75,22850.0,22700,ATM-8,PUT,23100,2026-06-11
2026-06-11 13:34:00+05:30,34.7,36.0,34.25,36.0,64545,2494765,15.433756,23243.65,22850.0,22700,ATM-8,PUT,23100,2026-06-11
2026-06-11 13:35:00+05:30,35.7,36.0,34.5,34.65,42965,2502370,15.357098,23249.0,22850.0,22700,ATM-8,PUT,23100,2026-06-11
2026-06-11 13:36:00+05:30,34.9,35.15,33.7,33.7,45305,2506140,15.381657,23256.3,22850.0,22700,ATM-8,PUT,23100,2026-06-11
2026-06-11 13:37:00+05:30,33.65,34.5,33.65,34.15,60125,2492815,15.331698,23251.1,22850.0,22700,ATM-8,PUT,23100,2026-06-11
2026-06-11 13:38:00+05:30,34.1,36.25,34.1,35.95,37310,2497755,15.4008,23242.4,22850.0,22700,ATM-8,PUT,23100,2026-06-11
2026-06-11 13:39:00+05:30,35.7,37.4,35.7,37.05,103090,2509650,15.335649,23232.7,22850.0,22700,ATM-8,PUT,23100,2026-06-11
2026-06-11 13:40:00+05:30,36.6,37.6,35.7,37.6,53040,2529345,15.41758,23232.75,22850.0,22700,ATM-8,PUT,23100,2026-06-11
2026-06-11 13:41:00+05:30,37.5,37.7,37.0,37.35,47060,2533765,15.305421,23229.5,22850.0,22700,ATM-8,PUT,23100,2026-06-11
2026-06-11 13:42:00+05:30,37.15,37.4,36.3,37.15,29055,2536430,15.282056,23229.7,22850.0,22700,ATM-8,PUT,23100,2026-06-11
2026-06-11 13:43:00+05:30,30.4,31.35,30.05,30.85,108810,4650035,15.271895,23219.45,22800.0,22700,ATM-8,PUT,23100,2026-06-11
2026-06-11 13:44:00+05:30,30.9,31.45,29.9,30.0,215605,4663100,15.235433,23223.9,22800.0,22700,ATM-8,PUT,23100,2026-06-11
2026-06-11 13:45:00+05:30,30.05,30.85,30.0,30.8,111995,4610450,15.303906,23221.15,22800.0,22700,ATM-8,PUT,23100,2026-06-11
2026-06-11 13:46:00+05:30,37.55,38.55,36.7,36.7,106795,2484235,15.173007,23227.7,22850.0,22700,ATM-8,PUT,23100,2026-06-11
2026-06-11 13:47:00+05:30,36.9,36.9,35.15,36.15,93275,2478450,15.212429,23232.75,22850.0,22700,ATM-8,PUT,23100,2026-06-11
2026-06-11 13:48:00+05:30,36.3,36.5,34.95,36.15,54015,2485665,15.194524,23231.95,22850.0,22700,ATM-8,PUT,23100,2026-06-11
2026-06-11 13:49:00+05:30,36.25,36.85,35.75,36.25,40885,2488850,15.172451,23230.35,22850.0,22700,ATM-8,PUT,23100,2026-06-11
2026-06-11 13:50:00+05:30,29.4,30.4,29.4,30.3,71305,4582175,15.29621,23224.2,22800.0,22700,ATM-8,PUT,23100,2026-06-11
2026-06-11 13:51:00+05:30,36.75,37.45,36.05,36.35,29770,2500095,15.091057,23226.2,22850.0,22700,ATM-8,PUT,23100,2026-06-11
2026-06-11 13:52:00+05:30,36.4,37.4,35.75,35.75,46735,2509585,15.092328,23229.95,22850.0,22700,ATM-8,PUT,23100,2026-06-11
2026-06-11 13:53:00+05:30,35.8,36.0,35.05,35.4,44850,2510300,15.179745,23235.85,22850.0,22700,ATM-8,PUT,23100,2026-06-11
2026-06-11 13:54:00+05:30,35.35,36.35,35.25,35.8,33670,2492490,15.208214,23234.5,22850.0,22700,ATM-8,PUT,23100,2026-06-11
2026-06-11 13:55:00+05:30,35.85,36.55,35.3,35.3,28015,2496195,15.170192,23236.0,22850.0,22700,ATM-8,PUT,23100,2026-06-11
2026-06-11 13:56:00+05:30,35.6,35.8,34.6,34.9,27495,2502240,15.211736,23240.3,22850.0,22700,ATM-8,PUT,23100,2026-06-11
2026-06-11 13:57:00+05:30,34.85,35.55,34.35,35.0,44655,2493335,15.204291,23239.3,22850.0,22700,ATM-8,PUT,23100,2026-06-11
2026-06-11 13:58:00+05:30,34.95,35.0,33.5,33.8,46150,2483845,15.227063,23248.05,22850.0,22700,ATM-8,PUT,23100,2026-06-11
2026-06-11 13:59:00+05:30,33.9,36.25,33.8,35.7,50960,2484495,15.162744,23233.0,22850.0,22700,ATM-8,PUT,23100,2026-06-11
2026-06-11 14:00:00+05:30,35.65,36.1,34.15,34.15,35685,2492880,15.100359,23240.2,22850.0,22700,ATM-8,PUT,23100,2026-06-11
2026-06-11 14:01:00+05:30,34.45,35.2,34.15,34.9,21125,2492945,15.11251,23235.85,22850.0,22700,ATM-8,PUT,23100,2026-06-11
2026-06-11 14:02:00+05:30,35.0,35.3,34.65,34.9,23205,2497300,15.042195,23232.8,22850.0,22700,ATM-8,PUT,23100,2026-06-11
2026-06-11 14:03:00+05:30,34.65,35.15,34.35,35.0,17160,2501135,15.138527,23236.25,22850.0,22700,ATM-8,PUT,23100,2026-06-11
2026-06-11 14:04:00+05:30,35.1,35.45,34.1,34.6,46280,2493270,15.082018,23236.35,22850.0,22700,ATM-8,PUT,23100,2026-06-11
2026-06-11 14:05:00+05:30,34.7,36.05,34.5,34.9,61360,2485405,15.031991,23232.25,22850.0,22700,ATM-8,PUT,23100,2026-06-11
2026-06-11 14:06:00+05:30,35.0,35.5,34.4,34.85,21645,2486835,15.039456,23232.85,22850.0,22700,ATM-8,PUT,23100,2026-06-11
2026-06-11 14:07:00+05:30,28.4,30.5,28.4,30.5,114075,4598035,15.249631,23220.0,22800.0,22700,ATM-8,PUT,23100,2026-06-11
2026-06-11 14:08:00+05:30,30.3,31.5,30.3,31.45,210535,4588155,15.177403,23210.05,22800.0,22700,ATM-8,PUT,23100,2026-06-11
2026-06-11 14:09:00+05:30,31.45,32.5,30.4,30.55,297960,4588415,15.092787,23212.6,22800.0,22700,ATM-8,PUT,23100,2026-06-11
2026-06-11 14:10:00+05:30,30.55,30.95,29.75,30.75,101855,4593160,15.170841,23214.6,22800.0,22700,ATM-8,PUT,23100,2026-06-11
2026-06-11 14:11:00+05:30,30.75,31.5,30.3,30.65,115115,4583215,15.121867,23213.1,22800.0,22700,ATM-8,PUT,23100,2026-06-11
2026-06-11 14:12:00+05:30,30.5,31.2,30.15,30.7,85800,4613895,15.069748,23210.4,22800.0,22700,ATM-8,PUT,23100,2026-06-11
2026-06-11 14:13:00+05:30,30.7,30.85,28.9,29.15,126555,4616950,15.107974,23223.25,22800.0,22700,ATM-8,PUT,23100,2026-06-11
2026-06-11 14:14:00+05:30,29.15,30.0,28.65,29.85,77025,4589260,15.146218,23219.8,22800.0,22700,ATM-8,PUT,23100,2026-06-11
2026-06-11 14:15:00+05:30,29.8,30.4,29.5,29.75,68640,4585425,15.027713,23215.2,22800.0,22700,ATM-8,PUT,23100,2026-06-11
2026-06-11 14:16:00+05:30,29.65,30.0,29.2,29.85,48620,4583410,15.069504,23216.3,22800.0,22700,ATM-8,PUT,23100,2026-06-11
2026-06-11 14:17:00+05:30,30.1,30.7,29.85,30.5,62595,4590690,15.129133,23214.25,22800.0,22700,ATM-8,PUT,23100,2026-06-11
2026-06-11 14:18:00+05:30,30.45,31.45,30.45,31.45,96785,4570865,15.139772,23208.0,22800.0,22700,ATM-8,PUT,23100,2026-06-11
2026-06-11 14:19:00+05:30,31.15,31.7,29.8,29.8,106925,4578145,15.07529,23216.8,22800.0,22700,ATM-8,PUT,23100,2026-06-11
2026-06-11 14:20:00+05:30,29.85,30.25,29.0,29.2,117975,4570150,15.116884,23223.0,22800.0,22700,ATM-8,PUT,23100,2026-06-11
2026-06-11 14:21:00+05:30,29.25,29.85,28.85,29.55,60450,4567745,15.102498,23219.75,22800.0,22700,ATM-8,PUT,23100,2026-06-11
2026-06-11 14:22:00+05:30,30.0,30.05,29.05,29.75,45110,4573335,15.141599,23220.0,22800.0,22700,ATM-8,PUT,23100,2026-06-11
2026-06-11 14:23:00+05:30,29.75,31.3,29.5,31.25,94575,4571840,15.141003,23209.25,22800.0,22700,ATM-8,PUT,23100,2026-06-11
2026-06-11 14:24:00+05:30,31.1,31.25,30.65,30.9,60970,4563455,15.021643,23206.4,22800.0,22700,ATM-8,PUT,23100,2026-06-11
2026-06-11 14:25:00+05:30,30.85,30.9,29.65,29.8,59930,4570735,15.075031,23216.55,22800.0,22700,ATM-8,PUT,23100,2026-06-11
2026-06-11 14:26:00+05:30,36.6,36.95,35.25,35.25,45305,2475330,14.933463,23225.05,22850.0,22700,ATM-8,PUT,23100,2026-06-11
2026-06-11 14:27:00+05:30,35.45,35.75,34.7,35.0,38545,2461290,14.927956,23226.35,22850.0,22700,ATM-8,PUT,23100,2026-06-11
2026-06-11 14:28:00+05:30,34.5,35.0,31.7,31.9,123305,2459795,15.041287,23251.55,22850.0,22700,ATM-8,PUT,23100,2026-06-11
2026-06-11 14:29:00+05:30,31.75,33.9,31.5,33.9,71175,2466945,15.110406,23241.15,22850.0,22700,ATM-8,PUT,23100,2026-06-11
2026-06-11 14:30:00+05:30,33.9,34.95,32.7,32.7,64675,2471950,15.02732,23245.45,22850.0,22700,ATM-8,PUT,23100,2026-06-11
2026-06-11 14:31:00+05:30,32.75,33.55,32.55,33.25,30355,2474160,14.989084,23240.1,22850.0,22700,ATM-8,PUT,23100,2026-06-11
2026-06-11 14:32:00+05:30,33.45,34.05,32.85,32.85,35815,2474420,15.006116,23243.45,22850.0,22700,ATM-8,PUT,23100,2026-06-11
2026-06-11 14:33:00+05:30,32.9,35.2,32.85,35.05,47515,2479555,15.004055,23229.05,22850.0,22700,ATM-8,PUT,23100,2026-06-11
2026-06-11 14:34:00+05:30,35.05,35.3,34.25,34.7,35035,2474420,15.014974,23231.7,22850.0,22700,ATM-8,PUT,23100,2026-06-11
2026-06-11 14:35:00+05:30,34.7,34.7,33.4,34.45,56030,2472925,15.108061,23237.25,22850.0,22700,ATM-8,PUT,23100,2026-06-11
2026-06-11 14:36:00+05:30,28.05,29.65,27.9,29.65,109720,4569110,14.987457,23213.3,22800.0,22700,ATM-8,PUT,23100,2026-06-11
2026-06-11 14:37:00+05:30,36.4,38.45,35.8,36.3,130520,2485795,15.121047,23226.05,22850.0,22700,ATM-8,PUT,23100,2026-06-11
2026-06-11 14:38:00+05:30,29.3,30.75,29.1,30.5,100230,4545190,15.241606,23218.4,22800.0,22700,ATM-8,PUT,23100,2026-06-11
2026-06-11 14:39:00+05:30,30.4,32.0,30.4,31.05,261820,4531215,15.301528,23217.1,22800.0,22700,ATM-8,PUT,23100,2026-06-11
2026-06-11 14:40:00+05:30,31.0,31.75,30.8,31.4,180310,4529135,15.157277,23208.25,22800.0,22700,ATM-8,PUT,23100,2026-06-11
2026-06-11 14:41:00+05:30,31.45,32.15,30.85,31.05,239915,4504760,15.228603,23213.8,22800.0,22700,ATM-8,PUT,23100,2026-06-11
2026-06-11 14:42:00+05:30,31.05,31.9,30.85,31.7,160095,4515810,15.2612,23210.65,22800.0,22700,ATM-8,PUT,23100,2026-06-11
2026-06-11 14:43:00+05:30,31.75,33.3,31.35,33.15,249275,4493190,15.18198,23197.3,22800.0,22700,ATM-8,PUT,23100,2026-06-11
2026-06-11 14:44:00+05:30,33.45,33.6,32.5,32.65,263965,4440280,15.172488,23200.2,22800.0,22700,ATM-8,PUT,23100,2026-06-11
2026-06-11 14:45:00+05:30,32.2,33.8,32.2,33.5,221715,4437680,15.236402,23197.25,22800.0,22700,ATM-8,PUT,23100,2026-06-11
2026-06-11 14:46:00+05:30,33.6,34.05,32.0,33.85,229255,4390035,15.168955,23192.0,22800.0,22700,ATM-8,PUT,23100,2026-06-11
2026-06-11 14:47:00+05:30,27.5,30.55,27.15,29.25,306995,2358200,15.048386,23167.1,22750.0,22700,ATM-8,PUT,23100,2026-06-11
2026-06-11 14:48:00+05:30,36.95,37.2,34.15,34.65,256750,4218435,15.019179,23180.35,22800.0,22700,ATM-8,PUT,23100,2026-06-11
2026-06-11 14:49:00+05:30,34.3,34.95,33.2,33.75,192335,4188275,15.181985,23193.1,22800.0,22700,ATM-8,PUT,23100,2026-06-11
2026-06-11 14:50:00+05:30,27.3,28.9,27.0,28.9,102570,2383290,15.119969,23172.75,22750.0,22700,ATM-8,PUT,23100,2026-06-11
2026-06-11 14:51:00+05:30,28.5,28.9,27.6,28.3,53300,2374060,15.013279,23172.4,22750.0,22700,ATM-8,PUT,23100,2026-06-11
2026-06-11 14:52:00+05:30,28.2,28.6,27.95,28.5,51350,2374385,15.018505,23171.1,22750.0,22700,ATM-8,PUT,23100,2026-06-11
2026-06-11 14:53:00+05:30,28.2,28.5,27.6,27.65,52455,2375620,14.941562,23174.0,22750.0,22700,ATM-8,PUT,23100,2026-06-11
2026-06-11 14:54:00+05:30,27.85,28.2,27.65,27.8,42380,2367040,14.916634,23171.7,22750.0,22700,ATM-8,PUT,23100,2026-06-11
2026-06-11 14:55:00+05:30,27.8,28.2,27.25,27.45,73255,2388035,14.878525,23172.6,22750.0,22700,ATM-8,PUT,23100,2026-06-11
2026-06-11 14:56:00+05:30,27.55,28.0,27.2,27.85,51350,2376205,14.896782,23170.35,22750.0,22700,ATM-8,PUT,23100,2026-06-11
2026-06-11 14:57:00+05:30,27.85,28.3,27.45,27.7,92755,2351245,14.78015,23166.2,22750.0,22700,ATM-8,PUT,23100,2026-06-11
2026-06-11 14:58:00+05:30,27.7,27.8,27.3,27.35,45565,2335190,14.862054,23172.5,22750.0,22700,ATM-8,PUT,23100,2026-06-11
2026-06-11 14:59:00+05:30,33.8,35.2,33.8,34.95,192855,4124965,14.996044,23177.05,22800.0,22700,ATM-8,PUT,23100,2026-06-11
2026-06-11 15:00:00+05:30,27.6,28.9,25.5,28.9,341510,2300415,14.707729,23154.0,22750.0,22700,ATM-8,PUT,23100,2026-06-11
2026-06-11 15:01:00+05:30,28.8,29.45,28.1,28.3,191230,2286960,14.591172,23153.15,22750.0,22700,ATM-8,PUT,23100,2026-06-11
2026-06-11 15:02:00+05:30,28.5,29.4,27.4,28.3,160160,2295930,14.718941,23158.8,22750.0,22700,ATM-8,PUT,23100,2026-06-11
2026-06-11 15:03:00+05:30,28.3,29.3,28.3,28.9,66885,2285855,14.806158,23158.25,22750.0,22700,ATM-8,PUT,23100,2026-06-11
2026-06-11 15:04:00+05:30,28.9,29.3,28.4,29.2,60840,2277665,14.55622,23145.0,22750.0,22700,ATM-8,PUT,23100,2026-06-11
2026-06-11 15:05:00+05:30,29.25,29.9,28.7,28.9,100165,2268110,14.566317,23147.55,22750.0,22700,ATM-8,PUT,23100,2026-06-11
2026-06-11 15:06:00+05:30,28.8,30.0,28.5,29.8,96330,2264080,14.525539,23139.35,22750.0,22700,ATM-8,PUT,23100,2026-06-11
2026-06-11 15:07:00+05:30,29.85,30.2,28.95,29.0,69875,2249715,14.596732,23148.1,22750.0,22700,ATM-8,PUT,23100,2026-06-11
2026-06-11 15:08:00+05:30,28.85,29.5,28.2,29.5,61880,2249130,14.411995,23136.4,22750.0,22700,ATM-8,PUT,23100,2026-06-11
2026-06-11 15:09:00+05:30,29.65,29.7,28.9,29.05,48750,2250950,14.510197,23143.85,22750.0,22700,ATM-8,PUT,23100,2026-06-11
2026-06-11 15:10:00+05:30,29.2,29.2,27.4,27.4,88140,2239835,14.418688,23151.75,22750.0,22700,ATM-8,PUT,23100,2026-06-11
2026-06-11 15:11:00+05:30,27.6,28.6,27.15,28.35,76570,2241655,14.403916,23144.1,22750.0,22700,ATM-8,PUT,23100,2026-06-11
2026-06-11 15:12:00+05:30,28.3,29.05,27.85,28.0,52780,2247505,14.515294,23151.55,22750.0,22700,ATM-8,PUT,23100,2026-06-11
2026-06-11 15:13:00+05:30,28.0,28.05,26.85,27.0,70525,2250820,14.579631,23161.85,22750.0,22700,ATM-8,PUT,23100,2026-06-11
2026-06-11 15:14:00+05:30,27.05,27.8,26.55,27.75,57590,2243150,14.794563,23165.8,22750.0,22700,ATM-8,PUT,23100,2026-06-11
2026-06-11 15:15:00+05:30,27.75,28.75,27.45,27.45,114465,2229955,14.758438,23166.4,22750.0,22700,ATM-8,PUT,23100,2026-06-11
2026-06-11 15:16:00+05:30,34.85,34.85,32.0,32.0,289770,3949400,14.646263,23180.55,22800.0,22700,ATM-8,PUT,23100,2026-06-11
2026-06-11 15:17:00+05:30,32.05,32.6,31.5,32.15,170625,3947320,14.701554,23181.9,22800.0,22700,ATM-8,PUT,23100,2026-06-11
2026-06-11 15:18:00+05:30,32.15,34.5,31.85,34.05,138710,3946410,14.974473,23181.15,22800.0,22700,ATM-8,PUT,23100,2026-06-11
2026-06-11 15:19:00+05:30,27.15,28.2,27.15,27.4,269620,2354885,14.87803,23172.0,22750.0,22700,ATM-8,PUT,23100,2026-06-11
2026-06-11 15:20:00+05:30,34.75,34.75,33.55,33.55,370955,4036890,14.831572,23178.2,22800.0,22700,ATM-8,PUT,23100,2026-06-11
2026-06-11 15:21:00+05:30,33.7,33.95,32.7,33.7,229580,4061395,14.818772,23176.65,22800.0,22700,ATM-8,PUT,23100,2026-06-11
2026-06-11 15:22:00+05:30,26.7,27.5,26.3,26.95,126490,2492425,14.757744,23169.9,22750.0,22700,ATM-8,PUT,23100,2026-06-11
2026-06-11 15:23:00+05:30,26.95,27.35,26.65,26.65,115570,2527200,14.729604,23170.9,22750.0,22700,ATM-8,PUT,23100,2026-06-11
2026-06-11 15:24:00+05:30,26.45,26.9,26.3,26.65,48490,2532595,14.790163,23173.6,22750.0,22700,ATM-8,PUT,23100,2026-06-11
2026-06-11 15:25:00+05:30,26.7,26.8,25.45,25.45,106990,2525900,14.601069,23174.4,22750.0,22700,ATM-8,PUT,23100,2026-06-11
2026-06-11 15:26:00+05:30,32.1,32.35,30.75,31.0,336700,4188145,14.408665,23176.6,22800.0,22700,ATM-8,PUT,23100,2026-06-11
2026-06-11 15:27:00+05:30,30.95,32.4,30.55,31.85,326690,4172480,14.59903,23179.1,22800.0,22700,ATM-8,PUT,23100,2026-06-11
2026-06-11 15:28:00+05:30,32.15,32.5,31.4,32.3,530205,4301245,14.691235,23180.05,22800.0,22700,ATM-8,PUT,23100,2026-06-11
2026-06-11 15:29:00+05:30,32.35,32.5,31.3,31.45,354055,4249310,14.711173,23186.55,22800.0,22700,ATM-8,PUT,23100,2026-06-11
2026-06-11 09:15:00+05:30,400.15,435.85,396.6,419.75,5200,35360,13.652501,23104.4,22750.0,22750,ATM-7,CALL,23100,2026-06-11
2026-06-11 09:16:00+05:30,414.0,419.75,389.85,389.85,4680,35620,11.948033,23082.3,22750.0,22750,ATM-7,CALL,23100,2026-06-11
2026-06-11 09:17:00+05:30,389.5,395.55,386.4,395.05,5590,36660,11.252076,23092.9,22750.0,22750,ATM-7,CALL,23100,2026-06-11
2026-06-11 09:18:00+05:30,399.8,409.7,395.05,404.05,1950,35750,11.72735,23100.1,22750.0,22750,ATM-7,CALL,23100,2026-06-11
2026-06-11 09:19:00+05:30,403.4,414.95,403.4,413.15,2795,35295,10.767914,23115.85,22750.0,22750,ATM-7,CALL,23100,2026-06-11
2026-06-11 09:20:00+05:30,374.4,384.0,367.35,382.0,25740,187980,11.140874,23128.6,22800.0,22750,ATM-7,CALL,23100,2026-06-11
2026-06-11 09:21:00+05:30,382.15,396.0,382.0,393.75,35620,185640,11.055722,23142.45,22800.0,22750,ATM-7,CALL,23100,2026-06-11
2026-06-11 09:22:00+05:30,393.35,397.2,386.75,392.0,14560,183820,10.646359,23142.9,22800.0,22750,ATM-7,CALL,23100,2026-06-11
2026-06-11 09:23:00+05:30,395.0,399.65,387.0,388.3,8905,184275,11.224564,23135.25,22800.0,22750,ATM-7,CALL,23100,2026-06-11
2026-06-11 09:24:00+05:30,429.55,433.45,415.1,416.25,2145,31200,11.238609,23116.8,22750.0,22750,ATM-7,CALL,23100,2026-06-11
2026-06-11 09:25:00+05:30,418.2,418.5,412.55,412.55,2925,30030,11.854123,23109.0,22750.0,22750,ATM-7,CALL,23100,2026-06-11
2026-06-11 09:26:00+05:30,412.65,415.45,408.9,414.4,1365,30745,12.404496,23107.5,22750.0,22750,ATM-7,CALL,23100,2026-06-11
2026-06-11 09:27:00+05:30,412.7,416.45,400.65,407.25,1755,30940,12.089284,23101.45,22750.0,22750,ATM-7,CALL,23100,2026-06-11
2026-06-11 09:28:00+05:30,411.4,420.7,407.25,419.05,2600,31525,11.650196,23117.6,22750.0,22750,ATM-7,CALL,23100,2026-06-11
2026-06-11 09:29:00+05:30,419.35,425.5,416.65,420.3,2405,32760,11.134383,23121.9,22750.0,22750,ATM-7,CALL,23100,2026-06-11
2026-06-11 09:30:00+05:30,421.05,421.75,408.35,408.35,1885,33020,10.82311,23110.35,22750.0,22750,ATM-7,CALL,23100,2026-06-11
2026-06-11 09:31:00+05:30,409.1,414.9,404.0,414.9,1690,33930,10.954793,23116.9,22750.0,22750,ATM-7,CALL,23100,2026-06-11
2026-06-11 09:32:00+05:30,420.0,420.55,414.9,415.8,2210,34320,11.656143,23113.95,22750.0,22750,ATM-7,CALL,23100,2026-06-11
2026-06-11 09:33:00+05:30,410.45,415.8,399.0,399.0,2145,34905,10.528586,23101.6,22750.0,22750,ATM-7,CALL,23100,2026-06-11
2026-06-11 09:34:00+05:30,399.1,408.35,399.0,407.7,1235,35035,10.825498,23109.65,22750.0,22750,ATM-7,CALL,23100,2026-06-11
2026-06-11 09:35:00+05:30,405.55,407.85,395.0,395.0,1495,36075,10.57309,23096.95,22750.0,22750,ATM-7,CALL,23100,2026-06-11
2026-06-11 09:36:00+05:30,396.1,406.4,395.0,406.4,2080,36140,9.98826,23112.35,22750.0,22750,ATM-7,CALL,23100,2026-06-11
2026-06-11 09:37:00+05:30,409.0,416.05,406.4,413.0,2665,36075,10.022889,23119.35,22750.0,22750,ATM-7,CALL,23100,2026-06-11
2026-06-11 09:38:00+05:30,374.1,384.6,373.6,382.45,12545,227890,11.035814,23129.95,22800.0,22750,ATM-7,CALL,23100,2026-06-11
2026-06-11 09:39:00+05:30,381.45,389.0,381.45,385.3,10205,222755,11.167642,23132.35,22800.0,22750,ATM-7,CALL,23100,2026-06-11
2026-06-11 09:40:00+05:30,421.45,425.75,418.1,418.1,715,35425,11.097863,23119.75,22750.0,22750,ATM-7,CALL,23100,2026-06-11
2026-06-11 09:41:00+05:30,414.0,418.1,411.5,414.75,975,34775,10.232174,23120.35,22750.0,22750,ATM-7,CALL,23100,2026-06-11
2026-06-11 09:42:00+05:30,415.5,416.25,410.35,410.35,585,35230,9.131378,23120.0,22750.0,22750,ATM-7,CALL,23100,2026-06-11
2026-06-11 09:43:00+05:30,375.0,392.4,372.6,391.55,17420,226070,10.866072,23141.3,22800.0,22750,ATM-7,CALL,23100,2026-06-11
2026-06-11 09:44:00+05:30,392.4,396.0,391.1,391.6,12090,218400,10.35155,23144.25,22800.0,22750,ATM-7,CALL,23100,2026-06-11
2026-06-11 09:45:00+05:30,393.8,399.65,386.3,393.9,22685,217035,10.565511,23145.65,22800.0,22750,ATM-7,CALL,23100,2026-06-11
2026-06-11 09:46:00+05:30,395.0,400.35,391.0,400.35,10725,212290,10.243623,23154.45,22800.0,22750,ATM-7,CALL,23100,2026-06-11
2026-06-11 09:47:00+05:30,398.85,400.35,392.15,392.15,11635,214500,9.329323,23149.7,22800.0,22750,ATM-7,CALL,23100,2026-06-11
2026-06-11 09:48:00+05:30,393.15,395.9,387.0,387.0,7475,217555,9.906325,23141.5,22800.0,22750,ATM-7,CALL,23100,2026-06-11
2026-06-11 09:49:00+05:30,386.55,397.3,386.55,397.2,6760,219245,9.763506,23153.3,22800.0,22750,ATM-7,CALL,23100,2026-06-11
2026-06-11 09:50:00+05:30,397.85,411.0,391.1,408.95,11375,219895,10.447072,23162.9,22800.0,22750,ATM-7,CALL,23100,2026-06-11
2026-06-11 09:51:00+05:30,405.8,412.65,404.25,411.65,15340,215085,10.095131,23167.5,22800.0,22750,ATM-7,CALL,23100,2026-06-11
2026-06-11 09:52:00+05:30,410.35,413.2,404.75,410.3,7995,212095,8.847731,23170.8,22800.0,22750,ATM-7,CALL,23100,2026-06-11
2026-06-11 09:53:00+05:30,411.65,416.45,407.6,411.2,10725,211705,8.666976,23172.3,22800.0,22750,ATM-7,CALL,23100,2026-06-11
2026-06-11 09:54:00+05:30,411.2,412.55,397.6,399.05,6760,214175,10.389222,23152.35,22800.0,22750,ATM-7,CALL,23100,2026-06-11
2026-06-11 09:55:00+05:30,401.0,401.0,388.0,391.45,19305,213915,10.769872,23141.85,22800.0,22750,ATM-7,CALL,23100,2026-06-11
2026-06-11 09:56:00+05:30,390.45,398.0,388.0,388.0,14625,205335,10.32545,23140.5,22800.0,22750,ATM-7,CALL,23100,2026-06-11
2026-06-11 09:57:00+05:30,386.4,388.1,378.95,380.0,16965,204685,10.408657,23131.15,22800.0,22750,ATM-7,CALL,23100,2026-06-11
2026-06-11 09:58:00+05:30,416.1,427.1,410.15,410.8,1430,37050,10.543541,23114.7,22750.0,22750,ATM-7,CALL,23100,2026-06-11
2026-06-11 09:59:00+05:30,409.55,416.3,408.05,408.65,1430,37180,9.329584,23117.6,22750.0,22750,ATM-7,CALL,23100,2026-06-11
2026-06-11 10:00:00+05:30,369.4,380.4,369.4,377.9,20865,220870,10.165485,23130.2,22800.0,22750,ATM-7,CALL,23100,2026-06-11
2026-06-11 10:01:00+05:30,380.0,384.0,377.9,380.35,9100,229970,10.243485,23132.5,22800.0,22750,ATM-7,CALL,23100,2026-06-11
2026-06-11 10:02:00+05:30,416.8,420.2,411.85,411.85,390,39000,8.757466,23122.9,22750.0,22750,ATM-7,CALL,23100,2026-06-11
2026-06-11 10:03:00+05:30,417.2,417.2,407.75,407.75,325,38935,7.892706,23120.85,22750.0,22750,ATM-7,CALL,23100,2026-06-11
2026-06-11 10:04:00+05:30,412.3,412.3,403.0,403.0,585,39000,10.0564,23108.55,22750.0,22750,ATM-7,CALL,23100,2026-06-11
2026-06-11 10:05:00+05:30,398.5,408.15,397.25,408.15,1430,38805,10.502695,23112.05,22750.0,22750,ATM-7,CALL,23100,2026-06-11
2026-06-11 10:06:00+05:30,365.0,385.85,365.0,384.65,20800,239200,10.245213,23137.3,22800.0,22750,ATM-7,CALL,23100,2026-06-11
2026-06-11 10:07:00+05:30,382.55,395.9,380.85,395.9,20280,234780,10.610423,23147.8,22800.0,22750,ATM-7,CALL,23100,2026-06-11
2026-06-11 10:08:00+05:30,389.95,404.8,389.95,403.4,18525,237315,10.456539,23156.9,22800.0,22750,ATM-7,CALL,23100,2026-06-11
2026-06-11 10:09:00+05:30,405.9,407.6,399.15,399.7,12545,236470,9.577243,23156.95,22800.0,22750,ATM-7,CALL,23100,2026-06-11
2026-06-11 10:10:00+05:30,399.5,408.25,397.0,401.0,7800,232830,9.59101,23158.3,22800.0,22750,ATM-7,CALL,23100,2026-06-11
2026-06-11 10:11:00+05:30,401.95,408.0,401.0,408.0,5850,233220,10.243163,23163.0,22800.0,22750,ATM-7,CALL,23100,2026-06-11
2026-06-11 10:12:00+05:30,407.7,408.35,399.15,399.15,10530,232050,9.511854,23156.65,22800.0,22750,ATM-7,CALL,23100,2026-06-11
2026-06-11 10:13:00+05:30,400.15,405.5,399.15,404.35,3380,233545,10.090767,23159.75,22800.0,22750,ATM-7,CALL,23100,2026-06-11
2026-06-11 10:14:00+05:30,405.0,407.2,391.4,393.1,3900,232830,10.084525,23147.5,22800.0,22750,ATM-7,CALL,23100,2026-06-11
2026-06-11 10:15:00+05:30,393.1,404.55,393.1,404.55,5980,234390,10.519259,23157.9,22800.0,22750,ATM-7,CALL,23100,2026-06-11
2026-06-11 10:16:00+05:30,402.1,412.0,402.1,407.0,9945,234455,9.551473,23164.95,22800.0,22750,ATM-7,CALL,23100,2026-06-11
2026-06-11 10:17:00+05:30,406.95,415.0,406.95,413.85,3640,232440,10.299911,23169.15,22800.0,22750,ATM-7,CALL,23100,2026-06-11
2026-06-11 10:18:00+05:30,411.75,419.9,407.1,419.9,7215,231530,10.874206,23173.0,22800.0,22750,ATM-7,CALL,23100,2026-06-11
2026-06-11 10:19:00+05:30,377.3,383.25,376.2,383.25,6760,70265,10.6848,23183.15,22850.0,22750,ATM-7,CALL,23100,2026-06-11
2026-06-11 10:20:00+05:30,385.65,390.45,379.55,390.0,9100,67015,10.765545,23190.25,22850.0,22750,ATM-7,CALL,23100,2026-06-11
2026-06-11 10:21:00+05:30,390.55,390.55,379.15,379.5,3510,65845,10.128016,23182.15,22850.0,22750,ATM-7,CALL,23100,2026-06-11
2026-06-11 10:22:00+05:30,381.35,382.85,376.5,378.75,1495,65585,10.382981,23179.9,22850.0,22750,ATM-7,CALL,23100,2026-06-11
2026-06-11 10:23:00+05:30,380.8,385.15,378.75,382.2,2405,65650,10.760206,23181.55,22850.0,22750,ATM-7,CALL,23100,2026-06-11
2026-06-11 10:24:00+05:30,381.4,382.2,377.15,379.0,1560,66625,10.460098,23179.75,22850.0,22750,ATM-7,CALL,23100,2026-06-11
2026-06-11 10:25:00+05:30,379.85,379.85,376.3,376.3,1495,67600,9.995669,23179.35,22850.0,22750,ATM-7,CALL,23100,2026-06-11
2026-06-11 10:26:00+05:30,379.55,391.7,376.3,391.55,3965,67470,10.56861,23193.15,22850.0,22750,ATM-7,CALL,23100,2026-06-11
2026-06-11 10:27:00+05:30,390.0,403.55,390.0,403.55,4940,67340,10.3412,23207.6,22850.0,22750,ATM-7,CALL,23100,2026-06-11
2026-06-11 10:28:00+05:30,405.4,405.4,391.6,397.3,2925,66365,10.595828,23199.4,22850.0,22750,ATM-7,CALL,23100,2026-06-11
2026-06-11 10:29:00+05:30,396.0,401.45,394.65,396.15,2340,67210,10.337966,23199.5,22850.0,22750,ATM-7,CALL,23100,2026-06-11
2026-06-11 10:30:00+05:30,400.45,400.45,383.55,385.7,2535,67080,10.161719,23188.9,22850.0,22750,ATM-7,CALL,23100,2026-06-11
2026-06-11 10:31:00+05:30,384.45,395.25,384.05,392.0,3185,67795,9.455343,23199.15,22850.0,22750,ATM-7,CALL,23100,2026-06-11
2026-06-11 10:32:00+05:30,393.3,399.0,391.7,399.0,1300,67470,10.065392,23204.0,22850.0,22750,ATM-7,CALL,23100,2026-06-11
2026-06-11 10:33:00+05:30,395.6,399.0,389.6,396.45,585,66950,10.511857,23198.95,22850.0,22750,ATM-7,CALL,23100,2026-06-11
2026-06-11 10:34:00+05:30,395.4,396.45,393.45,393.65,325,66950,9.490947,23200.8,22850.0,22750,ATM-7,CALL,23100,2026-06-11
2026-06-11 10:35:00+05:30,394.4,400.3,393.65,400.3,1495,67730,10.848099,23201.4,22850.0,22750,ATM-7,CALL,23100,2026-06-11
2026-06-11 10:36:00+05:30,393.05,400.3,387.85,392.15,2340,67730,10.13258,23196.2,22850.0,22750,ATM-7,CALL,23100,2026-06-11
2026-06-11 10:37:00+05:30,392.95,392.95,386.7,388.8,3055,67730,10.252538,23191.9,22850.0,22750,ATM-7,CALL,23100,2026-06-11
2026-06-11 10:38:00+05:30,391.4,395.0,388.8,394.6,845,67080,10.092897,23199.1,22850.0,22750,ATM-7,CALL,23100,2026-06-11
2026-06-11 10:39:00+05:30,397.95,402.3,394.6,402.3,1105,66950,10.108029,23207.45,22850.0,22750,ATM-7,CALL,23100,2026-06-11
2026-06-11 10:40:00+05:30,400.05,406.8,399.1,405.0,2275,67210,9.651769,23212.4,22850.0,22750,ATM-7,CALL,23100,2026-06-11
2026-06-11 10:41:00+05:30,405.0,405.25,396.65,398.15,2145,66235,9.999723,23203.45,22850.0,22750,ATM-7,CALL,23100,2026-06-11
2026-06-11 10:42:00+05:30,396.5,398.45,393.7,396.7,1430,66170,9.056304,23205.85,22850.0,22750,ATM-7,CALL,23100,2026-06-11
2026-06-11 10:43:00+05:30,398.7,401.0,394.75,396.1,1365,66755,9.812488,23202.1,22850.0,22750,ATM-7,CALL,23100,2026-06-11
2026-06-11 10:44:00+05:30,394.55,400.1,391.05,398.8,1625,65780,9.854279,23204.85,22850.0,22750,ATM-7,CALL,23100,2026-06-11
2026-06-11 10:45:00+05:30,390.25,398.8,390.25,398.15,455,65520,9.754172,23204.6,22850.0,22750,ATM-7,CALL,23100,2026-06-11
2026-06-11 10:46:00+05:30,399.0,403.85,397.1,397.1,1105,65455,8.974039,23206.6,22850.0,22750,ATM-7,CALL,23100,2026-06-11
2026-06-11 10:47:00+05:30,396.6,399.35,396.0,396.0,325,65455,7.0527,23210.35,22850.0,22750,ATM-7,CALL,23100,2026-06-11
2026-06-11 10:48:00+05:30,404.6,405.35,393.35,396.35,845,65390,9.005889,23205.7,22850.0,22750,ATM-7,CALL,23100,2026-06-11
2026-06-11 10:49:00+05:30,394.6,396.35,389.75,389.75,130,65390,10.115012,23193.75,22850.0,22750,ATM-7,CALL,23100,2026-06-11
2026-06-11 10:50:00+05:30,386.6,389.75,382.65,383.25,3315,63635,10.151869,23186.4,22850.0,22750,ATM-7,CALL,23100,2026-06-11
2026-06-11 10:51:00+05:30,389.65,394.35,383.25,387.45,1040,63895,10.349305,23190.0,22850.0,22750,ATM-7,CALL,23100,2026-06-11
2026-06-11 10:52:00+05:30,387.65,392.65,387.45,392.4,1300,63570,11.598178,23188.05,22850.0,22750,ATM-7,CALL,23100,2026-06-11
2026-06-11 10:53:00+05:30,425.25,428.5,417.0,418.25,5135,212745,10.137202,23174.9,22800.0,22750,ATM-7,CALL,23100,2026-06-11
2026-06-11 10:54:00+05:30,418.6,421.0,413.95,418.75,4940,211055,10.30886,23174.7,22800.0,22750,ATM-7,CALL,23100,2026-06-11
2026-06-11 10:55:00+05:30,415.75,418.75,413.05,417.9,9620,217360,10.438048,23173.2,22800.0,22750,ATM-7,CALL,23100,2026-06-11
2026-06-11 10:56:00+05:30,377.75,380.25,375.9,380.25,260,63895,10.73291,23179.8,22850.0,22750,ATM-7,CALL,23100,2026-06-11
2026-06-11 10:57:00+05:30,380.25,381.45,380.25,381.05,845,63895,11.270845,23177.3,22850.0,22750,ATM-7,CALL,23100,2026-06-11
2026-06-11 10:58:00+05:30,378.05,381.05,372.8,372.8,325,63570,10.010081,23175.65,22850.0,22750,ATM-7,CALL,23100,2026-06-11
2026-06-11 10:59:00+05:30,374.25,374.25,372.45,373.05,650,63960,9.895709,23176.55,22850.0,22750,ATM-7,CALL,23100,2026-06-11
2026-06-11 11:00:00+05:30,424.45,424.45,411.1,411.1,5460,220870,9.599649,23169.45,22800.0,22750,ATM-7,CALL,23100,2026-06-11
2026-06-11 11:01:00+05:30,409.25,416.9,408.05,412.0,10465,224705,10.366947,23167.15,22800.0,22750,ATM-7,CALL,23100,2026-06-11
2026-06-11 11:02:00+05:30,410.3,413.25,410.3,411.1,1885,226980,9.983212,23167.9,22800.0,22750,ATM-7,CALL,23100,2026-06-11
2026-06-11 11:03:00+05:30,369.15,377.9,368.0,377.1,650,64220,10.010581,23180.45,22850.0,22750,ATM-7,CALL,23100,2026-06-11
2026-06-11 11:04:00+05:30,383.0,384.5,377.1,378.65,2470,63960,10.117784,23181.6,22850.0,22750,ATM-7,CALL,23100,2026-06-11
2026-06-11 11:05:00+05:30,385.0,397.1,378.65,396.45,2795,65195,10.397956,23199.8,22850.0,22750,ATM-7,CALL,23100,2026-06-11
2026-06-11 11:06:00+05:30,397.0,399.8,388.3,398.3,3640,65650,9.912618,23204.2,22850.0,22750,ATM-7,CALL,23100,2026-06-11
2026-06-11 11:07:00+05:30,400.2,401.0,385.0,385.0,2015,66235,9.838179,23190.05,22850.0,22750,ATM-7,CALL,23100,2026-06-11
2026-06-11 11:08:00+05:30,385.0,389.15,383.65,389.15,520,66495,9.794519,23194.8,22850.0,22750,ATM-7,CALL,23100,2026-06-11
2026-06-11 11:09:00+05:30,383.75,389.15,383.75,383.75,130,66495,8.693257,23193.55,22850.0,22750,ATM-7,CALL,23100,2026-06-11
2026-06-11 11:10:00+05:30,388.3,388.3,383.75,383.95,2405,67405,9.274281,23191.5,22850.0,22750,ATM-7,CALL,23100,2026-06-11
2026-06-11 11:11:00+05:30,386.7,390.0,383.95,387.2,455,67405,10.474074,23189.2,22850.0,22750,ATM-7,CALL,23100,2026-06-11
2026-06-11 11:12:00+05:30,385.25,387.2,382.8,385.25,585,67080,10.48096,23187.0,22850.0,22750,ATM-7,CALL,23100,2026-06-11
2026-06-11 11:13:00+05:30,385.95,386.95,382.7,382.7,1105,66235,10.28603,23185.25,22850.0,22750,ATM-7,CALL,23100,2026-06-11
2026-06-11 11:14:00+05:30,381.9,382.7,381.9,381.9,1300,66170,10.495162,23183.2,22850.0,22750,ATM-7,CALL,23100,2026-06-11
2026-06-11 11:15:00+05:30,382.45,384.4,381.9,384.4,650,66170,10.07778,23188.25,22850.0,22750,ATM-7,CALL,23100,2026-06-11
2026-06-11 11:16:00+05:30,385.45,386.0,382.7,382.7,585,65845,9.443977,23189.45,22850.0,22750,ATM-7,CALL,23100,2026-06-11
2026-06-11 11:17:00+05:30,382.7,390.2,382.7,390.2,390,66235,10.21487,23193.95,22850.0,22750,ATM-7,CALL,23100,2026-06-11
2026-06-11 11:18:00+05:30,395.0,398.8,390.2,398.8,2795,65455,9.841797,23205.15,22850.0,22750,ATM-7,CALL,23100,2026-06-11
2026-06-11 11:19:00+05:30,401.2,401.2,394.9,395.6,2860,63245,9.433622,23203.45,22850.0,22750,ATM-7,CALL,23100,2026-06-11
2026-06-11 11:20:00+05:30,395.0,406.0,394.25,406.0,845,62920,9.935883,23212.55,22850.0,22750,ATM-7,CALL,23100,2026-06-11
2026-06-11 11:21:00+05:30,405.9,414.95,405.25,413.2,3380,63180,9.944169,23220.3,22850.0,22750,ATM-7,CALL,23100,2026-06-11
2026-06-11 11:22:00+05:30,412.95,413.2,408.75,409.55,3640,63245,10.44079,23214.1,22850.0,22750,ATM-7,CALL,23100,2026-06-11
2026-06-11 11:23:00+05:30,406.95,413.9,403.45,403.45,2080,64545,9.125473,23213.05,22850.0,22750,ATM-7,CALL,23100,2026-06-11
2026-06-11 11:24:00+05:30,404.6,410.85,403.25,409.35,1885,64090,9.3575,23218.5,22850.0,22750,ATM-7,CALL,23100,2026-06-11
2026-06-11 11:25:00+05:30,410.7,411.0,408.7,408.7,910,63700,9.86698,23215.8,22850.0,22750,ATM-7,CALL,23100,2026-06-11
2026-06-11 11:26:00+05:30,370.0,381.8,368.0,381.8,21840,341835,11.223164,23228.5,22900.0,22750,ATM-7,CALL,23100,2026-06-11
2026-06-11 11:27:00+05:30,382.85,391.2,381.8,389.4,29380,335140,11.686827,23234.1,22900.0,22750,ATM-7,CALL,23100,2026-06-11
2026-06-11 11:28:00+05:30,390.35,392.45,385.15,388.15,14560,338520,11.174505,23236.05,22900.0,22750,ATM-7,CALL,23100,2026-06-11
2026-06-11 11:29:00+05:30,388.0,390.8,381.9,390.8,7020,339495,11.727309,23235.45,22900.0,22750,ATM-7,CALL,23100,2026-06-11
2026-06-11 11:30:00+05:30,391.05,396.0,386.6,387.55,18590,340405,11.044592,23236.2,22900.0,22750,ATM-7,CALL,23100,2026-06-11
2026-06-11 11:31:00+05:30,388.25,390.7,378.75,381.6,13585,337285,11.522634,23226.3,22900.0,22750,ATM-7,CALL,23100,2026-06-11
2026-06-11 11:32:00+05:30,382.7,382.7,377.05,381.55,8710,337285,11.537384,23226.15,22900.0,22750,ATM-7,CALL,23100,2026-06-11
2026-06-11 11:33:00+05:30,381.3,391.2,381.3,386.7,13325,336570,11.314652,23233.55,22900.0,22750,ATM-7,CALL,23100,2026-06-11
2026-06-11 11:34:00+05:30,383.95,386.7,377.0,377.7,4095,334815,10.843242,23226.35,22900.0,22750,ATM-7,CALL,23100,2026-06-11
2026-06-11 11:35:00+05:30,377.0,385.55,374.25,385.55,16640,338000,10.985453,23234.35,22900.0,22750,ATM-7,CALL,23100,2026-06-11
2026-06-11 11:36:00+05:30,426.1,426.9,412.0,412.0,1430,65065,9.287027,23221.65,22850.0,22750,ATM-7,CALL,23100,2026-06-11
2026-06-11 11:37:00+05:30,416.95,419.1,412.0,416.55,1495,66105,11.195803,23218.05,22850.0,22750,ATM-7,CALL,23100,2026-06-11
2026-06-11 11:38:00+05:30,415.6,416.55,410.0,410.0,2340,65065,10.316998,23215.3,22850.0,22750,ATM-7,CALL,23100,2026-06-11
2026-06-11 11:39:00+05:30,410.1,415.35,409.15,415.2,715,65455,9.853797,23222.95,22850.0,22750,ATM-7,CALL,23100,2026-06-11
2026-06-11 11:40:00+05:30,415.9,418.15,414.9,414.9,780,65650,9.749604,23223.05,22850.0,22750,ATM-7,CALL,23100,2026-06-11
2026-06-11 11:41:00+05:30,372.15,381.3,372.0,381.3,6175,344305,10.872394,23230.3,22900.0,22750,ATM-7,CALL,23100,2026-06-11
2026-06-11 11:42:00+05:30,380.25,397.0,380.25,394.8,17290,344175,11.022415,23244.6,22900.0,22750,ATM-7,CALL,23100,2026-06-11
2026-06-11 11:43:00+05:30,396.4,396.5,389.25,391.75,10920,338260,10.960794,23241.55,22900.0,22750,ATM-7,CALL,23100,2026-06-11
2026-06-11 11:44:00+05:30,393.0,404.95,391.75,403.85,14235,333450,11.203335,23253.7,22900.0,22750,ATM-7,CALL,23100,2026-06-11
2026-06-11 11:45:00+05:30,406.5,409.0,400.9,407.25,17095,333710,11.776067,23254.05,22900.0,22750,ATM-7,CALL,23100,2026-06-11
2026-06-11 11:46:00+05:30,404.7,408.0,402.55,408.0,12090,333125,11.300129,23257.8,22900.0,22750,ATM-7,CALL,23100,2026-06-11
2026-06-11 11:47:00+05:30,408.25,423.55,405.0,423.55,25610,327535,12.304538,23269.2,22900.0,22750,ATM-7,CALL,23100,2026-06-11
2026-06-11 11:48:00+05:30,423.55,425.0,412.3,417.05,21060,327795,11.221411,23268.35,22900.0,22750,ATM-7,CALL,23100,2026-06-11
2026-06-11 11:49:00+05:30,417.2,417.4,410.0,414.2,4095,328445,11.219857,23265.2,22900.0,22750,ATM-7,CALL,23100,2026-06-11
2026-06-11 11:50:00+05:30,416.0,421.0,414.2,420.25,6955,328900,10.858288,23273.8,22900.0,22750,ATM-7,CALL,23100,2026-06-11
2026-06-11 11:51:00+05:30,419.3,421.3,416.7,416.7,11830,329680,11.05191,23268.9,22900.0,22750,ATM-7,CALL,23100,2026-06-11
2026-06-11 11:52:00+05:30,415.9,420.0,412.25,420.0,9490,330395,11.50233,23270.1,22900.0,22750,ATM-7,CALL,23100,2026-06-11
2026-06-11 11:53:00+05:30,418.9,421.2,417.2,419.6,6045,333190,10.656487,23274.1,22900.0,22750,ATM-7,CALL,23100,2026-06-11
2026-06-11 11:54:00+05:30,419.6,426.0,416.8,417.75,9750,331045,10.474391,23272.95,22900.0,22750,ATM-7,CALL,23100,2026-06-11
2026-06-11 11:55:00+05:30,421.05,424.3,417.75,419.8,4420,330070,10.766541,23273.8,22900.0,22750,ATM-7,CALL,23100,2026-06-11
2026-06-11 11:56:00+05:30,378.2,396.15,376.9,394.2,10660,148850,12.304008,23285.3,22950.0,22750,ATM-7,CALL,23100,2026-06-11
2026-06-11 11:57:00+05:30,390.65,394.2,388.95,392.6,2210,148915,12.09771,23284.95,22950.0,22750,ATM-7,CALL,23100,2026-06-11
2026-06-11 11:58:00+05:30,392.4,400.35,391.0,392.25,5980,147680,11.14675,23290.9,22950.0,22750,ATM-7,CALL,23100,2026-06-11
2026-06-11 11:59:00+05:30,392.25,392.8,385.85,387.55,2860,148005,11.522381,23283.15,22950.0,22750,ATM-7,CALL,23100,2026-06-11
2026-06-11 12:00:00+05:30,387.7,394.1,386.85,386.85,1040,148330,11.187759,23284.55,22950.0,22750,ATM-7,CALL,23100,2026-06-11
2026-06-11 12:01:00+05:30,388.0,393.75,386.65,393.15,2535,148915,11.67573,23288.55,22950.0,22750,ATM-7,CALL,23100,2026-06-11
2026-06-11 12:02:00+05:30,392.7,393.15,389.4,390.0,1235,148915,11.564429,23285.7,22950.0,22750,ATM-7,CALL,23100,2026-06-11
2026-06-11 12:03:00+05:30,395.55,395.55,390.0,392.45,1040,149695,11.334058,23290.0,22950.0,22750,ATM-7,CALL,23100,2026-06-11
2026-06-11 12:04:00+05:30,392.7,392.7,387.8,387.8,715,150085,11.021584,23286.7,22950.0,22750,ATM-7,CALL,23100,2026-06-11
2026-06-11 12:05:00+05:30,388.75,388.75,379.65,383.0,3770,149695,11.042423,23281.15,22950.0,22750,ATM-7,CALL,23100,2026-06-11
2026-06-11 12:06:00+05:30,383.5,388.0,381.9,387.6,2795,150930,11.694853,23282.1,22950.0,22750,ATM-7,CALL,23100,2026-06-11
2026-06-11 12:07:00+05:30,386.6,396.0,386.6,396.0,3380,150930,11.908157,23290.3,22950.0,22750,ATM-7,CALL,23100,2026-06-11
2026-06-11 12:08:00+05:30,395.55,396.0,386.65,387.0,520,152555,11.202187,23284.7,22950.0,22750,ATM-7,CALL,23100,2026-06-11
2026-06-11 12:09:00+05:30,388.85,388.85,387.0,388.85,260,152295,11.740766,23283.25,22950.0,22750,ATM-7,CALL,23100,2026-06-11
2026-06-11 12:10:00+05:30,384.45,388.85,382.15,383.35,2730,151190,11.483802,23278.7,22950.0,22750,ATM-7,CALL,23100,2026-06-11
2026-06-11 12:11:00+05:30,385.15,385.15,379.9,380.1,4420,151190,11.098712,23277.55,22950.0,22750,ATM-7,CALL,23100,2026-06-11
2026-06-11 12:12:00+05:30,382.85,385.0,379.9,385.0,2275,154050,11.078623,23283.25,22950.0,22750,ATM-7,CALL,23100,2026-06-11
2026-06-11 12:13:00+05:30,386.4,389.4,385.0,388.95,975,153985,11.281926,23286.45,22950.0,22750,ATM-7,CALL,23100,2026-06-11
2026-06-11 12:14:00+05:30,386.45,391.4,384.6,391.4,715,153660,11.543545,23287.55,22950.0,22750,ATM-7,CALL,23100,2026-06-11
2026-06-11 12:15:00+05:30,391.05,406.2,391.05,403.15,10465,151645,11.512796,23301.1,22950.0,22750,ATM-7,CALL,23100,2026-06-11
2026-06-11 12:16:00+05:30,405.0,406.45,394.75,406.45,3445,151905,11.583419,23304.4,22950.0,22750,ATM-7,CALL,23100,2026-06-11
2026-06-11 12:17:00+05:30,407.35,410.15,397.45,397.45,5915,151905,11.023386,23297.65,22950.0,22750,ATM-7,CALL,23100,2026-06-11
2026-06-11 12:18:00+05:30,398.25,399.05,394.0,394.05,1300,153270,10.946328,23294.3,22950.0,22750,ATM-7,CALL,23100,2026-06-11
2026-06-11 12:19:00+05:30,396.15,396.85,388.1,391.85,2080,153270,11.328292,23289.5,22950.0,22750,ATM-7,CALL,23100,2026-06-11
2026-06-11 12:20:00+05:30,393.0,393.0,385.1,385.75,1950,153660,11.113678,23283.95,22950.0,22750,ATM-7,CALL,23100,2026-06-11
2026-06-11 12:21:00+05:30,387.0,388.8,383.3,387.85,2080,153660,11.596615,23283.2,22950.0,22750,ATM-7,CALL,23100,2026-06-11
2026-06-11 12:22:00+05:30,387.55,392.05,387.55,390.75,2340,153790,11.472311,23287.35,22950.0,22750,ATM-7,CALL,23100,2026-06-11
2026-06-11 12:23:00+05:30,389.1,397.35,388.65,397.05,1040,153790,11.65443,23293.35,22950.0,22750,ATM-7,CALL,23100,2026-06-11
2026-06-11 12:24:00+05:30,391.65,397.05,391.65,391.65,195,153595,10.931041,23291.75,22950.0,22750,ATM-7,CALL,23100,2026-06-11
2026-06-11 12:25:00+05:30,394.7,394.7,388.85,391.55,585,153660,11.408732,23288.7,22950.0,22750,ATM-7,CALL,23100,2026-06-11
2026-06-11 12:26:00+05:30,398.0,399.1,391.55,393.1,585,153725,11.056434,23292.65,22950.0,22750,ATM-7,CALL,23100,2026-06-11
2026-06-11 12:27:00+05:30,394.15,396.2,393.1,395.6,1040,154115,11.482033,23292.85,22950.0,22750,ATM-7,CALL,23100,2026-06-11
2026-06-11 12:28:00+05:30,393.4,401.6,393.4,400.4,975,153725,11.065649,23300.8,22950.0,22750,ATM-7,CALL,23100,2026-06-11
2026-06-11 12:29:00+05:30,400.4,401.95,397.4,397.4,1560,153595,11.039873,23297.6,22950.0,22750,ATM-7,CALL,23100,2026-06-11
2026-06-11 12:30:00+05:30,399.25,412.45,397.4,411.2,9945,153790,12.203166,23305.95,22950.0,22750,ATM-7,CALL,23100,2026-06-11
2026-06-11 12:31:00+05:30,405.85,418.7,405.85,417.4,3120,153920,11.726732,23316.0,22950.0,22750,ATM-7,CALL,23100,2026-06-11
2026-06-11 12:32:00+05:30,421.0,423.45,417.35,423.15,7215,154180,12.118667,23320.1,22950.0,22750,ATM-7,CALL,23100,2026-06-11
2026-06-11 12:33:00+05:30,418.35,423.15,416.0,418.9,2405,154180,11.99868,23316.05,22950.0,22750,ATM-7,CALL,23100,2026-06-11
2026-06-11 12:34:00+05:30,418.5,420.0,417.25,417.25,3640,154570,10.575496,23322.05,22950.0,22750,ATM-7,CALL,23100,2026-06-11
2026-06-11 12:35:00+05:30,421.5,426.0,406.25,412.0,4940,155805,11.180201,23313.15,22950.0,22750,ATM-7,CALL,23100,2026-06-11
2026-06-11 12:36:00+05:30,414.15,414.15,408.0,409.65,2275,156520,11.647063,23307.8,22950.0,22750,ATM-7,CALL,23100,2026-06-11
2026-06-11 12:37:00+05:30,411.25,411.25,402.15,402.8,4420,157560,12.662152,23293.1,22950.0,22750,ATM-7,CALL,23100,2026-06-11
2026-06-11 12:38:00+05:30,404.15,406.25,397.6,398.4,6825,157690,11.863626,23293.65,22950.0,22750,ATM-7,CALL,23100,2026-06-11
2026-06-11 12:39:00+05:30,400.8,406.2,398.0,406.2,1885,158275,12.583039,23297.65,22950.0,22750,ATM-7,CALL,23100,2026-06-11
2026-06-11 12:40:00+05:30,406.45,406.45,404.2,404.2,325,158665,12.220803,23297.9,22950.0,22750,ATM-7,CALL,23100,2026-06-11
2026-06-11 12:41:00+05:30,404.05,404.2,399.1,400.25,3380,158795,11.960061,23295.15,22950.0,22750,ATM-7,CALL,23100,2026-06-11
2026-06-11 12:42:00+05:30,397.25,403.85,396.2,401.6,1820,159120,11.983261,23296.55,22950.0,22750,ATM-7,CALL,23100,2026-06-11
2026-06-11 12:43:00+05:30,402.5,402.5,393.0,397.85,1690,158405,11.798815,23293.5,22950.0,22750,ATM-7,CALL,23100,2026-06-11
2026-06-11 12:44:00+05:30,399.55,403.35,397.85,403.35,650,158145,12.344412,23296.1,22950.0,22750,ATM-7,CALL,23100,2026-06-11
2026-06-11 12:45:00+05:30,402.75,403.7,398.8,401.05,1300,158405,12.11553,23295.05,22950.0,22750,ATM-7,CALL,23100,2026-06-11
2026-06-11 12:46:00+05:30,406.0,413.0,401.05,410.75,2080,158340,12.804801,23301.4,22950.0,22750,ATM-7,CALL,23100,2026-06-11
2026-06-11 12:47:00+05:30,411.0,411.0,401.0,402.0,2275,157755,12.528662,23293.25,22950.0,22750,ATM-7,CALL,23100,2026-06-11
2026-06-11 12:48:00+05:30,402.2,402.9,394.9,395.4,2210,158080,12.457477,23286.1,22950.0,22750,ATM-7,CALL,23100,2026-06-11
2026-06-11 12:49:00+05:30,394.9,398.95,384.95,384.95,3120,157625,12.250188,23275.45,22950.0,22750,ATM-7,CALL,23100,2026-06-11
2026-06-11 12:50:00+05:30,386.0,394.1,384.95,394.0,1235,158275,12.732743,23282.4,22950.0,22750,ATM-7,CALL,23100,2026-06-11
2026-06-11 12:51:00+05:30,397.4,399.3,390.0,390.0,2275,158080,12.293049,23281.05,22950.0,22750,ATM-7,CALL,23100,2026-06-11
2026-06-11 12:52:00+05:30,392.0,392.0,388.3,388.35,1040,158795,12.297701,23279.1,22950.0,22750,ATM-7,CALL,23100,2026-06-11
2026-06-11 12:53:00+05:30,392.05,393.05,388.35,393.05,520,159120,12.289277,23284.65,22950.0,22750,ATM-7,CALL,23100,2026-06-11
2026-06-11 12:54:00+05:30,392.7,396.0,392.7,395.2,260,159380,13.585393,23276.95,22950.0,22750,ATM-7,CALL,23100,2026-06-11
2026-06-11 12:55:00+05:30,395.2,395.2,395.2,395.2,0,159380,13.585395,23276.95,22950.0,22750,ATM-7,CALL,23100,2026-06-11
2026-06-11 12:56:00+05:30,389.2,397.0,389.2,393.65,2925,159120,12.615711,23282.95,22950.0,22750,ATM-7,CALL,23100,2026-06-11
2026-06-11 12:57:00+05:30,404.1,410.7,393.65,410.55,2600,159120,13.112565,23299.0,22950.0,22750,ATM-7,CALL,23100,2026-06-11
2026-06-11 12:58:00+05:30,409.95,418.25,409.95,415.5,2990,159965,13.245912,23303.8,22950.0,22750,ATM-7,CALL,23100,2026-06-11
2026-06-11 12:59:00+05:30,415.0,418.95,409.0,418.95,2145,160420,13.191086,23308.25,22950.0,22750,ATM-7,CALL,23100,2026-06-11
2026-06-11 13:00:00+05:30,424.0,436.65,418.95,434.4,9360,159380,13.475524,23324.15,22950.0,22750,ATM-7,CALL,23100,2026-06-11
2026-06-11 13:01:00+05:30,435.0,435.4,420.5,420.5,3185,159250,12.620587,23314.1,22950.0,22750,ATM-7,CALL,23100,2026-06-11
2026-06-11 13:02:00+05:30,422.2,423.25,412.35,416.1,2340,159510,12.946927,23306.75,22950.0,22750,ATM-7,CALL,23100,2026-06-11
2026-06-11 13:03:00+05:30,416.15,416.15,413.25,413.25,2860,159380,12.850323,23304.15,22950.0,22750,ATM-7,CALL,23100,2026-06-11
2026-06-11 13:04:00+05:30,413.45,413.45,410.05,411.35,845,159380,12.898802,23301.6,22950.0,22750,ATM-7,CALL,23100,2026-06-11
2026-06-11 13:05:00+05:30,409.75,414.6,409.05,414.35,6630,159510,13.223318,23302.7,22950.0,22750,ATM-7,CALL,23100,2026-06-11
2026-06-11 13:06:00+05:30,413.6,415.0,409.4,412.0,845,162305,13.018028,23301.5,22950.0,22750,ATM-7,CALL,23100,2026-06-11
2026-06-11 13:07:00+05:30,412.0,415.0,412.0,412.8,390,162435,13.463947,23299.05,22950.0,22750,ATM-7,CALL,23100,2026-06-11
2026-06-11 13:08:00+05:30,408.4,412.8,401.35,404.0,4745,162370,13.05125,23291.9,22950.0,22750,ATM-7,CALL,23100,2026-06-11
2026-06-11 13:09:00+05:30,401.25,404.0,393.05,393.05,845,160030,12.840169,23280.65,22950.0,22750,ATM-7,CALL,23100,2026-06-11
2026-06-11 13:10:00+05:30,394.2,396.15,392.2,395.2,910,159705,12.929305,23282.5,22950.0,22750,ATM-7,CALL,23100,2026-06-11
2026-06-11 13:11:00+05:30,395.85,397.2,389.55,389.55,1495,160030,12.530132,23278.95,22950.0,22750,ATM-7,CALL,23100,2026-06-11
2026-06-11 13:12:00+05:30,433.8,433.8,420.0,425.65,10855,307580,13.049513,23267.45,22900.0,22750,ATM-7,CALL,23100,2026-06-11
2026-06-11 13:13:00+05:30,424.95,425.65,417.9,417.9,2730,308555,12.786958,23260.35,22900.0,22750,ATM-7,CALL,23100,2026-06-11
2026-06-11 13:14:00+05:30,420.3,421.95,416.25,419.25,11050,312065,13.135036,23259.45,22900.0,22750,ATM-7,CALL,23100,2026-06-11
2026-06-11 13:15:00+05:30,420.15,422.0,419.1,419.1,2665,312130,13.001048,23260.25,22900.0,22750,ATM-7,CALL,23100,2026-06-11
2026-06-11 13:16:00+05:30,423.75,423.75,416.55,418.15,7020,313365,13.534972,23255.2,22900.0,22750,ATM-7,CALL,23100,2026-06-11
2026-06-11 13:17:00+05:30,416.35,426.0,410.5,421.9,16445,314340,13.037962,23263.25,22900.0,22750,ATM-7,CALL,23100,2026-06-11
2026-06-11 13:18:00+05:30,420.1,421.9,417.0,419.95,2210,312195,13.992733,23253.75,22900.0,22750,ATM-7,CALL,23100,2026-06-11
2026-06-11 13:19:00+05:30,416.25,420.1,413.6,413.6,715,311610,12.974446,23254.1,22900.0,22750,ATM-7,CALL,23100,2026-06-11
2026-06-11 13:20:00+05:30,414.05,414.9,402.55,403.45,9815,310895,11.809084,23250.4,22900.0,22750,ATM-7,CALL,23100,2026-06-11
2026-06-11 13:21:00+05:30,404.95,404.95,393.9,394.05,10205,310310,11.940601,23238.8,22900.0,22750,ATM-7,CALL,23100,2026-06-11
2026-06-11 13:22:00+05:30,392.45,394.05,389.05,389.35,7345,310115,12.623271,23228.4,22900.0,22750,ATM-7,CALL,23100,2026-06-11
2026-06-11 13:23:00+05:30,389.8,407.0,388.55,402.45,7605,313690,12.613204,23243.8,22900.0,22750,ATM-7,CALL,23100,2026-06-11
2026-06-11 13:24:00+05:30,401.0,404.45,396.0,402.55,5590,312520,13.226236,23239.3,22900.0,22750,ATM-7,CALL,23100,2026-06-11
2026-06-11 13:25:00+05:30,401.65,402.55,390.9,391.4,6500,314340,12.360943,23232.8,22900.0,22750,ATM-7,CALL,23100,2026-06-11
2026-06-11 13:26:00+05:30,390.0,391.4,381.95,385.75,6045,314535,12.507156,23225.1,22900.0,22750,ATM-7,CALL,23100,2026-06-11
2026-06-11 13:27:00+05:30,386.6,392.6,385.75,389.2,4745,315835,12.314145,23230.6,22900.0,22750,ATM-7,CALL,23100,2026-06-11
2026-06-11 13:28:00+05:30,388.15,396.3,387.2,392.05,7735,316485,12.318111,23233.9,22900.0,22750,ATM-7,CALL,23100,2026-06-11
2026-06-11 13:29:00+05:30,393.7,400.0,392.05,399.85,6305,315705,12.325461,23242.9,22900.0,22750,ATM-7,CALL,23100,2026-06-11
2026-06-11 13:30:00+05:30,399.95,421.0,399.85,415.65,20800,312780,12.847589,23257.5,22900.0,22750,ATM-7,CALL,23100,2026-06-11
2026-06-11 13:31:00+05:30,411.65,415.65,404.2,414.65,14755,311805,12.798501,23256.7,22900.0,22750,ATM-7,CALL,23100,2026-06-11
2026-06-11 13:32:00+05:30,413.05,420.0,413.05,418.05,5850,315770,12.479157,23262.8,22900.0,22750,ATM-7,CALL,23100,2026-06-11
2026-06-11 13:33:00+05:30,416.95,423.65,412.9,413.5,3640,313430,12.306382,23258.75,22900.0,22750,ATM-7,CALL,23100,2026-06-11
2026-06-11 13:34:00+05:30,410.4,413.5,400.0,400.0,7475,312130,12.249898,23243.65,22900.0,22750,ATM-7,CALL,23100,2026-06-11
2026-06-11 13:35:00+05:30,401.85,409.25,400.0,404.65,13780,312715,12.251456,23249.0,22900.0,22750,ATM-7,CALL,23100,2026-06-11
2026-06-11 13:36:00+05:30,404.8,413.45,404.1,411.7,10075,311675,12.369671,23256.3,22900.0,22750,ATM-7,CALL,23100,2026-06-11
2026-06-11 13:37:00+05:30,411.0,411.7,406.55,408.2,1105,312130,12.543131,23251.1,22900.0,22750,ATM-7,CALL,23100,2026-06-11
2026-06-11 13:38:00+05:30,404.5,408.2,394.5,396.0,3120,312195,11.760062,23242.4,22900.0,22750,ATM-7,CALL,23100,2026-06-11
2026-06-11 13:39:00+05:30,397.7,397.7,385.3,385.3,11440,311740,11.376888,23232.7,22900.0,22750,ATM-7,CALL,23100,2026-06-11
2026-06-11 13:40:00+05:30,388.15,396.95,385.3,387.85,6890,309855,11.809416,23232.75,22900.0,22750,ATM-7,CALL,23100,2026-06-11
2026-06-11 13:41:00+05:30,386.6,389.1,384.9,388.3,1885,311285,12.340449,23229.5,22900.0,22750,ATM-7,CALL,23100,2026-06-11
2026-06-11 13:42:00+05:30,389.9,393.0,388.0,388.75,1755,311155,12.385782,23229.7,22900.0,22750,ATM-7,CALL,23100,2026-06-11
2026-06-11 13:43:00+05:30,432.2,432.2,424.1,425.0,1495,70200,12.729853,23219.45,22850.0,22750,ATM-7,CALL,23100,2026-06-11
2026-06-11 13:44:00+05:30,424.05,428.85,420.0,428.85,1170,70460,12.723101,23223.9,22850.0,22750,ATM-7,CALL,23100,2026-06-11
2026-06-11 13:45:00+05:30,426.85,428.85,424.7,424.7,910,70590,12.416663,23221.15,22850.0,22750,ATM-7,CALL,23100,2026-06-11
2026-06-11 13:46:00+05:30,382.85,391.6,377.9,391.6,2925,309270,13.084183,23227.7,22900.0,22750,ATM-7,CALL,23100,2026-06-11
2026-06-11 13:47:00+05:30,392.0,401.9,391.6,393.0,5980,307840,12.64973,23232.75,22900.0,22750,ATM-7,CALL,23100,2026-06-11
2026-06-11 13:48:00+05:30,393.25,399.6,392.0,392.0,3770,308100,12.601791,23231.95,22900.0,22750,ATM-7,CALL,23100,2026-06-11
2026-06-11 13:49:00+05:30,391.9,393.3,387.9,393.0,4030,310180,12.963839,23230.35,22900.0,22750,ATM-7,CALL,23100,2026-06-11
2026-06-11 13:50:00+05:30,429.6,433.0,428.1,428.1,715,69875,12.552269,23224.2,22850.0,22750,ATM-7,CALL,23100,2026-06-11
2026-06-11 13:51:00+05:30,388.3,392.0,382.85,390.55,6175,312195,13.122275,23226.2,22900.0,22750,ATM-7,CALL,23100,2026-06-11
2026-06-11 13:52:00+05:30,389.65,395.0,385.0,395.0,2210,312065,13.314503,23229.95,22900.0,22750,ATM-7,CALL,23100,2026-06-11
2026-06-11 13:53:00+05:30,392.5,398.6,392.5,397.55,6565,311740,12.952587,23235.85,22900.0,22750,ATM-7,CALL,23100,2026-06-11
2026-06-11 13:54:00+05:30,396.6,397.55,392.0,395.1,3965,311480,12.753819,23234.5,22900.0,22750,ATM-7,CALL,23100,2026-06-11
2026-06-11 13:55:00+05:30,391.35,397.0,390.0,397.0,2600,311220,12.851378,23236.0,22900.0,22750,ATM-7,CALL,23100,2026-06-11
2026-06-11 13:56:00+05:30,397.0,401.1,396.2,401.1,1755,311220,12.920216,23240.3,22900.0,22750,ATM-7,CALL,23100,2026-06-11
2026-06-11 13:57:00+05:30,399.5,405.95,394.9,397.25,2535,309660,12.447993,23239.3,22900.0,22750,ATM-7,CALL,23100,2026-06-11
2026-06-11 13:58:00+05:30,402.95,407.95,397.25,407.95,5980,309465,12.958121,23248.05,22900.0,22750,ATM-7,CALL,23100,2026-06-11
2026-06-11 13:59:00+05:30,405.0,407.95,390.4,393.55,13910,312390,12.718785,23233.0,22900.0,22750,ATM-7,CALL,23100,2026-06-11
2026-06-11 14:00:00+05:30,390.4,400.95,389.15,400.95,9230,313235,12.915853,23240.2,22900.0,22750,ATM-7,CALL,23100,2026-06-11
2026-06-11 14:01:00+05:30,399.2,400.95,394.2,397.0,10400,314340,12.879521,23235.85,22900.0,22750,ATM-7,CALL,23100,2026-06-11
2026-06-11 14:02:00+05:30,394.65,397.0,392.85,394.7,3965,317265,12.925434,23232.8,22900.0,22750,ATM-7,CALL,23100,2026-06-11
2026-06-11 14:03:00+05:30,393.5,397.85,393.5,394.15,910,318110,12.379992,23236.25,22900.0,22750,ATM-7,CALL,23100,2026-06-11
2026-06-11 14:04:00+05:30,393.0,397.15,391.8,391.8,2990,319150,11.9813,23236.35,22900.0,22750,ATM-7,CALL,23100,2026-06-11
2026-06-11 14:05:00+05:30,388.0,391.8,384.2,388.8,2405,319995,12.074037,23232.25,22900.0,22750,ATM-7,CALL,23100,2026-06-11
2026-06-11 14:06:00+05:30,396.0,396.0,388.8,394.65,1885,320190,12.917003,23232.85,22900.0,22750,ATM-7,CALL,23100,2026-06-11
2026-06-11 14:07:00+05:30,435.7,435.7,419.15,419.15,520,70265,11.595166,23220.0,22850.0,22750,ATM-7,CALL,23100,2026-06-11
2026-06-11 14:08:00+05:30,419.4,419.4,409.55,409.55,4095,72475,11.459961,23210.05,22850.0,22750,ATM-7,CALL,23100,2026-06-11
2026-06-11 14:09:00+05:30,408.9,417.55,406.95,417.15,1755,72410,12.44578,23212.6,22850.0,22750,ATM-7,CALL,23100,2026-06-11
2026-06-11 14:10:00+05:30,417.6,422.2,417.15,417.75,1885,73840,12.241888,23214.6,22850.0,22750,ATM-7,CALL,23100,2026-06-11
2026-06-11 14:11:00+05:30,414.3,417.75,411.95,412.0,1040,74100,11.409483,23213.1,22850.0,22750,ATM-7,CALL,23100,2026-06-11
2026-06-11 14:12:00+05:30,412.9,417.6,411.95,414.7,1300,74360,12.358732,23210.4,22850.0,22750,ATM-7,CALL,23100,2026-06-11
2026-06-11 14:13:00+05:30,415.5,427.0,414.7,427.0,845,74295,12.539661,23223.25,22850.0,22750,ATM-7,CALL,23100,2026-06-11
2026-06-11 14:14:00+05:30,426.65,427.0,421.65,422.5,715,74490,12.2773,23219.8,22850.0,22750,ATM-7,CALL,23100,2026-06-11
2026-06-11 14:15:00+05:30,423.25,424.45,421.25,422.65,455,74750,13.006941,23215.2,22850.0,22750,ATM-7,CALL,23100,2026-06-11
2026-06-11 14:16:00+05:30,425.2,426.9,421.25,421.25,975,74750,12.606335,23216.3,22850.0,22750,ATM-7,CALL,23100,2026-06-11
2026-06-11 14:17:00+05:30,420.55,421.25,419.6,419.6,455,74815,12.632576,23214.25,22850.0,22750,ATM-7,CALL,23100,2026-06-11
2026-06-11 14:18:00+05:30,411.75,419.6,411.75,412.9,2730,73905,12.419906,23208.0,22850.0,22750,ATM-7,CALL,23100,2026-06-11
2026-06-11 14:19:00+05:30,409.5,421.25,409.2,421.25,1755,73515,12.534092,23216.8,22850.0,22750,ATM-7,CALL,23100,2026-06-11
2026-06-11 14:20:00+05:30,428.0,428.35,421.25,427.05,585,73515,12.598526,23223.0,22850.0,22750,ATM-7,CALL,23100,2026-06-11
2026-06-11 14:21:00+05:30,426.45,429.1,424.55,425.05,780,73645,12.749732,23219.75,22850.0,22750,ATM-7,CALL,23100,2026-06-11
2026-06-11 14:22:00+05:30,422.9,426.5,422.9,426.1,325,73710,12.894739,23220.0,22850.0,22750,ATM-7,CALL,23100,2026-06-11
2026-06-11 14:23:00+05:30,418.45,426.1,411.5,411.5,390,73905,11.983714,23209.25,22850.0,22750,ATM-7,CALL,23100,2026-06-11
2026-06-11 14:24:00+05:30,411.5,415.5,411.5,414.2,1105,73645,12.882563,23206.4,22850.0,22750,ATM-7,CALL,23100,2026-06-11
2026-06-11 14:25:00+05:30,417.6,419.45,414.2,419.45,520,73775,12.260871,23216.55,22850.0,22750,ATM-7,CALL,23100,2026-06-11
2026-06-11 14:26:00+05:30,379.9,390.0,378.9,390.0,4030,332800,13.231878,23225.05,22900.0,22750,ATM-7,CALL,23100,2026-06-11
2026-06-11 14:27:00+05:30,387.1,392.15,386.8,392.15,11245,330265,13.387633,23226.35,22900.0,22750,ATM-7,CALL,23100,2026-06-11
2026-06-11 14:28:00+05:30,395.0,409.45,392.15,408.7,16900,322140,12.635189,23251.55,22900.0,22750,ATM-7,CALL,23100,2026-06-11
2026-06-11 14:29:00+05:30,411.0,411.0,397.5,400.85,13910,316485,12.81449,23241.15,22900.0,22750,ATM-7,CALL,23100,2026-06-11
2026-06-11 14:30:00+05:30,396.05,402.8,390.55,402.0,6110,316160,12.403223,23245.45,22900.0,22750,ATM-7,CALL,23100,2026-06-11
2026-06-11 14:31:00+05:30,401.55,402.0,396.25,396.65,2535,316615,12.285747,23240.1,22900.0,22750,ATM-7,CALL,23100,2026-06-11
2026-06-11 14:32:00+05:30,396.0,399.15,392.0,396.75,2990,317590,11.807973,23243.45,22900.0,22750,ATM-7,CALL,23100,2026-06-11
2026-06-11 14:33:00+05:30,396.3,396.75,385.4,385.4,3900,317200,12.009188,23229.05,22900.0,22750,ATM-7,CALL,23100,2026-06-11
2026-06-11 14:34:00+05:30,384.8,390.25,383.35,389.55,5200,316485,12.313252,23231.7,22900.0,22750,ATM-7,CALL,23100,2026-06-11
2026-06-11 14:35:00+05:30,387.85,395.55,387.65,388.65,3835,316550,11.339911,23237.25,22900.0,22750,ATM-7,CALL,23100,2026-06-11
2026-06-11 14:36:00+05:30,425.0,435.45,419.5,419.5,585,73710,12.785562,23213.3,22850.0,22750,ATM-7,CALL,23100,2026-06-11
2026-06-11 14:37:00+05:30,373.95,379.85,365.9,376.7,21125,316615,10.967107,23226.05,22900.0,22750,ATM-7,CALL,23100,2026-06-11
2026-06-11 14:38:00+05:30,425.15,425.15,412.4,412.4,1885,74555,10.502678,23218.4,22850.0,22750,ATM-7,CALL,23100,2026-06-11
2026-06-11 14:39:00+05:30,412.4,412.4,400.0,409.5,7410,77025,10.088351,23217.1,22850.0,22750,ATM-7,CALL,23100,2026-06-11
2026-06-11 14:40:00+05:30,408.95,409.5,401.95,402.1,2665,77155,10.273054,23208.25,22850.0,22750,ATM-7,CALL,23100,2026-06-11
2026-06-11 14:41:00+05:30,401.55,403.75,396.8,403.75,1040,77545,9.363796,23213.8,22850.0,22750,ATM-7,CALL,23100,2026-06-11
2026-06-11 14:42:00+05:30,405.3,406.3,400.85,400.85,2860,77675,9.380717,23210.65,22850.0,22750,ATM-7,CALL,23100,2026-06-11
2026-06-11 14:43:00+05:30,399.65,400.85,381.75,385.3,5720,79560,8.458021,23197.3,22850.0,22750,ATM-7,CALL,23100,2026-06-11
2026-06-11 14:44:00+05:30,384.65,391.8,384.65,389.2,1625,78975,8.836644,23200.2,22850.0,22750,ATM-7,CALL,23100,2026-06-11
2026-06-11 14:45:00+05:30,391.65,391.65,387.45,387.5,1365,79300,9.153902,23197.25,22850.0,22750,ATM-7,CALL,23100,2026-06-11
2026-06-11 14:46:00+05:30,385.0,395.9,382.95,382.95,2210,79040,9.249544,23192.0,22850.0,22750,ATM-7,CALL,23100,2026-06-11
2026-06-11 14:47:00+05:30,419.5,422.15,401.1,403.65,12220,248365,8.303199,23167.1,22800.0,22750,ATM-7,CALL,23100,2026-06-11
2026-06-11 14:48:00+05:30,362.55,375.55,362.25,375.1,2275,78975,9.937938,23180.35,22850.0,22750,ATM-7,CALL,23100,2026-06-11
2026-06-11 14:49:00+05:30,375.1,384.0,375.1,383.6,1950,79625,9.153427,23193.1,22850.0,22750,ATM-7,CALL,23100,2026-06-11
2026-06-11 14:50:00+05:30,422.0,426.4,409.0,409.0,13975,252460,8.274917,23172.75,22800.0,22750,ATM-7,CALL,23100,2026-06-11
2026-06-11 14:51:00+05:30,409.5,417.15,409.0,410.0,3315,252395,8.811585,23172.4,22800.0,22750,ATM-7,CALL,23100,2026-06-11
2026-06-11 14:52:00+05:30,410.25,412.95,406.5,406.5,2275,251615,7.846982,23171.1,22800.0,22750,ATM-7,CALL,23100,2026-06-11
2026-06-11 14:53:00+05:30,407.7,413.0,406.5,412.35,1820,251550,9.107125,23174.0,22800.0,22750,ATM-7,CALL,23100,2026-06-11
2026-06-11 14:54:00+05:30,411.15,412.35,406.5,408.95,3185,252460,8.675353,23171.7,22800.0,22750,ATM-7,CALL,23100,2026-06-11
2026-06-11 14:55:00+05:30,409.35,412.95,406.5,411.6,4030,253045,9.299288,23172.6,22800.0,22750,ATM-7,CALL,23100,2026-06-11
2026-06-11 14:56:00+05:30,410.95,412.3,406.0,406.0,3705,253240,7.971763,23170.35,22800.0,22750,ATM-7,CALL,23100,2026-06-11
2026-06-11 14:57:00+05:30,406.05,408.7,400.8,408.7,4550,255320,10.165443,23166.2,22800.0,22750,ATM-7,CALL,23100,2026-06-11
2026-06-11 14:58:00+05:30,408.7,409.85,406.05,409.5,2275,255190,8.600973,23172.5,22800.0,22750,ATM-7,CALL,23100,2026-06-11
2026-06-11 14:59:00+05:30,364.35,370.35,364.35,367.75,845,76765,8.924004,23177.05,22850.0,22750,ATM-7,CALL,23100,2026-06-11
2026-06-11 15:00:00+05:30,416.0,429.8,397.7,397.7,18915,255710,10.224667,23154.0,22800.0,22750,ATM-7,CALL,23100,2026-06-11
2026-06-11 15:01:00+05:30,396.65,399.25,388.95,395.85,14495,256230,9.970645,23153.15,22800.0,22750,ATM-7,CALL,23100,2026-06-11
2026-06-11 15:02:00+05:30,391.75,398.0,384.0,397.85,13780,260260,9.080692,23158.8,22800.0,22750,ATM-7,CALL,23100,2026-06-11
2026-06-11 15:03:00+05:30,396.05,397.85,389.3,394.0,4550,260000,7.841408,23158.25,22800.0,22750,ATM-7,CALL,23100,2026-06-11
2026-06-11 15:04:00+05:30,392.9,396.0,388.85,389.35,11505,258895,10.202489,23145.0,22800.0,22750,ATM-7,CALL,23100,2026-06-11
2026-06-11 15:05:00+05:30,389.1,390.95,384.05,388.65,11505,261170,9.463872,23147.55,22800.0,22750,ATM-7,CALL,23100,2026-06-11
2026-06-11 15:06:00+05:30,389.65,391.55,381.05,383.4,15405,262405,10.025683,23139.35,22800.0,22750,ATM-7,CALL,23100,2026-06-11
2026-06-11 15:07:00+05:30,381.7,390.85,381.7,390.85,20475,265135,9.8948,23148.1,22800.0,22750,ATM-7,CALL,23100,2026-06-11
2026-06-11 15:08:00+05:30,392.0,396.0,390.0,390.0,12870,259415,11.831562,23136.4,22800.0,22750,ATM-7,CALL,23100,2026-06-11
2026-06-11 15:09:00+05:30,388.5,396.0,388.5,394.9,2015,260130,11.539536,23143.85,22800.0,22750,ATM-7,CALL,23100,2026-06-11
2026-06-11 15:10:00+05:30,400.0,405.0,394.9,405.0,11960,256750,12.108996,23151.75,22800.0,22750,ATM-7,CALL,23100,2026-06-11
2026-06-11 15:11:00+05:30,405.8,409.0,400.0,400.0,6565,254280,12.398589,23144.1,22800.0,22750,ATM-7,CALL,23100,2026-06-11
2026-06-11 15:12:00+05:30,398.85,404.1,396.2,404.1,5330,254540,11.98265,23151.55,22800.0,22750,ATM-7,CALL,23100,2026-06-11
2026-06-11 15:13:00+05:30,407.1,412.9,404.1,412.05,9815,250900,11.768651,23161.85,22800.0,22750,ATM-7,CALL,23100,2026-06-11
2026-06-11 15:14:00+05:30,414.0,415.0,407.45,408.75,3770,247130,10.29765,23165.8,22800.0,22750,ATM-7,CALL,23100,2026-06-11
2026-06-11 15:15:00+05:30,408.05,408.75,398.35,408.05,8775,246350,9.981819,23166.4,22800.0,22750,ATM-7,CALL,23100,2026-06-11
2026-06-11 15:16:00+05:30,368.5,379.95,366.45,378.95,4160,64610,10.731585,23180.55,22850.0,22750,ATM-7,CALL,23100,2026-06-11
2026-06-11 15:17:00+05:30,381.45,381.85,378.95,381.85,650,64415,11.055829,23181.9,22850.0,22750,ATM-7,CALL,23100,2026-06-11
2026-06-11 15:18:00+05:30,380.45,382.0,373.85,374.1,585,64220,9.592847,23181.15,22850.0,22750,ATM-7,CALL,23100,2026-06-11
2026-06-11 15:19:00+05:30,416.0,416.15,408.65,410.65,2145,233155,9.222303,23172.0,22800.0,22750,ATM-7,CALL,23100,2026-06-11
2026-06-11 15:20:00+05:30,370.45,375.45,370.35,372.1,1365,64025,9.755735,23178.2,22850.0,22750,ATM-7,CALL,23100,2026-06-11
2026-06-11 15:21:00+05:30,377.95,378.6,372.1,372.95,585,63700,10.239901,23176.65,22850.0,22750,ATM-7,CALL,23100,2026-06-11
2026-06-11 15:22:00+05:30,412.1,415.6,409.0,409.0,3445,230685,9.333673,23169.9,22800.0,22750,ATM-7,CALL,23100,2026-06-11
2026-06-11 15:23:00+05:30,409.1,414.9,409.0,413.9,2665,230035,10.423414,23170.9,22800.0,22750,ATM-7,CALL,23100,2026-06-11
2026-06-11 15:24:00+05:30,414.65,417.5,413.5,416.65,3315,229125,10.489516,23173.6,22800.0,22750,ATM-7,CALL,23100,2026-06-11
2026-06-11 15:25:00+05:30,415.7,425.5,414.9,424.65,9230,229840,12.060767,23174.4,22800.0,22750,ATM-7,CALL,23100,2026-06-11
2026-06-11 15:26:00+05:30,384.6,390.85,380.4,390.15,3445,61620,13.184431,23176.6,22850.0,22750,ATM-7,CALL,23100,2026-06-11
2026-06-11 15:27:00+05:30,387.55,390.15,384.75,386.15,2210,62595,12.236873,23179.1,22850.0,22750,ATM-7,CALL,23100,2026-06-11
2026-06-11 15:28:00+05:30,388.5,388.5,384.5,387.15,2795,62595,12.267919,23180.05,22850.0,22750,ATM-7,CALL,23100,2026-06-11
2026-06-11 15:29:00+05:30,387.75,393.0,387.15,390.25,1690,61490,11.845813,23186.55,22850.0,22750,ATM-7,CALL,23100,2026-06-11
2026-06-11 09:15:00+05:30,42.0,47.85,40.95,46.95,653315,1579370,15.842903,23104.4,22750.0,22750,ATM-7,PUT,23100,2026-06-11
2026-06-11 09:16:00+05:30,47.8,50.6,46.95,50.1,309335,1486615,15.696797,23082.3,22750.0,22750,ATM-7,PUT,23100,2026-06-11
2026-06-11 09:17:00+05:30,51.0,54.95,50.1,50.55,356135,1518660,16.02166,23092.9,22750.0,22750,ATM-7,PUT,23100,2026-06-11
2026-06-11 09:18:00+05:30,50.8,50.8,47.0,47.8,248300,1485510,15.849869,23100.1,22750.0,22750,ATM-7,PUT,23100,2026-06-11
2026-06-11 09:19:00+05:30,47.85,47.85,45.0,45.5,128895,1496885,15.935961,23115.85,22750.0,22750,ATM-7,PUT,23100,2026-06-11
2026-06-11 09:20:00+05:30,54.8,56.95,51.4,51.6,359645,3765255,15.762306,23128.6,22800.0,22750,ATM-7,PUT,23100,2026-06-11
2026-06-11 09:21:00+05:30,51.65,52.0,48.85,49.8,419185,3789825,15.885902,23142.45,22800.0,22750,ATM-7,PUT,23100,2026-06-11
2026-06-11 09:22:00+05:30,49.5,51.95,48.5,49.75,268515,3815825,15.891703,23142.9,22800.0,22750,ATM-7,PUT,23100,2026-06-11
2026-06-11 09:23:00+05:30,49.35,51.5,48.85,51.15,255190,3844230,15.877115,23135.25,22800.0,22750,ATM-7,PUT,23100,2026-06-11
2026-06-11 09:24:00+05:30,41.75,45.0,41.3,44.0,174330,1630070,15.762893,23116.8,22750.0,22750,ATM-7,PUT,23100,2026-06-11
2026-06-11 09:25:00+05:30,44.65,45.15,43.6,45.0,97500,1639755,15.707804,23109.0,22750.0,22750,ATM-7,PUT,23100,2026-06-11
2026-06-11 09:26:00+05:30,45.0,45.8,43.8,44.6,171015,1629810,15.618914,23107.5,22750.0,22750,ATM-7,PUT,23100,2026-06-11
2026-06-11 09:27:00+05:30,44.75,48.0,43.9,46.1,131300,1600105,15.669643,23101.45,22750.0,22750,ATM-7,PUT,23100,2026-06-11
2026-06-11 09:28:00+05:30,46.05,46.1,43.15,43.4,112385,1593930,15.704885,23117.6,22750.0,22750,ATM-7,PUT,23100,2026-06-11
2026-06-11 09:29:00+05:30,43.25,44.1,41.8,43.0,78520,1604980,15.755171,23121.9,22750.0,22750,ATM-7,PUT,23100,2026-06-11
2026-06-11 09:30:00+05:30,43.2,46.55,42.9,46.25,96980,1601860,15.910749,23110.35,22750.0,22750,ATM-7,PUT,23100,2026-06-11
2026-06-11 09:31:00+05:30,45.85,47.25,44.0,44.0,126555,1604590,15.771554,23116.9,22750.0,22750,ATM-7,PUT,23100,2026-06-11
2026-06-11 09:32:00+05:30,43.15,44.45,41.95,44.45,81705,1627665,15.761266,23113.95,22750.0,22750,ATM-7,PUT,23100,2026-06-11
2026-06-11 09:33:00+05:30,44.4,47.3,44.3,46.95,70655,1643395,15.789862,23101.6,22750.0,22750,ATM-7,PUT,23100,2026-06-11
2026-06-11 09:34:00+05:30,47.15,47.15,44.25,44.7,57135,1641315,15.691736,23109.65,22750.0,22750,ATM-7,PUT,23100,2026-06-11
2026-06-11 09:35:00+05:30,45.2,47.85,44.7,47.85,79300,1655550,15.793302,23096.95,22750.0,22750,ATM-7,PUT,23100,2026-06-11
2026-06-11 09:36:00+05:30,47.4,47.85,44.25,44.25,99255,1652170,15.699149,23112.35,22750.0,22750,ATM-7,PUT,23100,2026-06-11
2026-06-11 09:37:00+05:30,44.2,44.7,42.25,43.1,62400,1658540,15.71447,23119.35,22750.0,22750,ATM-7,PUT,23100,2026-06-11
2026-06-11 09:38:00+05:30,52.3,52.55,48.9,49.7,268125,4067765,15.574207,23129.95,22800.0,22750,ATM-7,PUT,23100,2026-06-11
2026-06-11 09:39:00+05:30,49.7,49.7,47.55,48.5,204295,4077515,15.483457,23132.35,22800.0,22750,ATM-7,PUT,23100,2026-06-11
2026-06-11 09:40:00+05:30,39.5,41.5,39.3,41.3,104000,1692015,15.480714,23119.75,22750.0,22750,ATM-7,PUT,23100,2026-06-11
2026-06-11 09:41:00+05:30,41.45,41.65,40.4,40.95,60255,1705600,15.447684,23120.35,22750.0,22750,ATM-7,PUT,23100,2026-06-11
2026-06-11 09:42:00+05:30,41.05,42.0,40.0,40.9,77545,1713660,15.433291,23120.0,22750.0,22750,ATM-7,PUT,23100,2026-06-11
2026-06-11 09:43:00+05:30,50.5,50.9,45.85,45.9,228605,4141995,15.375216,23141.3,22800.0,22750,ATM-7,PUT,23100,2026-06-11
2026-06-11 09:44:00+05:30,46.0,46.1,44.65,45.55,226980,4139395,15.40321,23144.25,22800.0,22750,ATM-7,PUT,23100,2026-06-11
2026-06-11 09:45:00+05:30,45.6,47.0,44.3,45.1,258700,4176250,15.379568,23145.65,22800.0,22750,ATM-7,PUT,23100,2026-06-11
2026-06-11 09:46:00+05:30,44.8,45.9,43.6,44.05,155220,4198675,15.456927,23154.45,22800.0,22750,ATM-7,PUT,23100,2026-06-11
2026-06-11 09:47:00+05:30,43.95,46.3,43.9,46.0,171340,4213690,15.598913,23149.7,22800.0,22750,ATM-7,PUT,23100,2026-06-11
2026-06-11 09:48:00+05:30,45.9,47.55,45.4,47.55,150020,4232540,15.598232,23141.5,22800.0,22750,ATM-7,PUT,23100,2026-06-11
2026-06-11 09:49:00+05:30,47.25,47.55,44.85,45.25,86450,4240015,15.590496,23153.3,22800.0,22750,ATM-7,PUT,23100,2026-06-11
2026-06-11 09:50:00+05:30,44.8,46.5,42.3,42.5,245830,4245540,15.456991,23162.9,22800.0,22750,ATM-7,PUT,23100,2026-06-11
2026-06-11 09:51:00+05:30,43.2,43.6,41.75,42.4,231075,4267900,15.554985,23167.5,22800.0,22750,ATM-7,PUT,23100,2026-06-11
2026-06-11 09:52:00+05:30,42.6,43.7,42.05,42.65,134355,4261010,15.669179,23170.8,22800.0,22750,ATM-7,PUT,23100,2026-06-11
2026-06-11 09:53:00+05:30,42.4,43.3,41.75,42.1,158990,4272905,15.630953,23172.3,22800.0,22750,ATM-7,PUT,23100,2026-06-11
2026-06-11 09:54:00+05:30,42.4,44.9,42.1,44.85,119015,4309565,15.518797,23152.35,22800.0,22750,ATM-7,PUT,23100,2026-06-11
2026-06-11 09:55:00+05:30,44.4,46.35,44.25,45.95,392015,4351360,15.405736,23141.85,22800.0,22750,ATM-7,PUT,23100,2026-06-11
2026-06-11 09:56:00+05:30,45.8,46.6,44.15,46.6,112580,4368130,15.457623,23140.5,22800.0,22750,ATM-7,PUT,23100,2026-06-11
2026-06-11 09:57:00+05:30,46.45,48.35,46.15,47.95,191360,4374110,15.398932,23131.15,22800.0,22750,ATM-7,PUT,23100,2026-06-11
2026-06-11 09:58:00+05:30,38.95,41.0,38.85,40.55,126035,1868425,15.27216,23114.7,22750.0,22750,ATM-7,PUT,23100,2026-06-11
2026-06-11 09:59:00+05:30,40.5,41.25,39.35,40.6,107835,1854515,15.349305,23117.6,22750.0,22750,ATM-7,PUT,23100,2026-06-11
2026-06-11 10:00:00+05:30,49.4,49.7,46.45,46.95,252525,4391010,15.249752,23130.2,22800.0,22750,ATM-7,PUT,23100,2026-06-11
2026-06-11 10:01:00+05:30,46.35,47.3,45.65,46.8,132860,4310020,15.288764,23132.5,22800.0,22750,ATM-7,PUT,23100,2026-06-11
2026-06-11 10:02:00+05:30,38.0,39.65,37.85,39.2,39390,1870505,15.282909,23122.9,22750.0,22750,ATM-7,PUT,23100,2026-06-11
2026-06-11 10:03:00+05:30,39.0,40.45,37.5,39.75,46605,1883115,15.31215,23120.85,22750.0,22750,ATM-7,PUT,23100,2026-06-11
2026-06-11 10:04:00+05:30,39.7,41.45,39.15,41.4,63440,1879280,15.246308,23108.55,22750.0,22750,ATM-7,PUT,23100,2026-06-11
2026-06-11 10:05:00+05:30,41.6,41.95,40.0,40.35,99580,1870830,15.187138,23112.05,22750.0,22750,ATM-7,PUT,23100,2026-06-11
2026-06-11 10:06:00+05:30,49.65,50.05,44.75,45.25,230360,4327765,15.211456,23137.3,22800.0,22750,ATM-7,PUT,23100,2026-06-11
2026-06-11 10:07:00+05:30,45.4,46.0,42.7,43.1,143520,4340700,15.186444,23147.8,22800.0,22750,ATM-7,PUT,23100,2026-06-11
2026-06-11 10:08:00+05:30,42.95,43.8,41.15,41.45,180570,4344600,15.185483,23156.9,22800.0,22750,ATM-7,PUT,23100,2026-06-11
2026-06-11 10:09:00+05:30,41.35,42.45,40.7,42.25,221325,4338685,15.296083,23156.95,22800.0,22750,ATM-7,PUT,23100,2026-06-11
2026-06-11 10:10:00+05:30,42.45,42.55,40.75,41.6,130780,4315675,15.241342,23158.3,22800.0,22750,ATM-7,PUT,23100,2026-06-11
2026-06-11 10:11:00+05:30,41.55,41.6,40.55,40.75,257920,4325490,15.238841,23163.0,22800.0,22750,ATM-7,PUT,23100,2026-06-11
2026-06-11 10:12:00+05:30,40.8,42.5,40.65,42.15,116675,4198415,15.277899,23156.65,22800.0,22750,ATM-7,PUT,23100,2026-06-11
2026-06-11 10:13:00+05:30,42.1,42.25,41.15,41.5,73775,4198480,15.265232,23159.75,22800.0,22750,ATM-7,PUT,23100,2026-06-11
2026-06-11 10:14:00+05:30,41.55,43.45,41.1,42.95,129805,4211155,15.165107,23147.5,22800.0,22750,ATM-7,PUT,23100,2026-06-11
2026-06-11 10:15:00+05:30,43.0,43.0,41.3,41.5,123435,4203420,15.222412,23157.9,22800.0,22750,ATM-7,PUT,23100,2026-06-11
2026-06-11 10:16:00+05:30,41.0,41.5,40.1,40.9,443300,4176120,15.310493,23164.95,22800.0,22750,ATM-7,PUT,23100,2026-06-11
2026-06-11 10:17:00+05:30,41.0,41.2,39.6,39.85,171470,4070950,15.266318,23169.15,22800.0,22750,ATM-7,PUT,23100,2026-06-11
2026-06-11 10:18:00+05:30,40.15,41.3,39.25,39.45,150150,4062630,15.302737,23173.0,22800.0,22750,ATM-7,PUT,23100,2026-06-11
2026-06-11 10:19:00+05:30,48.25,48.55,46.95,46.95,89440,3133130,15.308421,23183.15,22850.0,22750,ATM-7,PUT,23100,2026-06-11
2026-06-11 10:20:00+05:30,46.8,47.85,46.1,46.1,136565,3132350,15.375819,23190.25,22850.0,22750,ATM-7,PUT,23100,2026-06-11
2026-06-11 10:21:00+05:30,46.6,48.5,46.1,48.2,81835,3164915,15.445142,23182.15,22850.0,22750,ATM-7,PUT,23100,2026-06-11
2026-06-11 10:22:00+05:30,48.15,49.0,47.7,48.7,55965,3154905,15.453112,23179.9,22850.0,22750,ATM-7,PUT,23100,2026-06-11
2026-06-11 10:23:00+05:30,48.4,49.0,47.75,48.7,166140,3117595,15.495462,23181.55,22850.0,22750,ATM-7,PUT,23100,2026-06-11
2026-06-11 10:24:00+05:30,48.6,49.3,48.2,49.2,195975,3055065,15.514441,23179.75,22850.0,22750,ATM-7,PUT,23100,2026-06-11
2026-06-11 10:25:00+05:30,48.9,49.6,48.65,49.25,30745,2922985,15.511561,23179.35,22850.0,22750,ATM-7,PUT,23100,2026-06-11
2026-06-11 10:26:00+05:30,49.0,49.25,46.55,46.6,99385,2922335,15.517802,23193.15,22850.0,22750,ATM-7,PUT,23100,2026-06-11
2026-06-11 10:27:00+05:30,46.85,46.9,44.4,44.4,151255,2912780,15.584428,23207.6,22850.0,22750,ATM-7,PUT,23100,2026-06-11
2026-06-11 10:28:00+05:30,44.5,46.6,44.3,46.2,91845,2905370,15.621879,23199.4,22850.0,22750,ATM-7,PUT,23100,2026-06-11
2026-06-11 10:29:00+05:30,46.15,46.6,45.3,46.1,45110,2913625,15.612147,23199.5,22850.0,22750,ATM-7,PUT,23100,2026-06-11
2026-06-11 10:30:00+05:30,46.05,48.3,45.15,48.05,76310,2913495,15.602757,23188.9,22850.0,22750,ATM-7,PUT,23100,2026-06-11
2026-06-11 10:31:00+05:30,48.15,48.5,45.65,45.95,77285,2908880,15.585659,23199.15,22850.0,22750,ATM-7,PUT,23100,2026-06-11
2026-06-11 10:32:00+05:30,45.9,46.5,44.6,45.15,57915,2901990,15.600415,23204.0,22850.0,22750,ATM-7,PUT,23100,2026-06-11
2026-06-11 10:33:00+05:30,45.75,47.0,45.15,46.1,29120,2900105,15.60214,23198.95,22850.0,22750,ATM-7,PUT,23100,2026-06-11
2026-06-11 10:34:00+05:30,46.25,46.8,45.9,46.5,26260,2903030,15.700968,23200.8,22850.0,22750,ATM-7,PUT,23100,2026-06-11
2026-06-11 10:35:00+05:30,46.55,46.55,45.4,46.4,37245,2898740,15.703581,23201.4,22850.0,22750,ATM-7,PUT,23100,2026-06-11
2026-06-11 10:36:00+05:30,46.7,47.85,46.4,47.4,60255,2907255,15.70604,23196.2,22850.0,22750,ATM-7,PUT,23100,2026-06-11
2026-06-11 10:37:00+05:30,47.25,48.4,46.7,47.85,45175,2916810,15.658106,23191.9,22850.0,22750,ATM-7,PUT,23100,2026-06-11
2026-06-11 10:38:00+05:30,47.25,47.85,46.45,46.5,35490,2918565,15.662574,23199.1,22850.0,22750,ATM-7,PUT,23100,2026-06-11
2026-06-11 10:39:00+05:30,46.5,46.9,45.2,45.7,43225,2914275,15.763867,23207.45,22850.0,22750,ATM-7,PUT,23100,2026-06-11
2026-06-11 10:40:00+05:30,45.55,46.5,44.95,45.1,65715,2901145,15.806251,23212.4,22850.0,22750,ATM-7,PUT,23100,2026-06-11
2026-06-11 10:41:00+05:30,45.1,47.15,44.95,47.0,102570,2900300,15.837993,23203.45,22850.0,22750,ATM-7,PUT,23100,2026-06-11
2026-06-11 10:42:00+05:30,46.95,47.35,46.25,46.25,41340,2918630,15.799757,23205.85,22850.0,22750,ATM-7,PUT,23100,2026-06-11
2026-06-11 10:43:00+05:30,46.35,47.1,45.95,46.85,32435,2917135,15.786861,23202.1,22850.0,22750,ATM-7,PUT,23100,2026-06-11
2026-06-11 10:44:00+05:30,46.85,47.75,46.6,46.8,39975,2909530,15.849099,23204.85,22850.0,22750,ATM-7,PUT,23100,2026-06-11
2026-06-11 10:45:00+05:30,47.0,48.4,46.55,46.6,47710,2909855,15.817635,23204.6,22850.0,22750,ATM-7,PUT,23100,2026-06-11
2026-06-11 10:46:00+05:30,46.75,47.1,45.75,46.85,29640,2909595,15.900606,23206.6,22850.0,22750,ATM-7,PUT,23100,2026-06-11
2026-06-11 10:47:00+05:30,46.8,47.2,46.15,46.25,18980,2909920,15.914836,23210.35,22850.0,22750,ATM-7,PUT,23100,2026-06-11
2026-06-11 10:48:00+05:30,46.0,47.6,45.75,46.85,83590,2909530,15.880231,23205.7,22850.0,22750,ATM-7,PUT,23100,2026-06-11
2026-06-11 10:49:00+05:30,46.9,48.25,46.6,48.0,30030,2948725,15.734269,23193.75,22850.0,22750,ATM-7,PUT,23100,2026-06-11
2026-06-11 10:50:00+05:30,48.05,49.0,47.8,48.65,122135,2924870,15.634727,23186.4,22850.0,22750,ATM-7,PUT,23100,2026-06-11
2026-06-11 10:51:00+05:30,48.55,48.65,46.85,47.95,46995,2927015,15.636023,23190.0,22850.0,22750,ATM-7,PUT,23100,2026-06-11
2026-06-11 10:52:00+05:30,48.0,48.55,47.15,48.5,22945,2927470,15.658706,23188.05,22850.0,22750,ATM-7,PUT,23100,2026-06-11
2026-06-11 10:53:00+05:30,39.8,40.95,39.75,40.65,182195,3971175,15.546246,23174.9,22800.0,22750,ATM-7,PUT,23100,2026-06-11
2026-06-11 10:54:00+05:30,40.85,41.15,40.3,40.5,203255,4023045,15.521475,23174.7,22800.0,22750,ATM-7,PUT,23100,2026-06-11
2026-06-11 10:55:00+05:30,40.7,41.25,40.4,40.65,114985,4024215,15.507448,23173.2,22800.0,22750,ATM-7,PUT,23100,2026-06-11
2026-06-11 10:56:00+05:30,49.65,49.9,48.55,48.9,43225,2929615,15.505816,23179.8,22850.0,22750,ATM-7,PUT,23100,2026-06-11
2026-06-11 10:57:00+05:30,48.7,49.85,48.7,49.35,26065,2924675,15.500556,23177.3,22850.0,22750,ATM-7,PUT,23100,2026-06-11
2026-06-11 10:58:00+05:30,49.45,50.15,48.6,49.7,22945,2930200,15.503818,23175.65,22850.0,22750,ATM-7,PUT,23100,2026-06-11
2026-06-11 10:59:00+05:30,49.5,50.1,48.05,48.05,43875,2935010,15.318422,23176.55,22850.0,22750,ATM-7,PUT,23100,2026-06-11
2026-06-11 11:00:00+05:30,39.6,40.85,38.75,40.85,103220,4060485,15.449937,23169.45,22800.0,22750,ATM-7,PUT,23100,2026-06-11
2026-06-11 11:01:00+05:30,40.7,41.4,40.05,41.25,177515,4095975,15.450895,23167.15,22800.0,22750,ATM-7,PUT,23100,2026-06-11
2026-06-11 11:02:00+05:30,40.95,41.3,40.15,40.5,138710,4128475,15.366082,23167.9,22800.0,22750,ATM-7,PUT,23100,2026-06-11
2026-06-11 11:03:00+05:30,49.8,49.9,47.25,47.45,44265,2951065,15.343299,23180.45,22850.0,22750,ATM-7,PUT,23100,2026-06-11
2026-06-11 11:04:00+05:30,47.15,47.45,46.15,47.0,73190,2941965,15.315193,23181.6,22850.0,22750,ATM-7,PUT,23100,2026-06-11
2026-06-11 11:05:00+05:30,46.85,47.0,43.55,43.7,105950,2927860,15.334238,23199.8,22850.0,22750,ATM-7,PUT,23100,2026-06-11
2026-06-11 11:06:00+05:30,43.55,45.4,43.1,43.4,50375,2932930,15.402418,23204.2,22850.0,22750,ATM-7,PUT,23100,2026-06-11
2026-06-11 11:07:00+05:30,43.45,45.75,42.6,45.75,55965,2934750,15.366317,23190.05,22850.0,22750,ATM-7,PUT,23100,2026-06-11
2026-06-11 11:08:00+05:30,45.75,45.95,43.75,44.8,34775,2939170,15.359967,23194.8,22850.0,22750,ATM-7,PUT,23100,2026-06-11
2026-06-11 11:09:00+05:30,45.1,47.1,44.8,45.15,58630,2950155,15.376082,23193.55,22850.0,22750,ATM-7,PUT,23100,2026-06-11
2026-06-11 11:10:00+05:30,45.35,46.5,44.95,44.95,27885,2951520,15.300052,23191.5,22850.0,22750,ATM-7,PUT,23100,2026-06-11
2026-06-11 11:11:00+05:30,45.2,46.0,44.6,45.5,33605,2949765,15.316087,23189.2,22850.0,22750,ATM-7,PUT,23100,2026-06-11
2026-06-11 11:12:00+05:30,45.5,46.6,45.4,45.95,19825,2954835,15.321027,23187.0,22850.0,22750,ATM-7,PUT,23100,2026-06-11
2026-06-11 11:13:00+05:30,46.05,46.4,45.1,46.35,70200,2972125,15.330276,23185.25,22850.0,22750,ATM-7,PUT,23100,2026-06-11
2026-06-11 11:14:00+05:30,45.9,46.8,45.1,46.25,54210,2968030,15.267065,23183.2,22850.0,22750,ATM-7,PUT,23100,2026-06-11
2026-06-11 11:15:00+05:30,46.35,46.75,45.35,45.45,37375,2969330,15.289489,23188.25,22850.0,22750,ATM-7,PUT,23100,2026-06-11
2026-06-11 11:16:00+05:30,45.75,46.45,45.35,45.55,19500,2977195,15.333191,23189.45,22850.0,22750,ATM-7,PUT,23100,2026-06-11
2026-06-11 11:17:00+05:30,45.5,46.6,44.4,44.85,71760,2984995,15.353489,23193.95,22850.0,22750,ATM-7,PUT,23100,2026-06-11
2026-06-11 11:18:00+05:30,44.65,45.15,42.8,43.0,73320,2964260,15.382374,23205.15,22850.0,22750,ATM-7,PUT,23100,2026-06-11
2026-06-11 11:19:00+05:30,42.75,43.65,42.1,43.55,93015,2971605,15.415674,23203.45,22850.0,22750,ATM-7,PUT,23100,2026-06-11
2026-06-11 11:20:00+05:30,43.7,44.1,41.75,41.75,47255,2973425,15.393845,23212.55,22850.0,22750,ATM-7,PUT,23100,2026-06-11
2026-06-11 11:21:00+05:30,41.8,42.0,40.9,41.1,64805,2987985,15.491667,23220.3,22850.0,22750,ATM-7,PUT,23100,2026-06-11
2026-06-11 11:22:00+05:30,41.3,42.65,41.1,42.6,42315,2979145,15.54892,23214.1,22850.0,22750,ATM-7,PUT,23100,2026-06-11
2026-06-11 11:23:00+05:30,42.75,42.85,41.65,42.8,44330,2979405,15.551561,23213.05,22850.0,22750,ATM-7,PUT,23100,2026-06-11
2026-06-11 11:24:00+05:30,42.45,43.2,41.75,42.15,71890,2983305,15.595511,23218.5,22850.0,22750,ATM-7,PUT,23100,2026-06-11
2026-06-11 11:25:00+05:30,41.8,42.2,41.25,42.1,39650,2959320,15.524485,23215.8,22850.0,22750,ATM-7,PUT,23100,2026-06-11
2026-06-11 11:26:00+05:30,51.45,51.55,48.8,48.8,173095,4000035,15.455061,23228.5,22900.0,22750,ATM-7,PUT,23100,2026-06-11
2026-06-11 11:27:00+05:30,48.8,48.8,47.25,47.45,176280,3988205,15.424276,23234.1,22900.0,22750,ATM-7,PUT,23100,2026-06-11
2026-06-11 11:28:00+05:30,47.3,47.5,46.5,47.2,214695,3988790,15.441735,23236.05,22900.0,22750,ATM-7,PUT,23100,2026-06-11
2026-06-11 11:29:00+05:30,47.2,48.5,47.1,47.25,107510,4006665,15.434068,23235.45,22900.0,22750,ATM-7,PUT,23100,2026-06-11
2026-06-11 11:30:00+05:30,47.2,48.15,46.45,48.05,131495,4016285,15.556521,23236.2,22900.0,22750,ATM-7,PUT,23100,2026-06-11
2026-06-11 11:31:00+05:30,47.75,49.25,47.4,48.65,135200,4030780,15.384892,23226.3,22900.0,22750,ATM-7,PUT,23100,2026-06-11
2026-06-11 11:32:00+05:30,48.75,49.8,48.65,49.35,120445,4016870,15.47059,23226.15,22900.0,22750,ATM-7,PUT,23100,2026-06-11
2026-06-11 11:33:00+05:30,49.15,49.35,47.75,48.55,74945,4021615,15.556638,23233.55,22900.0,22750,ATM-7,PUT,23100,2026-06-11
2026-06-11 11:34:00+05:30,48.7,50.3,48.4,50.3,83395,4007120,15.597154,23226.35,22900.0,22750,ATM-7,PUT,23100,2026-06-11
2026-06-11 11:35:00+05:30,49.95,50.65,48.75,48.75,101205,3984045,15.604061,23234.35,22900.0,22750,ATM-7,PUT,23100,2026-06-11
2026-06-11 11:36:00+05:30,39.95,41.6,39.95,41.4,27105,3029000,15.578856,23221.65,22850.0,22750,ATM-7,PUT,23100,2026-06-11
2026-06-11 11:37:00+05:30,40.95,41.7,40.95,41.65,52390,3038165,15.527708,23218.05,22850.0,22750,ATM-7,PUT,23100,2026-06-11
2026-06-11 11:38:00+05:30,41.5,42.4,41.4,42.2,58695,3050515,15.537681,23215.3,22850.0,22750,ATM-7,PUT,23100,2026-06-11
2026-06-11 11:39:00+05:30,42.4,42.6,41.1,41.35,62920,3039400,15.605814,23222.95,22850.0,22750,ATM-7,PUT,23100,2026-06-11
2026-06-11 11:40:00+05:30,41.35,41.8,40.8,41.6,58305,3036410,15.643665,23223.05,22850.0,22750,ATM-7,PUT,23100,2026-06-11
2026-06-11 11:41:00+05:30,50.8,51.15,49.15,49.45,192595,4057040,15.59626,23230.3,22900.0,22750,ATM-7,PUT,23100,2026-06-11
2026-06-11 11:42:00+05:30,49.35,49.65,46.35,46.75,185185,4038125,15.608816,23244.6,22900.0,22750,ATM-7,PUT,23100,2026-06-11
2026-06-11 11:43:00+05:30,47.0,48.4,46.75,48.35,117910,4005235,15.740682,23241.55,22900.0,22750,ATM-7,PUT,23100,2026-06-11
2026-06-11 11:44:00+05:30,48.2,48.35,45.75,45.75,104325,3989700,15.704591,23253.7,22900.0,22750,ATM-7,PUT,23100,2026-06-11
2026-06-11 11:45:00+05:30,45.75,46.9,45.4,46.55,168025,3954015,15.8194,23254.05,22900.0,22750,ATM-7,PUT,23100,2026-06-11
2026-06-11 11:46:00+05:30,46.75,46.9,46.15,46.3,112645,3948685,15.879889,23257.8,22900.0,22750,ATM-7,PUT,23100,2026-06-11
2026-06-11 11:47:00+05:30,46.2,46.85,44.3,44.3,240175,3956160,15.892967,23269.2,22900.0,22750,ATM-7,PUT,23100,2026-06-11
2026-06-11 11:48:00+05:30,44.1,45.85,44.0,44.95,464620,3921710,15.960596,23268.35,22900.0,22750,ATM-7,PUT,23100,2026-06-11
2026-06-11 11:49:00+05:30,45.0,45.75,44.85,45.3,101855,3932565,15.931489,23265.2,22900.0,22750,ATM-7,PUT,23100,2026-06-11
2026-06-11 11:50:00+05:30,45.3,45.3,44.25,44.45,136175,3950440,16.027591,23273.8,22900.0,22750,ATM-7,PUT,23100,2026-06-11
2026-06-11 11:51:00+05:30,44.25,45.0,44.0,44.95,481585,3949075,15.976758,23268.9,22900.0,22750,ATM-7,PUT,23100,2026-06-11
2026-06-11 11:52:00+05:30,44.95,45.7,44.75,44.85,156585,3982420,15.993466,23270.1,22900.0,22750,ATM-7,PUT,23100,2026-06-11
2026-06-11 11:53:00+05:30,45.0,45.3,44.4,44.65,104390,4017910,16.06466,23274.1,22900.0,22750,ATM-7,PUT,23100,2026-06-11
2026-06-11 11:54:00+05:30,44.45,44.85,43.95,44.6,127140,4016350,16.030924,23272.95,22900.0,22750,ATM-7,PUT,23100,2026-06-11
2026-06-11 11:55:00+05:30,44.55,44.65,44.0,44.6,78585,4016285,16.052485,23273.8,22900.0,22750,ATM-7,PUT,23100,2026-06-11
2026-06-11 11:56:00+05:30,53.5,54.15,51.05,51.15,120835,2060500,15.918857,23285.3,22950.0,22750,ATM-7,PUT,23100,2026-06-11
2026-06-11 11:57:00+05:30,51.2,51.8,51.0,51.05,72020,2055170,15.898312,23284.95,22950.0,22750,ATM-7,PUT,23100,2026-06-11
2026-06-11 11:58:00+05:30,51.0,51.1,49.6,50.6,128245,2042820,15.99282,23290.9,22950.0,22750,ATM-7,PUT,23100,2026-06-11
2026-06-11 11:59:00+05:30,50.75,51.85,50.55,51.75,42380,2049385,15.942346,23283.15,22950.0,22750,ATM-7,PUT,23100,2026-06-11
2026-06-11 12:00:00+05:30,51.05,51.75,50.2,51.45,43225,2053285,15.94121,23284.55,22950.0,22750,ATM-7,PUT,23100,2026-06-11
2026-06-11 12:01:00+05:30,51.7,51.75,50.8,51.1,30355,2050035,15.999457,23288.55,22950.0,22750,ATM-7,PUT,23100,2026-06-11
2026-06-11 12:02:00+05:30,51.2,51.9,50.95,51.6,33540,2045030,15.991091,23285.7,22950.0,22750,ATM-7,PUT,23100,2026-06-11
2026-06-11 12:03:00+05:30,51.45,51.6,50.75,51.05,28340,2051205,16.031663,23290.0,22950.0,22750,ATM-7,PUT,23100,2026-06-11
2026-06-11 12:04:00+05:30,51.25,51.9,51.05,51.65,31850,2045420,16.024608,23286.7,22950.0,22750,ATM-7,PUT,23100,2026-06-11
2026-06-11 12:05:00+05:30,51.5,52.85,51.15,52.3,37570,2040805,15.965646,23281.15,22950.0,22750,ATM-7,PUT,23100,2026-06-11
2026-06-11 12:06:00+05:30,51.75,52.55,51.7,52.2,52585,2045485,15.978319,23282.1,22950.0,22750,ATM-7,PUT,23100,2026-06-11
2026-06-11 12:07:00+05:30,52.1,52.35,50.85,51.15,65325,2045030,16.055583,23290.3,22950.0,22750,ATM-7,PUT,23100,2026-06-11
2026-06-11 12:08:00+05:30,51.05,52.45,51.0,51.8,53170,2041845,15.996307,23284.7,22950.0,22750,ATM-7,PUT,23100,2026-06-11
2026-06-11 12:09:00+05:30,52.0,52.8,51.7,52.55,24310,2040025,16.054139,23283.25,22950.0,22750,ATM-7,PUT,23100,2026-06-11
2026-06-11 12:10:00+05:30,52.25,53.1,52.25,52.9,46865,2042885,15.982274,23278.7,22950.0,22750,ATM-7,PUT,23100,2026-06-11
2026-06-11 12:11:00+05:30,52.8,53.6,52.6,52.95,49530,2051335,15.959917,23277.55,22950.0,22750,ATM-7,PUT,23100,2026-06-11
2026-06-11 12:12:00+05:30,52.8,53.4,52.05,52.1,40950,2055560,16.00066,23283.25,22950.0,22750,ATM-7,PUT,23100,2026-06-11
2026-06-11 12:13:00+05:30,51.95,52.45,51.7,51.75,34580,2050230,16.039136,23286.45,22950.0,22750,ATM-7,PUT,23100,2026-06-11
2026-06-11 12:14:00+05:30,52.05,52.6,51.6,51.6,27950,2019420,16.049133,23287.55,22950.0,22750,ATM-7,PUT,23100,2026-06-11
2026-06-11 12:15:00+05:30,51.4,51.6,48.9,49.65,212875,2026440,16.143566,23301.1,22950.0,22750,ATM-7,PUT,23100,2026-06-11
2026-06-11 12:16:00+05:30,49.2,50.9,48.8,48.8,115700,2048865,16.117229,23304.4,22950.0,22750,ATM-7,PUT,23100,2026-06-11
2026-06-11 12:17:00+05:30,48.85,50.45,48.1,50.25,62725,2054195,16.135808,23297.65,22950.0,22750,ATM-7,PUT,23100,2026-06-11
2026-06-11 12:18:00+05:30,50.4,51.3,50.05,50.9,49595,2037295,16.135187,23294.3,22950.0,22750,ATM-7,PUT,23100,2026-06-11
2026-06-11 12:19:00+05:30,50.75,51.95,50.55,51.95,43810,2030210,16.147353,23289.5,22950.0,22750,ATM-7,PUT,23100,2026-06-11
2026-06-11 12:20:00+05:30,51.95,52.45,51.25,52.45,43095,2017600,16.069693,23283.95,22950.0,22750,ATM-7,PUT,23100,2026-06-11
2026-06-11 12:21:00+05:30,52.45,52.9,51.8,52.1,46150,2017600,16.007681,23283.2,22950.0,22750,ATM-7,PUT,23100,2026-06-11
2026-06-11 12:22:00+05:30,52.05,52.25,51.4,52.05,371540,2017600,16.108063,23287.35,22950.0,22750,ATM-7,PUT,23100,2026-06-11
2026-06-11 12:23:00+05:30,52.0,52.2,51.0,51.35,29055,2245880,16.172926,23293.35,22950.0,22750,ATM-7,PUT,23100,2026-06-11
2026-06-11 12:24:00+05:30,51.5,52.2,51.35,51.55,26065,2246855,16.158651,23291.75,22950.0,22750,ATM-7,PUT,23100,2026-06-11
2026-06-11 12:25:00+05:30,51.4,52.85,51.4,52.05,27430,2244840,16.145198,23288.7,22950.0,22750,ATM-7,PUT,23100,2026-06-11
2026-06-11 12:26:00+05:30,52.2,52.2,51.0,52.0,20150,2247310,16.24017,23292.65,22950.0,22750,ATM-7,PUT,23100,2026-06-11
2026-06-11 12:27:00+05:30,51.65,52.15,51.35,51.5,26910,2248545,16.182999,23292.85,22950.0,22750,ATM-7,PUT,23100,2026-06-11
2026-06-11 12:28:00+05:30,51.4,52.2,50.6,50.8,27105,2245945,16.2956,23300.8,22950.0,22750,ATM-7,PUT,23100,2026-06-11
2026-06-11 12:29:00+05:30,51.25,51.5,50.7,51.15,28730,2245815,16.260546,23297.6,22950.0,22750,ATM-7,PUT,23100,2026-06-11
2026-06-11 12:30:00+05:30,51.0,51.15,49.8,50.45,55185,2239120,16.381947,23305.95,22950.0,22750,ATM-7,PUT,23100,2026-06-11
2026-06-11 12:31:00+05:30,50.7,51.1,48.6,49.0,59215,2238470,16.445628,23316.0,22950.0,22750,ATM-7,PUT,23100,2026-06-11
2026-06-11 12:32:00+05:30,48.9,49.1,47.55,47.7,100035,2228135,16.377276,23320.1,22950.0,22750,ATM-7,PUT,23100,2026-06-11
2026-06-11 12:33:00+05:30,47.75,48.65,47.35,47.5,374205,2245165,16.252061,23316.05,22950.0,22750,ATM-7,PUT,23100,2026-06-11
2026-06-11 12:34:00+05:30,47.6,47.85,47.0,47.0,70070,2074215,16.33446,23322.05,22950.0,22750,ATM-7,PUT,23100,2026-06-11
2026-06-11 12:35:00+05:30,46.8,49.1,46.45,48.6,151775,2069340,16.326535,23313.15,22950.0,22750,ATM-7,PUT,23100,2026-06-11
2026-06-11 12:36:00+05:30,48.5,48.95,48.25,48.6,29380,2092805,16.194602,23307.8,22950.0,22750,ATM-7,PUT,23100,2026-06-11
2026-06-11 12:37:00+05:30,48.4,49.35,48.3,49.0,66625,2099110,15.879891,23293.1,22950.0,22750,ATM-7,PUT,23100,2026-06-11
2026-06-11 12:38:00+05:30,48.65,50.35,48.55,49.9,43615,2095990,16.009961,23293.65,22950.0,22750,ATM-7,PUT,23100,2026-06-11
2026-06-11 12:39:00+05:30,49.7,50.05,48.65,48.75,213525,2104960,15.963604,23297.65,22950.0,22750,ATM-7,PUT,23100,2026-06-11
2026-06-11 12:40:00+05:30,48.65,49.5,48.65,49.3,47125,2188225,16.041676,23297.9,22950.0,22750,ATM-7,PUT,23100,2026-06-11
2026-06-11 12:41:00+05:30,49.3,50.25,49.1,50.0,23530,2192320,16.063312,23295.15,22950.0,22750,ATM-7,PUT,23100,2026-06-11
2026-06-11 12:42:00+05:30,49.8,50.65,49.45,50.15,32760,2192190,16.118684,23296.55,22950.0,22750,ATM-7,PUT,23100,2026-06-11
2026-06-11 12:43:00+05:30,50.25,51.35,49.85,50.4,43355,2197065,16.074655,23293.5,22950.0,22750,ATM-7,PUT,23100,2026-06-11
2026-06-11 12:44:00+05:30,50.3,50.6,49.85,50.2,30095,2190760,16.115614,23296.1,22950.0,22750,ATM-7,PUT,23100,2026-06-11
2026-06-11 12:45:00+05:30,50.3,51.05,50.05,50.6,35685,2196350,16.141148,23295.05,22950.0,22750,ATM-7,PUT,23100,2026-06-11
2026-06-11 12:46:00+05:30,50.05,50.6,49.05,49.45,50180,2197000,16.154325,23301.4,22950.0,22750,ATM-7,PUT,23100,2026-06-11
2026-06-11 12:47:00+05:30,49.55,50.95,49.0,50.65,30485,2201810,16.103921,23293.25,22950.0,22750,ATM-7,PUT,23100,2026-06-11
2026-06-11 12:48:00+05:30,50.7,51.95,50.55,51.9,42250,2196350,16.081558,23286.1,22950.0,22750,ATM-7,PUT,23100,2026-06-11
2026-06-11 12:49:00+05:30,51.8,52.75,51.3,52.55,56290,2190500,15.891172,23275.45,22950.0,22750,ATM-7,PUT,23100,2026-06-11
2026-06-11 12:50:00+05:30,52.3,52.55,51.2,51.45,39000,2202200,15.932442,23282.4,22950.0,22750,ATM-7,PUT,23100,2026-06-11
2026-06-11 12:51:00+05:30,51.2,52.0,50.5,51.85,33085,2204800,15.949133,23281.05,22950.0,22750,ATM-7,PUT,23100,2026-06-11
2026-06-11 12:52:00+05:30,51.7,52.25,51.45,52.15,19890,2212080,15.937715,23279.1,22950.0,22750,ATM-7,PUT,23100,2026-06-11
2026-06-11 12:53:00+05:30,51.85,52.15,50.8,51.3,31590,2216175,15.973668,23284.65,22950.0,22750,ATM-7,PUT,23100,2026-06-11
2026-06-11 12:54:00+05:30,51.3,51.45,50.9,50.95,134095,2218905,15.735046,23276.95,22950.0,22750,ATM-7,PUT,23100,2026-06-11
2026-06-11 12:55:00+05:30,50.95,50.95,50.95,50.95,0,2218905,15.735047,23276.95,22950.0,22750,ATM-7,PUT,23100,2026-06-11
2026-06-11 12:56:00+05:30,52.25,52.25,50.6,51.55,110565,2318420,15.964595,23282.95,22950.0,22750,ATM-7,PUT,23100,2026-06-11
2026-06-11 12:57:00+05:30,51.35,51.55,48.5,48.6,70590,2319720,15.99468,23299.0,22950.0,22750,ATM-7,PUT,23100,2026-06-11
2026-06-11 12:58:00+05:30,48.65,48.9,47.35,47.95,94640,2297685,16.030972,23303.8,22950.0,22750,ATM-7,PUT,23100,2026-06-11
2026-06-11 12:59:00+05:30,48.2,49.6,47.05,47.1,69680,2293525,16.031067,23308.25,22950.0,22750,ATM-7,PUT,23100,2026-06-11
2026-06-11 13:00:00+05:30,47.1,47.1,44.3,45.0,558610,2279095,16.142729,23324.15,22950.0,22750,ATM-7,PUT,23100,2026-06-11
2026-06-11 13:01:00+05:30,44.75,47.0,44.5,47.0,77285,2100995,16.164371,23314.1,22950.0,22750,ATM-7,PUT,23100,2026-06-11
2026-06-11 13:02:00+05:30,46.75,48.35,46.5,47.45,55250,2106975,16.042652,23306.75,22950.0,22750,ATM-7,PUT,23100,2026-06-11
2026-06-11 13:03:00+05:30,47.5,48.65,47.45,48.4,30420,2108860,16.102994,23304.15,22950.0,22750,ATM-7,PUT,23100,2026-06-11
2026-06-11 13:04:00+05:30,48.35,48.95,47.75,48.95,20540,2100475,16.111604,23301.6,22950.0,22750,ATM-7,PUT,23100,2026-06-11
2026-06-11 13:05:00+05:30,48.65,48.95,48.1,48.3,36140,2099695,16.055672,23302.7,22950.0,22750,ATM-7,PUT,23100,2026-06-11
2026-06-11 13:06:00+05:30,48.45,48.85,48.05,48.55,20085,2112630,16.059116,23301.5,22950.0,22750,ATM-7,PUT,23100,2026-06-11
2026-06-11 13:07:00+05:30,48.75,49.2,48.2,49.2,17810,2112695,16.082817,23299.05,22950.0,22750,ATM-7,PUT,23100,2026-06-11
2026-06-11 13:08:00+05:30,49.25,50.3,49.05,49.65,38935,2107365,15.961659,23291.9,22950.0,22750,ATM-7,PUT,23100,2026-06-11
2026-06-11 13:09:00+05:30,49.6,51.85,49.4,51.6,62075,2104180,15.924132,23280.65,22950.0,22750,ATM-7,PUT,23100,2026-06-11
2026-06-11 13:10:00+05:30,51.35,51.6,50.4,50.6,33800,2094235,15.846156,23282.5,22950.0,22750,ATM-7,PUT,23100,2026-06-11
2026-06-11 13:11:00+05:30,50.55,51.8,50.45,51.0,29965,2094950,15.807018,23278.95,22950.0,22750,ATM-7,PUT,23100,2026-06-11
2026-06-11 13:12:00+05:30,42.6,44.5,42.6,43.65,257530,4483180,15.840631,23267.45,22900.0,22750,ATM-7,PUT,23100,2026-06-11
2026-06-11 13:13:00+05:30,43.85,44.5,43.55,44.2,201760,4376255,15.742369,23260.35,22900.0,22750,ATM-7,PUT,23100,2026-06-11
2026-06-11 13:14:00+05:30,44.25,44.35,43.7,44.05,85410,4375865,15.701006,23259.45,22900.0,22750,ATM-7,PUT,23100,2026-06-11
2026-06-11 13:15:00+05:30,43.9,44.35,43.65,44.15,77090,4386265,15.735015,23260.25,22900.0,22750,ATM-7,PUT,23100,2026-06-11
2026-06-11 13:16:00+05:30,43.35,44.9,43.35,44.5,103740,4383080,15.658838,23255.2,22900.0,22750,ATM-7,PUT,23100,2026-06-11
2026-06-11 13:17:00+05:30,44.55,45.5,43.2,44.15,231205,4366115,15.810374,23263.25,22900.0,22750,ATM-7,PUT,23100,2026-06-11
2026-06-11 13:18:00+05:30,44.1,45.05,43.9,44.8,137995,4406025,15.66503,23253.75,22900.0,22750,ATM-7,PUT,23100,2026-06-11
2026-06-11 13:19:00+05:30,44.85,45.5,44.3,45.25,117585,4418830,15.734591,23254.1,22900.0,22750,ATM-7,PUT,23100,2026-06-11
2026-06-11 13:20:00+05:30,45.25,46.55,44.6,46.1,211900,4407390,15.756507,23250.4,22900.0,22750,ATM-7,PUT,23100,2026-06-11
2026-06-11 13:21:00+05:30,46.25,47.75,46.1,47.45,253240,4402320,15.644169,23238.8,22900.0,22750,ATM-7,PUT,23100,2026-06-11
2026-06-11 13:22:00+05:30,47.55,48.35,47.05,48.35,287560,4402385,15.498389,23228.4,22900.0,22750,ATM-7,PUT,23100,2026-06-11
2026-06-11 13:23:00+05:30,48.15,48.35,44.6,45.85,252135,4464915,15.562003,23243.8,22900.0,22750,ATM-7,PUT,23100,2026-06-11
2026-06-11 13:24:00+05:30,45.85,46.55,45.25,45.8,122980,4472715,15.444037,23239.3,22900.0,22750,ATM-7,PUT,23100,2026-06-11
2026-06-11 13:25:00+05:30,45.35,47.2,45.05,47.15,131625,4497805,15.457808,23232.8,22900.0,22750,ATM-7,PUT,23100,2026-06-11
2026-06-11 13:26:00+05:30,47.1,48.85,47.0,48.05,208845,4510090,15.379726,23225.1,22900.0,22750,ATM-7,PUT,23100,2026-06-11
2026-06-11 13:27:00+05:30,47.65,48.05,46.65,47.1,88530,4520100,15.397635,23230.6,22900.0,22750,ATM-7,PUT,23100,2026-06-11
2026-06-11 13:28:00+05:30,47.1,47.6,45.85,46.35,66040,4507750,15.384262,23233.9,22900.0,22750,ATM-7,PUT,23100,2026-06-11
2026-06-11 13:29:00+05:30,46.45,46.5,45.4,45.75,79170,4492605,15.531824,23242.9,22900.0,22750,ATM-7,PUT,23100,2026-06-11
2026-06-11 13:30:00+05:30,45.6,45.75,41.85,43.1,241800,4467645,15.539396,23257.5,22900.0,22750,ATM-7,PUT,23100,2026-06-11
2026-06-11 13:31:00+05:30,42.8,44.5,42.5,42.5,96525,4449900,15.439236,23256.7,22900.0,22750,ATM-7,PUT,23100,2026-06-11
2026-06-11 13:32:00+05:30,42.5,42.75,41.1,41.2,132600,4461925,15.410285,23262.8,22900.0,22750,ATM-7,PUT,23100,2026-06-11
2026-06-11 13:33:00+05:30,41.45,42.0,40.05,41.85,110175,4459650,15.402267,23258.75,22900.0,22750,ATM-7,PUT,23100,2026-06-11
2026-06-11 13:34:00+05:30,41.85,44.05,41.85,43.9,122135,4455295,15.309726,23243.65,22900.0,22750,ATM-7,PUT,23100,2026-06-11
2026-06-11 13:35:00+05:30,43.9,44.1,42.25,42.7,73840,4459780,15.281372,23249.0,22900.0,22750,ATM-7,PUT,23100,2026-06-11
2026-06-11 13:36:00+05:30,42.7,43.05,41.25,41.25,50375,4471090,15.263062,23256.3,22900.0,22750,ATM-7,PUT,23100,2026-06-11
2026-06-11 13:37:00+05:30,41.35,42.4,41.15,41.85,69485,4482855,15.219282,23251.1,22900.0,22750,ATM-7,PUT,23100,2026-06-11
2026-06-11 13:38:00+05:30,41.95,44.45,41.85,43.9,122590,4478890,15.28234,23242.4,22900.0,22750,ATM-7,PUT,23100,2026-06-11
2026-06-11 13:39:00+05:30,43.9,46.0,43.9,45.55,153075,4475445,15.259459,23232.7,22900.0,22750,ATM-7,PUT,23100,2026-06-11
2026-06-11 13:40:00+05:30,45.1,46.25,43.85,46.05,90480,4485195,15.326956,23232.75,22900.0,22750,ATM-7,PUT,23100,2026-06-11
2026-06-11 13:41:00+05:30,45.9,46.4,45.3,45.65,82095,4477655,15.193966,23229.5,22900.0,22750,ATM-7,PUT,23100,2026-06-11
2026-06-11 13:42:00+05:30,45.8,45.9,44.5,45.55,63115,4493385,15.186816,23229.7,22900.0,22750,ATM-7,PUT,23100,2026-06-11
2026-06-11 13:43:00+05:30,37.4,38.25,36.8,37.5,62075,2537600,15.090405,23219.45,22850.0,22750,ATM-7,PUT,23100,2026-06-11
2026-06-11 13:44:00+05:30,37.55,38.45,36.55,36.85,79365,2530255,15.103188,23223.9,22850.0,22750,ATM-7,PUT,23100,2026-06-11
2026-06-11 13:45:00+05:30,36.8,37.75,36.8,37.75,71240,2508675,15.168489,23221.15,22850.0,22750,ATM-7,PUT,23100,2026-06-11
2026-06-11 13:46:00+05:30,46.2,47.4,45.05,45.1,116350,4504630,15.081269,23227.7,22900.0,22750,ATM-7,PUT,23100,2026-06-11
2026-06-11 13:47:00+05:30,45.1,45.1,43.05,44.45,161915,4468425,15.123222,23232.75,22900.0,22750,ATM-7,PUT,23100,2026-06-11
2026-06-11 13:48:00+05:30,44.45,44.75,42.9,44.45,85735,4491045,15.104113,23231.95,22900.0,22750,ATM-7,PUT,23100,2026-06-11
2026-06-11 13:49:00+05:30,44.25,45.4,43.95,44.65,73450,4470245,15.091312,23230.35,22900.0,22750,ATM-7,PUT,23100,2026-06-11
2026-06-11 13:50:00+05:30,36.25,37.3,36.25,37.1,44070,2492555,15.151783,23224.2,22850.0,22750,ATM-7,PUT,23100,2026-06-11
2026-06-11 13:51:00+05:30,45.0,46.0,44.35,44.75,69680,4499430,15.002148,23226.2,22900.0,22750,ATM-7,PUT,23100,2026-06-11
2026-06-11 13:52:00+05:30,44.6,46.05,43.95,43.95,70980,4504435,14.991664,23229.95,22900.0,22750,ATM-7,PUT,23100,2026-06-11
2026-06-11 13:53:00+05:30,44.1,44.15,43.05,43.35,63830,4504045,15.059831,23235.85,22900.0,22750,ATM-7,PUT,23100,2026-06-11
2026-06-11 13:54:00+05:30,43.4,44.6,43.35,44.0,26780,4485715,15.113527,23234.5,22900.0,22750,ATM-7,PUT,23100,2026-06-11
2026-06-11 13:55:00+05:30,43.85,44.85,43.45,43.45,36725,4486885,15.078634,23236.0,22900.0,22750,ATM-7,PUT,23100,2026-06-11
2026-06-11 13:56:00+05:30,43.65,44.0,42.4,42.75,68120,4487145,15.092403,23240.3,22900.0,22750,ATM-7,PUT,23100,2026-06-11
2026-06-11 13:57:00+05:30,43.0,43.75,42.2,43.15,82745,4491435,15.122182,23239.3,22900.0,22750,ATM-7,PUT,23100,2026-06-11
2026-06-11 13:58:00+05:30,42.95,43.15,41.1,41.4,99125,4488835,15.101909,23248.05,22900.0,22750,ATM-7,PUT,23100,2026-06-11
2026-06-11 13:59:00+05:30,41.85,44.6,41.4,44.0,95810,4484935,15.080524,23233.0,22900.0,22750,ATM-7,PUT,23100,2026-06-11
2026-06-11 14:00:00+05:30,43.95,44.35,41.95,42.05,99710,4468035,14.999168,23240.2,22900.0,22750,ATM-7,PUT,23100,2026-06-11
2026-06-11 14:01:00+05:30,42.55,43.25,42.05,42.75,24310,4436900,14.986675,23235.85,22900.0,22750,ATM-7,PUT,23100,2026-06-11
2026-06-11 14:02:00+05:30,43.0,43.35,42.5,43.05,39130,4442230,14.951942,23232.8,22900.0,22750,ATM-7,PUT,23100,2026-06-11
2026-06-11 14:03:00+05:30,42.8,43.25,42.3,43.1,28470,4443465,15.045162,23236.25,22900.0,22750,ATM-7,PUT,23100,2026-06-11
2026-06-11 14:04:00+05:30,43.15,43.55,42.05,42.65,74425,4459585,14.988283,23236.35,22900.0,22750,ATM-7,PUT,23100,2026-06-11
2026-06-11 14:05:00+05:30,42.7,44.45,42.45,43.1,87100,4458480,14.947542,23232.25,22900.0,22750,ATM-7,PUT,23100,2026-06-11
2026-06-11 14:06:00+05:30,43.0,43.7,42.4,42.95,40885,4467450,14.943329,23232.85,22900.0,22750,ATM-7,PUT,23100,2026-06-11
2026-06-11 14:07:00+05:30,34.7,37.4,34.65,37.4,77675,2476110,15.110349,23220.0,22850.0,22750,ATM-7,PUT,23100,2026-06-11
2026-06-11 14:08:00+05:30,37.4,38.6,36.95,38.6,101010,2466360,15.044092,23210.05,22850.0,22750,ATM-7,PUT,23100,2026-06-11
2026-06-11 14:09:00+05:30,38.55,39.75,37.25,37.55,129480,2475850,14.956998,23212.6,22850.0,22750,ATM-7,PUT,23100,2026-06-11
2026-06-11 14:10:00+05:30,37.45,38.0,36.5,37.75,66625,2475850,15.034293,23214.6,22850.0,22750,ATM-7,PUT,23100,2026-06-11
2026-06-11 14:11:00+05:30,37.75,38.65,37.15,37.45,45825,2481505,14.956412,23213.1,22850.0,22750,ATM-7,PUT,23100,2026-06-11
2026-06-11 14:12:00+05:30,37.5,38.3,37.1,37.75,46735,2493270,14.935457,23210.4,22850.0,22750,ATM-7,PUT,23100,2026-06-11
2026-06-11 14:13:00+05:30,37.8,38.0,35.7,35.9,59735,2492750,14.975102,23223.25,22850.0,22750,ATM-7,PUT,23100,2026-06-11
2026-06-11 14:14:00+05:30,35.75,36.8,35.2,36.65,55510,2474680,15.003493,23219.8,22850.0,22750,ATM-7,PUT,23100,2026-06-11
2026-06-11 14:15:00+05:30,36.6,37.25,36.1,36.9,48620,2473510,14.931088,23215.2,22850.0,22750,ATM-7,PUT,23100,2026-06-11
2026-06-11 14:16:00+05:30,36.65,36.9,35.65,36.6,31655,2484105,14.914855,23216.3,22850.0,22750,ATM-7,PUT,23100,2026-06-11
2026-06-11 14:17:00+05:30,36.8,37.6,36.6,37.35,39195,2481180,14.97484,23214.25,22850.0,22750,ATM-7,PUT,23100,2026-06-11
2026-06-11 14:18:00+05:30,37.2,38.55,37.2,38.4,55315,2461420,14.97525,23208.0,22850.0,22750,ATM-7,PUT,23100,2026-06-11
2026-06-11 14:19:00+05:30,38.4,38.8,36.45,36.45,38545,2465125,14.907659,23216.8,22850.0,22750,ATM-7,PUT,23100,2026-06-11
2026-06-11 14:20:00+05:30,36.7,36.9,35.5,35.95,54080,2454530,14.98267,23223.0,22850.0,22750,ATM-7,PUT,23100,2026-06-11
2026-06-11 14:21:00+05:30,35.7,36.55,35.4,36.5,25545,2452320,14.986718,23219.75,22850.0,22750,ATM-7,PUT,23100,2026-06-11
2026-06-11 14:22:00+05:30,36.75,36.8,35.7,36.55,21645,2460185,15.000788,23220.0,22850.0,22750,ATM-7,PUT,23100,2026-06-11
2026-06-11 14:23:00+05:30,36.45,38.35,36.25,38.15,26195,2463435,14.974329,23209.25,22850.0,22750,ATM-7,PUT,23100,2026-06-11
2026-06-11 14:24:00+05:30,38.05,38.3,37.7,37.8,19695,2465645,14.856977,23206.4,22850.0,22750,ATM-7,PUT,23100,2026-06-11
2026-06-11 14:25:00+05:30,37.9,37.9,36.45,36.55,44915,2466100,14.921449,23216.55,22850.0,22750,ATM-7,PUT,23100,2026-06-11
2026-06-11 14:26:00+05:30,45.0,45.45,43.45,43.7,84825,4435925,14.865586,23225.05,22900.0,22750,ATM-7,PUT,23100,2026-06-11
2026-06-11 14:27:00+05:30,43.7,43.9,42.85,43.3,96200,4442620,14.846069,23226.35,22900.0,22750,ATM-7,PUT,23100,2026-06-11
2026-06-11 14:28:00+05:30,42.45,43.3,39.15,39.35,281645,4447885,14.9308,23251.55,22900.0,22750,ATM-7,PUT,23100,2026-06-11
2026-06-11 14:29:00+05:30,39.1,41.65,38.95,41.6,98605,4419285,14.987027,23241.15,22900.0,22750,ATM-7,PUT,23100,2026-06-11
2026-06-11 14:30:00+05:30,41.75,43.0,40.4,40.4,155870,4422730,14.929407,23245.45,22900.0,22750,ATM-7,PUT,23100,2026-06-11
2026-06-11 14:31:00+05:30,40.45,41.3,40.2,41.0,94445,4413500,14.881296,23240.1,22900.0,22750,ATM-7,PUT,23100,2026-06-11
2026-06-11 14:32:00+05:30,41.15,41.95,40.35,40.35,73450,4421755,14.87537,23243.45,22900.0,22750,ATM-7,PUT,23100,2026-06-11
2026-06-11 14:33:00+05:30,40.5,43.25,40.35,43.25,66625,4414540,14.912134,23229.05,22900.0,22750,ATM-7,PUT,23100,2026-06-11
2026-06-11 14:34:00+05:30,43.05,43.45,42.3,42.65,62400,4414800,14.899025,23231.7,22900.0,22750,ATM-7,PUT,23100,2026-06-11
2026-06-11 14:35:00+05:30,42.5,42.75,41.3,42.7,37895,4412200,15.044499,23237.25,22900.0,22750,ATM-7,PUT,23100,2026-06-11
2026-06-11 14:36:00+05:30,34.25,36.25,34.15,36.25,48945,2474030,14.810282,23213.3,22850.0,22750,ATM-7,PUT,23100,2026-06-11
2026-06-11 14:37:00+05:30,45.0,47.2,44.15,44.7,288990,4345835,15.032071,23226.05,22900.0,22750,ATM-7,PUT,23100,2026-06-11
2026-06-11 14:38:00+05:30,35.55,37.7,35.4,37.25,36465,2479945,15.078107,23218.4,22850.0,22750,ATM-7,PUT,23100,2026-06-11
2026-06-11 14:39:00+05:30,37.3,39.15,37.25,37.9,113100,2484040,15.141304,23217.1,22850.0,22750,ATM-7,PUT,23100,2026-06-11
2026-06-11 14:40:00+05:30,37.95,38.85,37.7,38.35,52845,2474875,14.993553,23208.25,22850.0,22750,ATM-7,PUT,23100,2026-06-11
2026-06-11 14:41:00+05:30,38.5,39.25,37.8,37.95,61425,2474485,15.071096,23213.8,22850.0,22750,ATM-7,PUT,23100,2026-06-11
2026-06-11 14:42:00+05:30,38.05,39.05,37.8,39.0,70915,2471235,15.145189,23210.65,22850.0,22750,ATM-7,PUT,23100,2026-06-11
2026-06-11 14:43:00+05:30,38.85,41.05,38.4,41.05,131625,2476305,15.106356,23197.3,22850.0,22750,ATM-7,PUT,23100,2026-06-11
2026-06-11 14:44:00+05:30,41.15,41.3,39.8,40.25,88985,2449785,15.067868,23200.2,22850.0,22750,ATM-7,PUT,23100,2026-06-11
2026-06-11 14:45:00+05:30,39.8,41.65,39.8,41.25,90545,2449850,15.134377,23197.25,22850.0,22750,ATM-7,PUT,23100,2026-06-11
2026-06-11 14:46:00+05:30,41.25,41.75,39.35,41.6,96655,2446535,15.053752,23192.0,22850.0,22750,ATM-7,PUT,23100,2026-06-11
2026-06-11 14:47:00+05:30,34.2,37.85,33.85,37.2,701935,4238130,15.078837,23167.1,22800.0,22750,ATM-7,PUT,23100,2026-06-11
2026-06-11 14:48:00+05:30,45.4,45.8,42.2,42.5,100945,2400580,14.887984,23180.35,22850.0,22750,ATM-7,PUT,23100,2026-06-11
2026-06-11 14:49:00+05:30,42.2,42.85,40.85,41.6,72085,2401035,15.083572,23193.1,22850.0,22750,ATM-7,PUT,23100,2026-06-11
2026-06-11 14:50:00+05:30,34.2,36.1,33.75,36.1,267605,4200365,15.056156,23172.75,22800.0,22750,ATM-7,PUT,23100,2026-06-11
2026-06-11 14:51:00+05:30,35.75,36.1,34.65,35.55,181935,4178005,14.967908,23172.4,22800.0,22750,ATM-7,PUT,23100,2026-06-11
2026-06-11 14:52:00+05:30,35.4,35.9,35.0,35.75,105300,4202640,14.967393,23171.1,22800.0,22750,ATM-7,PUT,23100,2026-06-11
2026-06-11 14:53:00+05:30,35.5,35.75,34.5,34.7,206505,4115930,14.881649,23174.0,22800.0,22750,ATM-7,PUT,23100,2026-06-11
2026-06-11 14:54:00+05:30,34.7,35.35,34.55,34.85,132600,4086680,14.850532,23171.7,22800.0,22750,ATM-7,PUT,23100,2026-06-11
2026-06-11 14:55:00+05:30,34.85,35.35,34.25,34.45,164385,4109040,14.81319,23172.6,22800.0,22750,ATM-7,PUT,23100,2026-06-11
2026-06-11 14:56:00+05:30,34.45,35.1,34.15,35.0,301925,4155320,14.842587,23170.35,22800.0,22750,ATM-7,PUT,23100,2026-06-11
2026-06-11 14:57:00+05:30,34.95,35.65,34.4,34.65,136370,4174625,14.6935,23166.2,22800.0,22750,ATM-7,PUT,23100,2026-06-11
2026-06-11 14:58:00+05:30,34.7,34.8,34.25,34.25,82680,4169490,14.783631,23172.5,22800.0,22750,ATM-7,PUT,23100,2026-06-11
2026-06-11 14:59:00+05:30,42.35,43.55,41.8,43.2,88205,2378415,14.908623,23177.05,22850.0,22750,ATM-7,PUT,23100,2026-06-11
2026-06-11 15:00:00+05:30,34.85,36.25,31.75,36.2,603590,3993275,14.63176,23154.0,22800.0,22750,ATM-7,PUT,23100,2026-06-11
2026-06-11 15:01:00+05:30,36.3,37.25,35.5,35.5,369785,3973060,14.510921,23153.15,22800.0,22750,ATM-7,PUT,23100,2026-06-11
2026-06-11 15:02:00+05:30,35.7,37.15,34.6,35.85,283595,3957785,14.69778,23158.8,22800.0,22750,ATM-7,PUT,23100,2026-06-11
2026-06-11 15:03:00+05:30,35.85,36.8,35.65,36.35,243100,3903510,14.757995,23158.25,22800.0,22750,ATM-7,PUT,23100,2026-06-11
2026-06-11 15:04:00+05:30,36.35,36.9,35.8,36.9,178880,3875950,14.518566,23145.0,22800.0,22750,ATM-7,PUT,23100,2026-06-11
2026-06-11 15:05:00+05:30,37.1,37.7,36.15,36.3,259285,3861520,14.495267,23147.55,22800.0,22750,ATM-7,PUT,23100,2026-06-11
2026-06-11 15:06:00+05:30,36.2,38.0,35.85,37.55,200525,3860870,14.475132,23139.35,22800.0,22750,ATM-7,PUT,23100,2026-06-11
2026-06-11 15:07:00+05:30,38.05,38.05,36.45,36.5,157170,3867305,14.538917,23148.1,22800.0,22750,ATM-7,PUT,23100,2026-06-11
2026-06-11 15:08:00+05:30,36.35,37.05,35.6,37.05,151060,3862430,14.334425,23136.4,22800.0,22750,ATM-7,PUT,23100,2026-06-11
2026-06-11 15:09:00+05:30,37.4,37.4,36.35,36.4,101205,3866200,14.423667,23143.85,22800.0,22750,ATM-7,PUT,23100,2026-06-11
2026-06-11 15:10:00+05:30,36.65,36.65,34.5,34.5,184080,3845725,14.339301,23151.75,22800.0,22750,ATM-7,PUT,23100,2026-06-11
2026-06-11 15:11:00+05:30,34.5,35.9,34.05,35.7,153075,3832465,14.331002,23144.1,22800.0,22750,ATM-7,PUT,23100,2026-06-11
2026-06-11 15:12:00+05:30,35.7,36.4,35.1,35.25,156585,3861910,14.445669,23151.55,22800.0,22750,ATM-7,PUT,23100,2026-06-11
2026-06-11 15:13:00+05:30,35.2,35.25,33.7,33.7,319540,3972215,14.463403,23161.85,22800.0,22750,ATM-7,PUT,23100,2026-06-11
2026-06-11 15:14:00+05:30,33.8,34.95,33.35,34.9,171340,3960775,14.735732,23165.8,22800.0,22750,ATM-7,PUT,23100,2026-06-11
2026-06-11 15:15:00+05:30,35.05,36.2,34.6,34.6,246740,3958565,14.70645,23166.4,22800.0,22750,ATM-7,PUT,23100,2026-06-11
2026-06-11 15:16:00+05:30,42.95,43.0,39.75,39.75,174850,2947230,14.54393,23180.55,22850.0,22750,ATM-7,PUT,23100,2026-06-11
2026-06-11 15:17:00+05:30,40.0,40.3,38.9,39.65,164190,3009760,14.564375,23181.9,22850.0,22750,ATM-7,PUT,23100,2026-06-11
2026-06-11 15:18:00+05:30,39.7,42.65,39.4,42.35,128895,3001245,14.914037,23181.15,22850.0,22750,ATM-7,PUT,23100,2026-06-11
2026-06-11 15:19:00+05:30,34.2,35.45,34.05,34.55,311025,4024020,14.834969,23172.0,22800.0,22750,ATM-7,PUT,23100,2026-06-11
2026-06-11 15:20:00+05:30,42.8,43.0,41.5,41.6,128375,3000725,14.740945,23178.2,22850.0,22750,ATM-7,PUT,23100,2026-06-11
2026-06-11 15:21:00+05:30,42.0,42.3,40.55,41.85,116415,3005860,14.736834,23176.65,22850.0,22750,ATM-7,PUT,23100,2026-06-11
2026-06-11 15:22:00+05:30,33.9,34.6,33.15,33.95,421135,4135950,14.698455,23169.9,22800.0,22750,ATM-7,PUT,23100,2026-06-11
2026-06-11 15:23:00+05:30,34.15,34.6,33.65,33.65,245895,4130490,14.677895,23170.9,22800.0,22750,ATM-7,PUT,23100,2026-06-11
2026-06-11 15:24:00+05:30,33.6,33.95,33.2,33.8,159965,4122885,14.764819,23173.6,22800.0,22750,ATM-7,PUT,23100,2026-06-11
2026-06-11 15:25:00+05:30,33.75,33.95,32.2,32.35,266175,4137055,14.564689,23174.4,22800.0,22750,ATM-7,PUT,23100,2026-06-11
2026-06-11 15:26:00+05:30,40.05,40.2,38.4,38.5,144495,2995070,14.282792,23176.6,22850.0,22750,ATM-7,PUT,23100,2026-06-11
2026-06-11 15:27:00+05:30,38.5,40.35,38.0,39.65,177190,2998905,14.503754,23179.1,22850.0,22750,ATM-7,PUT,23100,2026-06-11
2026-06-11 15:28:00+05:30,39.75,40.4,39.25,40.0,159770,2998645,14.576118,23180.05,22850.0,22750,ATM-7,PUT,23100,2026-06-11
2026-06-11 15:29:00+05:30,39.95,40.1,38.6,38.65,183040,2978300,14.550645,23186.55,22850.0,22750,ATM-7,PUT,23100,2026-06-11
2026-06-11 09:15:00+05:30,376.4,393.15,366.2,380.35,35880,135785,13.892604,23104.4,22800.0,22800,ATM-6,CALL,23100,2026-06-11
2026-06-11 09:16:00+05:30,373.05,380.35,351.55,352.55,30875,151190,12.602145,23082.3,22800.0,22800,ATM-6,CALL,23100,2026-06-11
2026-06-11 09:17:00+05:30,351.8,357.85,347.85,357.85,41210,166205,12.132229,23092.9,22800.0,22800,ATM-6,CALL,23100,2026-06-11
2026-06-11 09:18:00+05:30,360.9,371.8,357.85,365.65,34645,179205,12.387918,23100.1,22800.0,22800,ATM-6,CALL,23100,2026-06-11
2026-06-11 09:19:00+05:30,366.45,375.65,364.85,374.7,23725,183235,11.757863,23115.85,22800.0,22800,ATM-6,CALL,23100,2026-06-11
2026-06-11 09:20:00+05:30,334.95,344.0,329.2,342.95,11895,47060,11.679435,23128.6,22850.0,22800,ATM-6,CALL,23100,2026-06-11
2026-06-11 09:21:00+05:30,343.4,356.0,342.95,353.75,12090,46085,11.566082,23142.45,22850.0,22800,ATM-6,CALL,23100,2026-06-11
2026-06-11 09:22:00+05:30,356.15,356.4,347.8,355.0,4420,45110,11.694885,23142.9,22850.0,22800,ATM-6,CALL,23100,2026-06-11
2026-06-11 09:23:00+05:30,354.75,359.15,350.0,350.0,5590,46020,11.89631,23135.25,22850.0,22800,ATM-6,CALL,23100,2026-06-11
2026-06-11 09:24:00+05:30,390.45,392.25,375.2,375.7,12415,182455,11.793529,23116.8,22800.0,22800,ATM-6,CALL,23100,2026-06-11
2026-06-11 09:25:00+05:30,374.45,378.25,371.7,374.25,14105,184665,12.563322,23109.0,22800.0,22800,ATM-6,CALL,23100,2026-06-11
2026-06-11 09:26:00+05:30,372.55,377.2,368.9,374.7,12350,191165,12.805167,23107.5,22800.0,22800,ATM-6,CALL,23100,2026-06-11
2026-06-11 09:27:00+05:30,373.7,377.0,361.15,368.05,17225,193960,12.579158,23101.45,22800.0,22800,ATM-6,CALL,23100,2026-06-11
2026-06-11 09:28:00+05:30,368.25,380.7,368.05,378.5,16770,197795,12.1248,23117.6,22800.0,22800,ATM-6,CALL,23100,2026-06-11
2026-06-11 09:29:00+05:30,379.7,385.85,377.05,381.0,11635,195715,11.94545,23121.9,22800.0,22800,ATM-6,CALL,23100,2026-06-11
2026-06-11 09:30:00+05:30,381.0,382.25,367.35,369.7,17810,196560,11.726435,23110.35,22800.0,22800,ATM-6,CALL,23100,2026-06-11
2026-06-11 09:31:00+05:30,369.25,375.0,362.85,375.0,12415,204165,11.679372,23116.9,22800.0,22800,ATM-6,CALL,23100,2026-06-11
2026-06-11 09:32:00+05:30,379.35,383.0,374.05,374.05,12415,207805,11.925478,23113.95,22800.0,22800,ATM-6,CALL,23100,2026-06-11
2026-06-11 09:33:00+05:30,371.05,374.05,358.15,359.15,17940,211315,11.254153,23101.6,22800.0,22800,ATM-6,CALL,23100,2026-06-11
2026-06-11 09:34:00+05:30,361.95,370.0,359.15,368.1,10790,220610,11.57641,23109.65,22800.0,22800,ATM-6,CALL,23100,2026-06-11
2026-06-11 09:35:00+05:30,366.0,368.1,355.2,355.2,10335,223275,11.261279,23096.95,22800.0,22800,ATM-6,CALL,23100,2026-06-11
2026-06-11 09:36:00+05:30,356.8,368.0,355.2,367.9,11570,228085,11.175099,23112.35,22800.0,22800,ATM-6,CALL,23100,2026-06-11
2026-06-11 09:37:00+05:30,369.45,375.8,367.1,374.0,13715,229515,11.179295,23119.35,22800.0,22800,ATM-6,CALL,23100,2026-06-11
2026-06-11 09:38:00+05:30,335.55,345.35,333.9,342.6,3835,64090,11.493198,23129.95,22850.0,22800,ATM-6,CALL,23100,2026-06-11
2026-06-11 09:39:00+05:30,342.3,348.95,342.3,345.7,2340,64285,11.650456,23132.35,22850.0,22800,ATM-6,CALL,23100,2026-06-11
2026-06-11 09:40:00+05:30,386.45,386.45,374.0,374.0,8190,220870,11.124454,23119.75,22800.0,22800,ATM-6,CALL,23100,2026-06-11
2026-06-11 09:41:00+05:30,374.0,378.25,369.55,375.55,6825,222040,11.298381,23120.35,22800.0,22800,ATM-6,CALL,23100,2026-06-11
2026-06-11 09:42:00+05:30,373.8,376.35,368.35,372.65,4420,224835,10.85688,23120.0,22800.0,22800,ATM-6,CALL,23100,2026-06-11
2026-06-11 09:43:00+05:30,335.05,351.85,332.75,350.7,6760,68315,11.284729,23141.3,22850.0,22800,ATM-6,CALL,23100,2026-06-11
2026-06-11 09:44:00+05:30,351.6,355.8,350.1,353.9,6695,65065,11.390829,23144.25,22850.0,22800,ATM-6,CALL,23100,2026-06-11
2026-06-11 09:45:00+05:30,353.75,359.05,348.9,354.25,4550,64740,11.264282,23145.65,22850.0,22800,ATM-6,CALL,23100,2026-06-11
2026-06-11 09:46:00+05:30,354.65,359.15,351.8,359.15,2600,65650,10.84124,23154.45,22850.0,22800,ATM-6,CALL,23100,2026-06-11
2026-06-11 09:47:00+05:30,359.8,359.8,353.9,353.9,3185,64675,10.656425,23149.7,22850.0,22800,ATM-6,CALL,23100,2026-06-11
2026-06-11 09:48:00+05:30,355.0,355.0,347.6,347.6,1625,64025,10.785503,23141.5,22850.0,22800,ATM-6,CALL,23100,2026-06-11
2026-06-11 09:49:00+05:30,350.0,357.35,347.6,356.55,2080,63960,10.57768,23153.3,22850.0,22800,ATM-6,CALL,23100,2026-06-11
2026-06-11 09:50:00+05:30,357.6,369.35,350.0,369.35,12610,65065,11.317177,23162.9,22850.0,22800,ATM-6,CALL,23100,2026-06-11
2026-06-11 09:51:00+05:30,364.65,372.0,363.8,371.55,5655,67080,11.021701,23167.5,22850.0,22800,ATM-6,CALL,23100,2026-06-11
2026-06-11 09:52:00+05:30,369.3,372.65,365.0,370.0,1495,66625,10.222339,23170.8,22850.0,22800,ATM-6,CALL,23100,2026-06-11
2026-06-11 09:53:00+05:30,371.4,372.85,367.35,371.1,1885,66885,10.177524,23172.3,22850.0,22800,ATM-6,CALL,23100,2026-06-11
2026-06-11 09:54:00+05:30,370.65,371.1,359.1,359.1,6890,66365,11.137318,23152.35,22850.0,22800,ATM-6,CALL,23100,2026-06-11
2026-06-11 09:55:00+05:30,359.8,359.8,348.9,351.95,6045,67925,11.417602,23141.85,22850.0,22800,ATM-6,CALL,23100,2026-06-11
2026-06-11 09:56:00+05:30,352.8,357.0,349.75,349.75,2730,70005,11.260398,23140.5,22850.0,22800,ATM-6,CALL,23100,2026-06-11
2026-06-11 09:57:00+05:30,346.05,349.75,339.05,342.15,3705,69615,11.306569,23131.15,22850.0,22800,ATM-6,CALL,23100,2026-06-11
2026-06-11 09:58:00+05:30,380.5,380.5,368.95,369.2,14885,213720,11.081415,23114.7,22800.0,22800,ATM-6,CALL,23100,2026-06-11
2026-06-11 09:59:00+05:30,369.6,375.5,366.05,370.6,10335,215800,10.889637,23117.6,22800.0,22800,ATM-6,CALL,23100,2026-06-11
2026-06-11 10:00:00+05:30,329.9,339.65,329.9,338.25,6110,74880,10.849406,23130.2,22850.0,22800,ATM-6,CALL,23100,2026-06-11
2026-06-11 10:01:00+05:30,340.65,344.0,338.25,340.35,3380,75985,10.872392,23132.5,22850.0,22800,ATM-6,CALL,23100,2026-06-11
2026-06-11 10:02:00+05:30,378.0,380.35,371.75,372.6,5265,233285,10.409386,23122.9,22800.0,22800,ATM-6,CALL,23100,2026-06-11
2026-06-11 10:03:00+05:30,380.35,380.35,367.15,371.25,5005,233805,10.498883,23120.85,22800.0,22800,ATM-6,CALL,23100,2026-06-11
2026-06-11 10:04:00+05:30,370.1,373.95,362.0,362.0,11375,234130,10.778966,23108.55,22800.0,22800,ATM-6,CALL,23100,2026-06-11
2026-06-11 10:05:00+05:30,362.3,367.8,357.85,367.35,10790,239980,11.165857,23112.05,22800.0,22800,ATM-6,CALL,23100,2026-06-11
2026-06-11 10:06:00+05:30,328.95,345.0,328.0,344.75,5460,74555,10.925737,23137.3,22850.0,22800,ATM-6,CALL,23100,2026-06-11
2026-06-11 10:07:00+05:30,342.75,353.6,341.0,353.6,5850,73060,10.901641,23147.8,22850.0,22800,ATM-6,CALL,23100,2026-06-11
2026-06-11 10:08:00+05:30,350.7,363.4,350.7,363.15,7085,72345,11.176391,23156.9,22850.0,22800,ATM-6,CALL,23100,2026-06-11
2026-06-11 10:09:00+05:30,363.1,366.55,360.0,360.2,5200,70200,10.682646,23156.95,22850.0,22800,ATM-6,CALL,23100,2026-06-11
2026-06-11 10:10:00+05:30,360.45,366.55,357.45,361.25,2015,71565,10.661733,23158.3,22850.0,22800,ATM-6,CALL,23100,2026-06-11
2026-06-11 10:11:00+05:30,361.05,367.5,361.05,365.2,2470,72345,10.633427,23163.0,22850.0,22800,ATM-6,CALL,23100,2026-06-11
2026-06-11 10:12:00+05:30,366.35,367.55,360.0,360.55,3445,72735,10.790026,23156.65,22850.0,22800,ATM-6,CALL,23100,2026-06-11
2026-06-11 10:13:00+05:30,360.35,365.0,360.35,363.0,1040,72215,10.748221,23159.75,22850.0,22800,ATM-6,CALL,23100,2026-06-11
2026-06-11 10:14:00+05:30,365.25,366.25,351.75,355.15,3900,71695,11.196464,23147.5,22850.0,22800,ATM-6,CALL,23100,2026-06-11
2026-06-11 10:15:00+05:30,354.65,363.15,354.55,361.1,2925,72865,10.702538,23157.9,22850.0,22800,ATM-6,CALL,23100,2026-06-11
2026-06-11 10:16:00+05:30,366.7,371.05,361.1,367.6,3250,73060,10.760253,23164.95,22850.0,22800,ATM-6,CALL,23100,2026-06-11
2026-06-11 10:17:00+05:30,367.65,374.05,367.0,374.05,3770,72475,11.235315,23169.15,22850.0,22800,ATM-6,CALL,23100,2026-06-11
2026-06-11 10:18:00+05:30,371.15,377.9,366.6,377.1,1560,70850,11.185001,23173.0,22850.0,22800,ATM-6,CALL,23100,2026-06-11
2026-06-11 10:19:00+05:30,337.4,343.8,336.9,343.7,37505,355940,11.280747,23183.15,22900.0,22800,ATM-6,CALL,23100,2026-06-11
2026-06-11 10:20:00+05:30,345.0,352.1,339.25,352.1,68445,329680,11.636411,23190.25,22900.0,22800,ATM-6,CALL,23100,2026-06-11
2026-06-11 10:21:00+05:30,349.75,352.1,339.55,340.4,24635,321620,10.917102,23182.15,22900.0,22800,ATM-6,CALL,23100,2026-06-11
2026-06-11 10:22:00+05:30,340.6,343.2,338.0,338.0,9750,323310,10.844491,23179.9,22900.0,22800,ATM-6,CALL,23100,2026-06-11
2026-06-11 10:23:00+05:30,341.5,345.0,338.0,341.9,11245,323570,11.219436,23181.55,22900.0,22800,ATM-6,CALL,23100,2026-06-11
2026-06-11 10:24:00+05:30,342.15,343.15,336.5,340.0,5525,322010,11.16444,23179.75,22900.0,22800,ATM-6,CALL,23100,2026-06-11
2026-06-11 10:25:00+05:30,340.0,341.4,337.0,337.3,3640,322075,10.812992,23179.35,22900.0,22800,ATM-6,CALL,23100,2026-06-11
2026-06-11 10:26:00+05:30,339.85,352.15,337.3,350.9,14430,323700,11.09556,23193.15,22900.0,22800,ATM-6,CALL,23100,2026-06-11
2026-06-11 10:27:00+05:30,350.6,364.15,350.4,363.2,37505,324805,11.077046,23207.6,22900.0,22800,ATM-6,CALL,23100,2026-06-11
2026-06-11 10:28:00+05:30,363.5,365.8,352.0,356.8,15925,315575,11.183863,23199.4,22900.0,22800,ATM-6,CALL,23100,2026-06-11
2026-06-11 10:29:00+05:30,355.9,360.85,355.3,357.0,7540,317655,11.20303,23199.5,22900.0,22800,ATM-6,CALL,23100,2026-06-11
2026-06-11 10:30:00+05:30,358.0,363.3,344.55,346.2,13910,317070,10.93544,23188.9,22900.0,22800,ATM-6,CALL,23100,2026-06-11
2026-06-11 10:31:00+05:30,346.5,355.6,344.0,354.3,12350,318890,10.823576,23199.15,22900.0,22800,ATM-6,CALL,23100,2026-06-11
2026-06-11 10:32:00+05:30,356.0,361.05,351.0,361.05,6695,322920,11.236606,23204.0,22900.0,22800,ATM-6,CALL,23100,2026-06-11
2026-06-11 10:33:00+05:30,357.2,361.05,350.0,355.5,4810,324610,11.046425,23198.95,22900.0,22800,ATM-6,CALL,23100,2026-06-11
2026-06-11 10:34:00+05:30,354.9,356.05,352.05,355.5,2990,324740,10.790183,23200.8,22900.0,22800,ATM-6,CALL,23100,2026-06-11
2026-06-11 10:35:00+05:30,354.45,361.25,354.45,354.8,12025,323570,10.588466,23201.4,22900.0,22800,ATM-6,CALL,23100,2026-06-11
2026-06-11 10:36:00+05:30,355.1,355.1,347.25,351.5,11505,323375,10.789422,23196.2,22900.0,22800,ATM-6,CALL,23100,2026-06-11
2026-06-11 10:37:00+05:30,351.8,354.6,346.1,346.1,5265,326040,10.517221,23191.9,22900.0,22800,ATM-6,CALL,23100,2026-06-11
2026-06-11 10:38:00+05:30,350.8,356.0,346.1,353.25,8515,325260,10.667638,23199.1,22900.0,22800,ATM-6,CALL,23100,2026-06-11
2026-06-11 10:39:00+05:30,357.0,363.7,353.25,361.45,11765,326755,10.825521,23207.45,22900.0,22800,ATM-6,CALL,23100,2026-06-11
2026-06-11 10:40:00+05:30,360.95,366.6,357.6,364.4,16965,327730,10.590096,23212.4,22900.0,22800,ATM-6,CALL,23100,2026-06-11
2026-06-11 10:41:00+05:30,364.1,365.85,355.9,356.6,14885,333905,10.598387,23203.45,22900.0,22800,ATM-6,CALL,23100,2026-06-11
2026-06-11 10:42:00+05:30,356.0,359.55,351.4,359.55,12610,337025,10.74447,23205.85,22900.0,22800,ATM-6,CALL,23100,2026-06-11
2026-06-11 10:43:00+05:30,359.55,361.05,355.0,355.0,4225,338585,10.529445,23202.1,22900.0,22800,ATM-6,CALL,23100,2026-06-11
2026-06-11 10:44:00+05:30,352.6,360.6,351.7,359.4,6045,336245,10.867092,23204.85,22900.0,22800,ATM-6,CALL,23100,2026-06-11
2026-06-11 10:45:00+05:30,358.2,359.4,351.05,353.45,1950,337285,9.861037,23204.6,22900.0,22800,ATM-6,CALL,23100,2026-06-11
2026-06-11 10:46:00+05:30,360.35,363.75,353.45,357.3,6955,337870,10.244518,23206.6,22900.0,22800,ATM-6,CALL,23100,2026-06-11
2026-06-11 10:47:00+05:30,357.05,362.15,357.05,362.15,1690,340015,10.520823,23210.35,22900.0,22800,ATM-6,CALL,23100,2026-06-11
2026-06-11 10:48:00+05:30,363.75,365.0,353.95,357.95,8775,340990,10.501677,23205.7,22900.0,22800,ATM-6,CALL,23100,2026-06-11
2026-06-11 10:49:00+05:30,357.45,357.95,348.7,349.55,4745,339625,10.832277,23193.75,22900.0,22800,ATM-6,CALL,23100,2026-06-11
2026-06-11 10:50:00+05:30,349.05,349.05,341.7,344.9,24895,330980,11.088267,23186.4,22900.0,22800,ATM-6,CALL,23100,2026-06-11
2026-06-11 10:51:00+05:30,344.35,354.75,344.35,347.1,6240,330590,10.955905,23190.0,22900.0,22800,ATM-6,CALL,23100,2026-06-11
2026-06-11 10:52:00+05:30,346.75,353.45,346.75,347.0,1040,330005,11.196537,23188.05,22900.0,22800,ATM-6,CALL,23100,2026-06-11
2026-06-11 10:53:00+05:30,380.1,392.4,376.4,376.4,780,63765,10.818203,23174.9,22850.0,22800,ATM-6,CALL,23100,2026-06-11
2026-06-11 10:54:00+05:30,376.0,378.4,373.95,378.4,1300,63830,11.202216,23174.7,22850.0,22800,ATM-6,CALL,23100,2026-06-11
2026-06-11 10:55:00+05:30,377.5,378.4,372.15,375.9,520,64090,10.998013,23173.2,22850.0,22800,ATM-6,CALL,23100,2026-06-11
2026-06-11 10:56:00+05:30,335.8,342.75,335.45,341.8,6760,333320,11.460201,23179.8,22900.0,22800,ATM-6,CALL,23100,2026-06-11
2026-06-11 10:57:00+05:30,341.6,341.8,336.0,336.0,4810,334945,10.91927,23177.3,22900.0,22800,ATM-6,CALL,23100,2026-06-11
2026-06-11 10:58:00+05:30,337.8,341.0,334.0,334.0,2860,335010,10.830177,23175.65,22900.0,22800,ATM-6,CALL,23100,2026-06-11
2026-06-11 10:59:00+05:30,334.85,340.75,331.15,340.75,4095,334295,11.699261,23176.55,22900.0,22800,ATM-6,CALL,23100,2026-06-11
2026-06-11 11:00:00+05:30,382.25,382.25,369.9,369.9,715,63960,10.522359,23169.45,22850.0,22800,ATM-6,CALL,23100,2026-06-11
2026-06-11 11:01:00+05:30,368.0,374.9,368.0,374.15,2665,64090,11.594247,23167.15,22850.0,22800,ATM-6,CALL,23100,2026-06-11
2026-06-11 11:02:00+05:30,370.3,374.15,369.9,369.9,1495,64090,10.771499,23167.9,22850.0,22800,ATM-6,CALL,23100,2026-06-11
2026-06-11 11:03:00+05:30,330.0,341.85,328.6,341.85,5785,341250,11.397524,23180.45,22900.0,22800,ATM-6,CALL,23100,2026-06-11
2026-06-11 11:04:00+05:30,344.15,346.0,338.9,340.4,33280,338000,11.041646,23181.6,22900.0,22800,ATM-6,CALL,23100,2026-06-11
2026-06-11 11:05:00+05:30,344.85,356.85,340.4,355.2,23855,332280,10.92274,23199.8,22900.0,22800,ATM-6,CALL,23100,2026-06-11
2026-06-11 11:06:00+05:30,356.0,359.6,349.5,358.25,18720,334815,10.798959,23204.2,22900.0,22800,ATM-6,CALL,23100,2026-06-11
2026-06-11 11:07:00+05:30,360.3,361.75,346.45,346.45,10855,335400,10.867994,23190.05,22900.0,22800,ATM-6,CALL,23100,2026-06-11
2026-06-11 11:08:00+05:30,345.25,353.6,343.0,350.35,4615,335855,10.840128,23194.8,22900.0,22800,ATM-6,CALL,23100,2026-06-11
2026-06-11 11:09:00+05:30,347.35,350.35,338.4,347.0,8840,336700,10.470754,23193.55,22900.0,22800,ATM-6,CALL,23100,2026-06-11
2026-06-11 11:10:00+05:30,345.8,349.15,341.6,349.15,3315,337740,11.099333,23191.5,22900.0,22800,ATM-6,CALL,23100,2026-06-11
2026-06-11 11:11:00+05:30,347.05,350.3,344.0,344.0,7020,339495,10.599169,23189.2,22900.0,22800,ATM-6,CALL,23100,2026-06-11
2026-06-11 11:12:00+05:30,346.2,346.25,341.55,345.55,3250,341185,11.137495,23187.0,22900.0,22800,ATM-6,CALL,23100,2026-06-11
2026-06-11 11:13:00+05:30,347.75,347.75,342.9,345.75,5850,342810,11.390135,23185.25,22900.0,22800,ATM-6,CALL,23100,2026-06-11
2026-06-11 11:14:00+05:30,346.05,346.5,340.4,342.0,4810,343590,11.090934,23183.2,22900.0,22800,ATM-6,CALL,23100,2026-06-11
2026-06-11 11:15:00+05:30,342.8,348.7,342.0,347.75,6565,343590,11.313186,23188.25,22900.0,22800,ATM-6,CALL,23100,2026-06-11
2026-06-11 11:16:00+05:30,345.85,348.05,343.75,347.65,1885,344500,11.145093,23189.45,22900.0,22800,ATM-6,CALL,23100,2026-06-11
2026-06-11 11:17:00+05:30,344.05,351.45,344.05,348.0,11960,343980,10.589269,23193.95,22900.0,22800,ATM-6,CALL,23100,2026-06-11
2026-06-11 11:18:00+05:30,349.0,360.4,348.0,358.95,7345,339625,10.793747,23205.15,22900.0,22800,ATM-6,CALL,23100,2026-06-11
2026-06-11 11:19:00+05:30,360.1,362.0,354.75,355.5,7735,338975,10.460105,23203.45,22900.0,22800,ATM-6,CALL,23100,2026-06-11
2026-06-11 11:20:00+05:30,356.95,365.1,353.8,364.5,13780,339170,10.638509,23212.55,22900.0,22800,ATM-6,CALL,23100,2026-06-11
2026-06-11 11:21:00+05:30,365.95,373.05,363.9,372.0,25675,343850,10.760297,23220.3,22900.0,22800,ATM-6,CALL,23100,2026-06-11
2026-06-11 11:22:00+05:30,372.85,372.85,367.25,367.75,14950,344955,10.967944,23214.1,22900.0,22800,ATM-6,CALL,23100,2026-06-11
2026-06-11 11:23:00+05:30,366.0,374.3,362.7,362.7,12350,344760,10.237929,23213.05,22900.0,22800,ATM-6,CALL,23100,2026-06-11
2026-06-11 11:24:00+05:30,364.6,370.7,362.7,369.2,6370,343200,10.546383,23218.5,22900.0,22800,ATM-6,CALL,23100,2026-06-11
2026-06-11 11:25:00+05:30,371.0,373.85,368.0,368.0,13325,341120,10.758459,23215.8,22900.0,22800,ATM-6,CALL,23100,2026-06-11
2026-06-11 11:26:00+05:30,329.75,343.45,329.75,343.45,11765,161785,11.850177,23228.5,22950.0,22800,ATM-6,CALL,23100,2026-06-11
2026-06-11 11:27:00+05:30,345.4,351.35,343.45,350.75,16510,156260,12.220377,23234.1,22950.0,22800,ATM-6,CALL,23100,2026-06-11
2026-06-11 11:28:00+05:30,350.35,352.1,345.3,349.95,10270,152230,11.884764,23236.05,22950.0,22800,ATM-6,CALL,23100,2026-06-11
2026-06-11 11:29:00+05:30,348.3,351.4,341.7,351.4,3250,151710,12.158756,23235.45,22950.0,22800,ATM-6,CALL,23100,2026-06-11
2026-06-11 11:30:00+05:30,349.3,357.2,347.0,347.0,8255,151905,11.444008,23236.2,22950.0,22800,ATM-6,CALL,23100,2026-06-11
2026-06-11 11:31:00+05:30,350.25,350.65,340.0,342.3,9945,149565,11.94868,23226.3,22950.0,22800,ATM-6,CALL,23100,2026-06-11
2026-06-11 11:32:00+05:30,340.0,343.0,337.3,340.55,9165,153790,11.725115,23226.15,22950.0,22800,ATM-6,CALL,23100,2026-06-11
2026-06-11 11:33:00+05:30,343.15,348.65,340.55,347.65,7150,153595,11.86024,23233.55,22950.0,22800,ATM-6,CALL,23100,2026-06-11
2026-06-11 11:34:00+05:30,343.7,347.65,338.35,338.95,3835,153530,11.478943,23226.35,22950.0,22800,ATM-6,CALL,23100,2026-06-11
2026-06-11 11:35:00+05:30,338.3,346.55,335.4,346.55,5200,153855,11.610936,23234.35,22950.0,22800,ATM-6,CALL,23100,2026-06-11
2026-06-11 11:36:00+05:30,381.65,385.55,373.6,374.5,9360,342875,11.012027,23221.65,22900.0,22800,ATM-6,CALL,23100,2026-06-11
2026-06-11 11:37:00+05:30,376.5,377.6,374.5,374.85,4355,344565,11.595085,23218.05,22900.0,22800,ATM-6,CALL,23100,2026-06-11
2026-06-11 11:38:00+05:30,374.9,374.9,369.1,369.35,13195,338520,11.083205,23215.3,22900.0,22800,ATM-6,CALL,23100,2026-06-11
2026-06-11 11:39:00+05:30,368.0,375.25,366.0,375.25,5330,340470,10.947642,23222.95,22900.0,22800,ATM-6,CALL,23100,2026-06-11
2026-06-11 11:40:00+05:30,374.5,379.4,372.0,373.95,4485,341575,10.700507,23223.05,22900.0,22800,ATM-6,CALL,23100,2026-06-11
2026-06-11 11:41:00+05:30,334.75,342.0,334.4,341.45,3835,156000,11.371957,23230.3,22950.0,22800,ATM-6,CALL,23100,2026-06-11
2026-06-11 11:42:00+05:30,341.55,358.25,340.25,357.95,11440,155935,12.02555,23244.6,22950.0,22800,ATM-6,CALL,23100,2026-06-11
2026-06-11 11:43:00+05:30,355.65,357.95,349.3,351.1,4940,157495,11.398302,23241.55,22950.0,22800,ATM-6,CALL,23100,2026-06-11
2026-06-11 11:44:00+05:30,353.25,364.25,351.1,364.25,7345,157040,11.828146,23253.7,22950.0,22800,ATM-6,CALL,23100,2026-06-11
2026-06-11 11:45:00+05:30,365.75,368.4,360.9,364.4,16445,153205,11.807422,23254.05,22950.0,22800,ATM-6,CALL,23100,2026-06-11
2026-06-11 11:46:00+05:30,364.95,368.05,361.95,366.8,4030,152815,11.688615,23257.8,22950.0,22800,ATM-6,CALL,23100,2026-06-11
2026-06-11 11:47:00+05:30,367.95,382.7,365.55,381.9,10140,151645,12.508936,23269.2,22950.0,22800,ATM-6,CALL,23100,2026-06-11
2026-06-11 11:48:00+05:30,382.75,384.15,372.45,376.8,7930,150280,11.843351,23268.35,22950.0,22800,ATM-6,CALL,23100,2026-06-11
2026-06-11 11:49:00+05:30,375.45,376.8,368.55,373.1,6370,149565,11.687712,23265.2,22950.0,22800,ATM-6,CALL,23100,2026-06-11
2026-06-11 11:50:00+05:30,373.1,379.7,373.1,379.65,4030,149695,11.549459,23273.8,22950.0,22800,ATM-6,CALL,23100,2026-06-11
2026-06-11 11:51:00+05:30,378.55,381.75,375.1,375.1,3965,150930,11.500391,23268.9,22950.0,22800,ATM-6,CALL,23100,2026-06-11
2026-06-11 11:52:00+05:30,374.8,379.25,371.25,379.25,6760,149370,11.997368,23270.1,22950.0,22800,ATM-6,CALL,23100,2026-06-11
2026-06-11 11:53:00+05:30,379.0,380.9,375.25,379.2,2665,149370,11.435935,23274.1,22950.0,22800,ATM-6,CALL,23100,2026-06-11
2026-06-11 11:54:00+05:30,378.85,385.0,376.2,376.45,4225,148460,11.1418,23272.95,22950.0,22800,ATM-6,CALL,23100,2026-06-11
2026-06-11 11:55:00+05:30,380.0,384.15,376.45,379.2,1625,148980,11.481992,23273.8,22950.0,22800,ATM-6,CALL,23100,2026-06-11
2026-06-11 11:56:00+05:30,338.95,355.95,336.0,354.7,106210,1580280,12.624561,23285.3,23000.0,22800,ATM-6,CALL,23100,2026-06-11
2026-06-11 11:57:00+05:30,353.1,354.7,348.35,352.0,57850,1583465,12.299252,23284.95,23000.0,22800,ATM-6,CALL,23100,2026-06-11
2026-06-11 11:58:00+05:30,352.7,360.0,351.0,353.6,65650,1578915,11.83144,23290.9,23000.0,22800,ATM-6,CALL,23100,2026-06-11
2026-06-11 11:59:00+05:30,352.25,353.6,346.0,346.3,41795,1583530,11.715239,23283.15,23000.0,22800,ATM-6,CALL,23100,2026-06-11
2026-06-11 12:00:00+05:30,347.25,354.35,346.3,347.05,48880,1577160,11.656578,23284.55,23000.0,22800,ATM-6,CALL,23100,2026-06-11
2026-06-11 12:01:00+05:30,347.0,354.7,347.0,351.8,63765,1555450,11.859112,23288.55,23000.0,22800,ATM-6,CALL,23100,2026-06-11
2026-06-11 12:02:00+05:30,353.6,354.15,348.0,349.75,16965,1554410,11.906778,23285.7,23000.0,22800,ATM-6,CALL,23100,2026-06-11
2026-06-11 12:03:00+05:30,350.4,355.2,348.45,352.55,34450,1551810,11.795224,23290.0,23000.0,22800,ATM-6,CALL,23100,2026-06-11
2026-06-11 12:04:00+05:30,352.05,353.05,347.5,348.5,18915,1558115,11.611007,23286.7,23000.0,22800,ATM-6,CALL,23100,2026-06-11
2026-06-11 12:05:00+05:30,349.0,350.9,340.0,342.15,46670,1551485,11.366733,23281.15,23000.0,22800,ATM-6,CALL,23100,2026-06-11
2026-06-11 12:06:00+05:30,346.5,348.15,341.55,346.3,29055,1554800,11.847686,23282.1,23000.0,22800,ATM-6,CALL,23100,2026-06-11
2026-06-11 12:07:00+05:30,348.25,356.0,346.3,355.15,71630,1564550,12.134873,23290.3,23000.0,22800,ATM-6,CALL,23100,2026-06-11
2026-06-11 12:08:00+05:30,356.05,356.9,347.0,349.95,31135,1565655,12.058946,23284.7,23000.0,22800,ATM-6,CALL,23100,2026-06-11
2026-06-11 12:09:00+05:30,350.0,351.3,346.55,347.2,24310,1570010,11.843614,23283.25,23000.0,22800,ATM-6,CALL,23100,2026-06-11
2026-06-11 12:10:00+05:30,346.55,348.35,341.95,343.5,36725,1565395,11.85565,23278.7,23000.0,22800,ATM-6,CALL,23100,2026-06-11
2026-06-11 12:11:00+05:30,343.8,346.4,338.85,341.25,32565,1567215,11.675742,23277.55,23000.0,22800,ATM-6,CALL,23100,2026-06-11
2026-06-11 12:12:00+05:30,341.15,346.0,340.0,345.85,15405,1565850,11.65569,23283.25,23000.0,22800,ATM-6,CALL,23100,2026-06-11
2026-06-11 12:13:00+05:30,346.5,350.0,343.85,349.45,35100,1571180,11.789427,23286.45,23000.0,22800,ATM-6,CALL,23100,2026-06-11
2026-06-11 12:14:00+05:30,345.5,350.0,344.0,350.0,15145,1571700,11.737619,23287.55,23000.0,22800,ATM-6,CALL,23100,2026-06-11
2026-06-11 12:15:00+05:30,350.65,365.55,350.0,362.7,153010,1563705,11.930329,23301.1,23000.0,22800,ATM-6,CALL,23100,2026-06-11
2026-06-11 12:16:00+05:30,362.35,367.0,354.2,366.1,55445,1557855,12.022642,23304.4,23000.0,22800,ATM-6,CALL,23100,2026-06-11
2026-06-11 12:17:00+05:30,365.4,369.5,356.7,358.75,70265,1566565,11.779391,23297.65,23000.0,22800,ATM-6,CALL,23100,2026-06-11
2026-06-11 12:18:00+05:30,357.1,359.15,354.0,354.25,32500,1566565,11.532479,23294.3,23000.0,22800,ATM-6,CALL,23100,2026-06-11
2026-06-11 12:19:00+05:30,354.25,357.05,349.15,349.15,29445,1570790,11.37864,23289.5,23000.0,22800,ATM-6,CALL,23100,2026-06-11
2026-06-11 12:20:00+05:30,350.0,353.05,344.7,345.15,31395,1570790,11.480153,23283.95,23000.0,22800,ATM-6,CALL,23100,2026-06-11
2026-06-11 12:21:00+05:30,345.5,349.25,342.55,346.6,31525,1570985,11.779976,23283.2,23000.0,22800,ATM-6,CALL,23100,2026-06-11
2026-06-11 12:22:00+05:30,347.5,352.7,346.5,351.0,17550,1567280,11.914823,23287.35,23000.0,22800,ATM-6,CALL,23100,2026-06-11
2026-06-11 12:23:00+05:30,350.6,357.6,348.15,354.6,25740,1571050,11.709831,23293.35,23000.0,22800,ATM-6,CALL,23100,2026-06-11
2026-06-11 12:24:00+05:30,355.15,355.15,350.0,354.6,12090,1570465,11.906554,23291.75,23000.0,22800,ATM-6,CALL,23100,2026-06-11
2026-06-11 12:25:00+05:30,354.95,355.6,347.8,351.45,12610,1574495,11.821903,23288.7,23000.0,22800,ATM-6,CALL,23100,2026-06-11
2026-06-11 12:26:00+05:30,350.65,358.75,350.65,352.0,25025,1578525,11.414947,23292.65,23000.0,22800,ATM-6,CALL,23100,2026-06-11
2026-06-11 12:27:00+05:30,353.2,357.0,351.6,357.0,66690,1575730,12.122243,23292.85,23000.0,22800,ATM-6,CALL,23100,2026-06-11
2026-06-11 12:28:00+05:30,355.05,361.75,350.6,359.7,25285,1564225,11.535258,23300.8,23000.0,22800,ATM-6,CALL,23100,2026-06-11
2026-06-11 12:29:00+05:30,359.2,362.0,355.6,357.6,21970,1557725,11.630054,23297.6,23000.0,22800,ATM-6,CALL,23100,2026-06-11
2026-06-11 12:30:00+05:30,358.75,371.9,357.6,367.0,97435,1557790,11.980339,23305.95,23000.0,22800,ATM-6,CALL,23100,2026-06-11
2026-06-11 12:31:00+05:30,366.5,378.0,363.95,375.25,119145,1542125,11.937498,23316.0,23000.0,22800,ATM-6,CALL,23100,2026-06-11
2026-06-11 12:32:00+05:30,375.8,382.0,374.05,380.1,97760,1562210,12.147121,23320.1,23000.0,22800,ATM-6,CALL,23100,2026-06-11
2026-06-11 12:33:00+05:30,377.6,380.1,374.0,378.3,16900,1532115,12.39558,23316.05,23000.0,22800,ATM-6,CALL,23100,2026-06-11
2026-06-11 12:34:00+05:30,376.5,379.75,373.75,377.2,19370,1532700,11.42033,23322.05,23000.0,22800,ATM-6,CALL,23100,2026-06-11
2026-06-11 12:35:00+05:30,380.0,383.9,364.7,370.1,46345,1532245,11.518082,23313.15,23000.0,22800,ATM-6,CALL,23100,2026-06-11
2026-06-11 12:36:00+05:30,371.35,373.0,366.3,369.1,26325,1529060,12.068182,23307.8,23000.0,22800,ATM-6,CALL,23100,2026-06-11
2026-06-11 12:37:00+05:30,368.7,371.6,360.5,362.2,35165,1532115,12.827388,23293.1,23000.0,22800,ATM-6,CALL,23100,2026-06-11
2026-06-11 12:38:00+05:30,362.65,364.8,356.8,358.6,26000,1525095,12.268748,23293.65,23000.0,22800,ATM-6,CALL,23100,2026-06-11
2026-06-11 12:39:00+05:30,358.1,365.8,357.65,365.8,16770,1526070,12.810683,23297.65,23000.0,22800,ATM-6,CALL,23100,2026-06-11
2026-06-11 12:40:00+05:30,365.4,366.25,361.25,363.1,18330,1523860,12.407527,23297.9,23000.0,22800,ATM-6,CALL,23100,2026-06-11
2026-06-11 12:41:00+05:30,361.85,365.55,358.15,359.65,15600,1520870,12.244595,23295.15,23000.0,22800,ATM-6,CALL,23100,2026-06-11
2026-06-11 12:42:00+05:30,359.7,363.55,356.0,360.3,15405,1518465,12.172046,23296.55,23000.0,22800,ATM-6,CALL,23100,2026-06-11
2026-06-11 12:43:00+05:30,359.9,363.0,352.55,359.9,23790,1517945,12.474633,23293.5,23000.0,22800,ATM-6,CALL,23100,2026-06-11
2026-06-11 12:44:00+05:30,359.1,363.45,358.0,363.1,32630,1517750,12.621508,23296.1,23000.0,22800,ATM-6,CALL,23100,2026-06-11
2026-06-11 12:45:00+05:30,361.7,363.1,358.0,360.9,11700,1520935,12.437638,23295.05,23000.0,22800,ATM-6,CALL,23100,2026-06-11
2026-06-11 12:46:00+05:30,365.5,372.65,360.9,368.8,57525,1521390,12.806726,23301.4,23000.0,22800,ATM-6,CALL,23100,2026-06-11
2026-06-11 12:47:00+05:30,369.25,371.6,360.0,363.6,20410,1529645,13.01266,23293.25,23000.0,22800,ATM-6,CALL,23100,2026-06-11
2026-06-11 12:48:00+05:30,361.55,363.6,353.3,354.75,29900,1534195,12.610566,23286.1,23000.0,22800,ATM-6,CALL,23100,2026-06-11
2026-06-11 12:49:00+05:30,354.55,359.0,344.9,346.5,61230,1547390,12.669223,23275.45,23000.0,22800,ATM-6,CALL,23100,2026-06-11
2026-06-11 12:50:00+05:30,347.0,354.95,344.8,353.85,21710,1547455,12.895489,23282.4,23000.0,22800,ATM-6,CALL,23100,2026-06-11
2026-06-11 12:51:00+05:30,354.45,359.75,348.85,348.85,28210,1549925,12.376426,23281.05,23000.0,22800,ATM-6,CALL,23100,2026-06-11
2026-06-11 12:52:00+05:30,350.1,352.05,347.7,348.45,29445,1548560,12.538418,23279.1,23000.0,22800,ATM-6,CALL,23100,2026-06-11
2026-06-11 12:53:00+05:30,350.0,356.0,348.45,354.25,10270,1553955,12.709384,23284.65,23000.0,22800,ATM-6,CALL,23100,2026-06-11
2026-06-11 12:54:00+05:30,352.15,355.6,352.0,355.0,2535,1553045,13.610698,23276.95,23000.0,22800,ATM-6,CALL,23100,2026-06-11
2026-06-11 12:55:00+05:30,355.0,355.0,355.0,355.0,0,1553045,13.610699,23276.95,23000.0,22800,ATM-6,CALL,23100,2026-06-11
2026-06-11 12:56:00+05:30,349.75,358.0,348.85,352.0,46150,1555320,12.597885,23282.95,23000.0,22800,ATM-6,CALL,23100,2026-06-11
2026-06-11 12:57:00+05:30,352.8,369.9,352.0,369.9,35945,1556360,13.240449,23299.0,23000.0,22800,ATM-6,CALL,23100,2026-06-11
2026-06-11 12:58:00+05:30,369.0,376.75,368.7,374.95,49595,1553435,13.392763,23303.8,23000.0,22800,ATM-6,CALL,23100,2026-06-11
2026-06-11 12:59:00+05:30,372.9,380.7,366.9,380.7,38415,1544985,13.677317,23308.25,23000.0,22800,ATM-6,CALL,23100,2026-06-11
2026-06-11 13:00:00+05:30,379.25,394.85,379.25,392.3,213330,1533285,13.473807,23324.15,23000.0,22800,ATM-6,CALL,23100,2026-06-11
2026-06-11 13:01:00+05:30,393.0,393.8,380.0,380.0,34515,1500460,12.918516,23314.1,23000.0,22800,ATM-6,CALL,23100,2026-06-11
2026-06-11 13:02:00+05:30,380.9,383.0,371.25,377.35,34775,1499420,13.395884,23306.75,23000.0,22800,ATM-6,CALL,23100,2026-06-11
2026-06-11 13:03:00+05:30,377.1,377.35,371.4,372.0,29770,1496495,12.957808,23304.15,23000.0,22800,ATM-6,CALL,23100,2026-06-11
2026-06-11 13:04:00+05:30,372.8,374.0,369.0,369.9,18915,1503515,12.959839,23301.6,23000.0,22800,ATM-6,CALL,23100,2026-06-11
2026-06-11 13:05:00+05:30,367.85,373.95,367.85,372.0,35490,1502215,13.124802,23302.7,23000.0,22800,ATM-6,CALL,23100,2026-06-11
2026-06-11 13:06:00+05:30,372.0,373.3,368.05,371.65,24440,1496820,13.212502,23301.5,23000.0,22800,ATM-6,CALL,23100,2026-06-11
2026-06-11 13:07:00+05:30,371.05,373.0,367.55,367.55,10725,1498120,12.929679,23299.05,23000.0,22800,ATM-6,CALL,23100,2026-06-11
2026-06-11 13:08:00+05:30,366.45,367.6,361.0,364.0,23010,1498575,13.240133,23291.9,23000.0,22800,ATM-6,CALL,23100,2026-06-11
2026-06-11 13:09:00+05:30,366.0,366.0,352.85,352.85,36530,1497665,12.975097,23280.65,23000.0,22800,ATM-6,CALL,23100,2026-06-11
2026-06-11 13:10:00+05:30,353.4,356.95,352.0,356.95,35425,1505400,13.314597,23282.5,23000.0,22800,ATM-6,CALL,23100,2026-06-11
2026-06-11 13:11:00+05:30,356.4,357.05,349.0,352.0,14820,1506830,13.045833,23278.95,23000.0,22800,ATM-6,CALL,23100,2026-06-11
2026-06-11 13:12:00+05:30,390.0,390.0,379.9,383.6,4485,159965,13.085222,23267.45,22950.0,22800,ATM-6,CALL,23100,2026-06-11
2026-06-11 13:13:00+05:30,383.0,384.6,378.0,378.65,1495,161005,13.219536,23260.35,22950.0,22800,ATM-6,CALL,23100,2026-06-11
2026-06-11 13:14:00+05:30,377.35,381.2,377.35,379.55,1365,161980,13.447021,23259.45,22950.0,22800,ATM-6,CALL,23100,2026-06-11
2026-06-11 13:15:00+05:30,380.5,380.5,378.0,379.45,1495,162370,13.344337,23260.25,22950.0,22800,ATM-6,CALL,23100,2026-06-11
2026-06-11 13:16:00+05:30,382.8,383.95,375.0,377.5,2730,162760,13.64292,23255.2,22950.0,22800,ATM-6,CALL,23100,2026-06-11
2026-06-11 13:17:00+05:30,375.05,384.15,370.0,381.3,11765,163605,13.259944,23263.25,22950.0,22800,ATM-6,CALL,23100,2026-06-11
2026-06-11 13:18:00+05:30,380.0,381.3,372.75,376.85,1885,163735,13.716369,23253.75,22950.0,22800,ATM-6,CALL,23100,2026-06-11
2026-06-11 13:19:00+05:30,376.85,376.85,372.1,372.1,1300,163150,13.035299,23254.1,22950.0,22800,ATM-6,CALL,23100,2026-06-11
2026-06-11 13:20:00+05:30,371.6,373.95,363.4,364.6,5330,163930,12.412943,23250.4,22950.0,22800,ATM-6,CALL,23100,2026-06-11
2026-06-11 13:21:00+05:30,360.0,364.6,352.0,352.0,4615,165425,11.995875,23238.8,22950.0,22800,ATM-6,CALL,23100,2026-06-11
2026-06-11 13:22:00+05:30,352.0,352.5,348.2,348.2,7345,164385,12.655053,23228.4,22950.0,22800,ATM-6,CALL,23100,2026-06-11
2026-06-11 13:23:00+05:30,347.75,366.85,347.75,361.5,11245,164255,12.749849,23243.8,22950.0,22800,ATM-6,CALL,23100,2026-06-11
2026-06-11 13:24:00+05:30,361.1,361.6,356.4,361.6,8450,171730,13.259684,23239.3,22950.0,22800,ATM-6,CALL,23100,2026-06-11
2026-06-11 13:25:00+05:30,361.85,361.95,351.7,351.85,3315,172120,12.667238,23232.8,22950.0,22800,ATM-6,CALL,23100,2026-06-11
2026-06-11 13:26:00+05:30,350.0,351.85,342.0,345.45,5200,172770,12.651207,23225.1,22950.0,22800,ATM-6,CALL,23100,2026-06-11
2026-06-11 13:27:00+05:30,347.55,352.4,345.45,348.0,8580,171925,12.392495,23230.6,22950.0,22800,ATM-6,CALL,23100,2026-06-11
2026-06-11 13:28:00+05:30,347.9,356.2,347.0,353.55,2665,176475,12.778844,23233.9,22950.0,22800,ATM-6,CALL,23100,2026-06-11
2026-06-11 13:29:00+05:30,353.3,360.45,353.3,358.8,8775,177190,12.486389,23242.9,22950.0,22800,ATM-6,CALL,23100,2026-06-11
2026-06-11 13:30:00+05:30,362.0,380.0,358.8,373.6,12155,172965,12.865837,23257.5,22950.0,22800,ATM-6,CALL,23100,2026-06-11
2026-06-11 13:31:00+05:30,370.0,373.6,365.2,365.2,3640,174850,11.726316,23256.7,22950.0,22800,ATM-6,CALL,23100,2026-06-11
2026-06-11 13:32:00+05:30,372.25,378.7,365.2,375.65,9620,173485,12.524765,23262.8,22950.0,22800,ATM-6,CALL,23100,2026-06-11
2026-06-11 13:33:00+05:30,376.4,382.55,371.45,372.0,9360,171535,12.489907,23258.75,22950.0,22800,ATM-6,CALL,23100,2026-06-11
2026-06-11 13:34:00+05:30,369.6,372.0,359.1,360.25,3575,172120,12.608665,23243.65,22950.0,22800,ATM-6,CALL,23100,2026-06-11
2026-06-11 13:35:00+05:30,362.45,368.0,359.0,363.55,5525,171275,12.449679,23249.0,22950.0,22800,ATM-6,CALL,23100,2026-06-11
2026-06-11 13:36:00+05:30,364.25,371.95,363.55,371.95,1950,170235,12.781506,23256.3,22950.0,22800,ATM-6,CALL,23100,2026-06-11
2026-06-11 13:37:00+05:30,369.75,371.95,363.45,363.45,1950,170495,12.18407,23251.1,22950.0,22800,ATM-6,CALL,23100,2026-06-11
2026-06-11 13:38:00+05:30,363.4,363.45,353.75,355.7,2405,170820,12.117877,23242.4,22950.0,22800,ATM-6,CALL,23100,2026-06-11
2026-06-11 13:39:00+05:30,354.75,356.1,347.7,348.15,8125,167180,12.190688,23232.7,22950.0,22800,ATM-6,CALL,23100,2026-06-11
2026-06-11 13:40:00+05:30,352.2,356.35,346.55,346.55,2925,166985,11.961728,23232.75,22950.0,22800,ATM-6,CALL,23100,2026-06-11
2026-06-11 13:41:00+05:30,346.65,349.65,345.0,349.65,2730,168415,12.753614,23229.5,22950.0,22800,ATM-6,CALL,23100,2026-06-11
2026-06-11 13:42:00+05:30,351.7,352.8,349.55,349.55,2665,168350,12.71994,23229.7,22950.0,22800,ATM-6,CALL,23100,2026-06-11
2026-06-11 13:43:00+05:30,388.35,390.2,379.1,383.0,11180,310505,12.835033,23219.45,22900.0,22800,ATM-6,CALL,23100,2026-06-11
2026-06-11 13:44:00+05:30,383.4,387.7,377.65,386.45,7345,310115,12.791995,23223.9,22900.0,22800,ATM-6,CALL,23100,2026-06-11
2026-06-11 13:45:00+05:30,386.3,386.45,383.0,383.35,5850,309075,12.677016,23221.15,22900.0,22800,ATM-6,CALL,23100,2026-06-11
2026-06-11 13:46:00+05:30,342.3,350.05,338.0,350.05,3250,167570,13.004922,23227.7,22950.0,22800,ATM-6,CALL,23100,2026-06-11
2026-06-11 13:47:00+05:30,353.9,360.65,350.05,352.0,8450,164775,12.721651,23232.75,22950.0,22800,ATM-6,CALL,23100,2026-06-11
2026-06-11 13:48:00+05:30,353.6,357.65,349.35,349.35,1625,165685,12.452775,23231.95,22950.0,22800,ATM-6,CALL,23100,2026-06-11
2026-06-11 13:49:00+05:30,350.85,353.4,348.8,350.6,2145,166140,12.798482,23230.35,22950.0,22800,ATM-6,CALL,23100,2026-06-11
2026-06-11 13:50:00+05:30,389.5,393.0,385.85,387.05,1885,311155,12.852099,23224.2,22900.0,22800,ATM-6,CALL,23100,2026-06-11
2026-06-11 13:51:00+05:30,349.25,350.65,344.85,350.2,1235,167635,13.187504,23226.2,22950.0,22800,ATM-6,CALL,23100,2026-06-11
2026-06-11 13:52:00+05:30,350.7,354.2,345.1,354.2,4160,167635,13.316169,23229.95,22950.0,22800,ATM-6,CALL,23100,2026-06-11
2026-06-11 13:53:00+05:30,353.3,357.5,353.3,356.1,7280,165425,12.940255,23235.85,22950.0,22800,ATM-6,CALL,23100,2026-06-11
2026-06-11 13:54:00+05:30,355.0,357.9,351.0,354.95,2080,167180,12.934784,23234.5,22950.0,22800,ATM-6,CALL,23100,2026-06-11
2026-06-11 13:55:00+05:30,351.45,354.95,349.6,351.75,1560,166790,12.33309,23236.0,22950.0,22800,ATM-6,CALL,23100,2026-06-11
2026-06-11 13:56:00+05:30,355.65,358.05,351.75,358.05,2925,167960,12.715214,23240.3,22950.0,22800,ATM-6,CALL,23100,2026-06-11
2026-06-11 13:57:00+05:30,358.75,362.75,355.05,356.25,3250,167440,12.582098,23239.3,22950.0,22800,ATM-6,CALL,23100,2026-06-11
2026-06-11 13:58:00+05:30,358.35,365.4,356.25,365.4,3770,167180,12.851218,23248.05,22950.0,22800,ATM-6,CALL,23100,2026-06-11
2026-06-11 13:59:00+05:30,363.75,365.4,349.25,352.85,1300,167765,12.824024,23233.0,22950.0,22800,ATM-6,CALL,23100,2026-06-11
2026-06-11 14:00:00+05:30,353.0,359.0,350.0,357.95,2275,168285,12.718067,23240.2,22950.0,22800,ATM-6,CALL,23100,2026-06-11
2026-06-11 14:01:00+05:30,358.0,358.55,355.0,356.1,1495,167895,12.950825,23235.85,22950.0,22800,ATM-6,CALL,23100,2026-06-11
2026-06-11 14:02:00+05:30,354.5,356.1,352.65,353.75,2210,166855,12.969503,23232.8,22950.0,22800,ATM-6,CALL,23100,2026-06-11
2026-06-11 14:03:00+05:30,357.0,357.0,353.55,353.9,1885,166465,12.611781,23236.25,22950.0,22800,ATM-6,CALL,23100,2026-06-11
2026-06-11 14:04:00+05:30,353.15,355.35,350.0,350.7,3185,167050,12.157027,23236.35,22950.0,22800,ATM-6,CALL,23100,2026-06-11
2026-06-11 14:05:00+05:30,353.65,353.65,345.0,349.55,3445,166855,12.468628,23232.25,22950.0,22800,ATM-6,CALL,23100,2026-06-11
2026-06-11 14:06:00+05:30,355.2,355.2,349.55,353.0,1625,166465,12.869597,23232.85,22950.0,22800,ATM-6,CALL,23100,2026-06-11
2026-06-11 14:07:00+05:30,389.95,394.65,376.8,376.8,6045,322205,11.843186,23220.0,22900.0,22800,ATM-6,CALL,23100,2026-06-11
2026-06-11 14:08:00+05:30,377.75,379.0,369.5,369.5,17030,321295,12.034614,23210.05,22900.0,22800,ATM-6,CALL,23100,2026-06-11
2026-06-11 14:09:00+05:30,369.2,376.35,364.95,375.1,10660,321360,12.554898,23212.6,22900.0,22800,ATM-6,CALL,23100,2026-06-11
2026-06-11 14:10:00+05:30,373.05,382.9,372.15,374.8,7605,325455,12.257103,23214.6,22900.0,22800,ATM-6,CALL,23100,2026-06-11
2026-06-11 14:11:00+05:30,375.15,377.15,369.2,375.2,2340,327080,12.509955,23213.1,22900.0,22800,ATM-6,CALL,23100,2026-06-11
2026-06-11 14:12:00+05:30,374.25,376.5,371.0,373.35,3185,327275,12.573654,23210.4,22900.0,22800,ATM-6,CALL,23100,2026-06-11
2026-06-11 14:13:00+05:30,374.45,385.0,372.75,384.7,2405,328120,12.6515,23223.25,22900.0,22800,ATM-6,CALL,23100,2026-06-11
2026-06-11 14:14:00+05:30,384.7,388.15,379.75,380.3,3965,327275,12.428504,23219.8,22900.0,22800,ATM-6,CALL,23100,2026-06-11
2026-06-11 14:15:00+05:30,381.0,383.4,376.3,378.05,4550,329160,12.675947,23215.2,22900.0,22800,ATM-6,CALL,23100,2026-06-11
2026-06-11 14:16:00+05:30,379.25,385.0,378.05,379.5,1755,329095,12.75486,23216.3,22900.0,22800,ATM-6,CALL,23100,2026-06-11
2026-06-11 14:17:00+05:30,378.0,379.5,376.1,376.1,1820,329940,12.507757,23214.25,22900.0,22800,ATM-6,CALL,23100,2026-06-11
2026-06-11 14:18:00+05:30,376.0,376.1,367.85,367.85,3835,331175,12.06197,23208.0,22900.0,22800,ATM-6,CALL,23100,2026-06-11
2026-06-11 14:19:00+05:30,368.0,380.0,367.0,380.0,3055,332020,12.770754,23216.8,22900.0,22800,ATM-6,CALL,23100,2026-06-11
2026-06-11 14:20:00+05:30,379.8,387.25,379.8,384.5,7085,330005,12.662993,23223.0,22900.0,22800,ATM-6,CALL,23100,2026-06-11
2026-06-11 14:21:00+05:30,385.35,387.35,381.85,386.0,5460,330395,13.286707,23219.75,22900.0,22800,ATM-6,CALL,23100,2026-06-11
2026-06-11 14:22:00+05:30,380.6,386.0,380.3,384.25,9880,331110,13.004596,23220.0,22900.0,22800,ATM-6,CALL,23100,2026-06-11
2026-06-11 14:23:00+05:30,383.0,384.25,371.15,371.15,3575,330850,12.406348,23209.25,22900.0,22800,ATM-6,CALL,23100,2026-06-11
2026-06-11 14:24:00+05:30,372.05,374.2,371.1,374.2,2990,332150,13.188121,23206.4,22900.0,22800,ATM-6,CALL,23100,2026-06-11
2026-06-11 14:25:00+05:30,375.1,380.0,374.2,380.0,2665,332670,12.809956,23216.55,22900.0,22800,ATM-6,CALL,23100,2026-06-11
2026-06-11 14:26:00+05:30,339.8,348.0,338.9,348.0,2210,166530,13.068529,23225.05,22950.0,22800,ATM-6,CALL,23100,2026-06-11
2026-06-11 14:27:00+05:30,346.7,351.55,346.2,350.0,3770,166075,13.193524,23226.35,22950.0,22800,ATM-6,CALL,23100,2026-06-11
2026-06-11 14:28:00+05:30,356.6,368.15,350.0,368.15,6175,166530,12.871717,23251.55,22950.0,22800,ATM-6,CALL,23100,2026-06-11
2026-06-11 14:29:00+05:30,368.8,368.8,357.0,357.0,5070,166725,12.516495,23241.15,22950.0,22800,ATM-6,CALL,23100,2026-06-11
2026-06-11 14:30:00+05:30,351.25,362.6,349.3,361.15,3900,168025,12.600745,23245.45,22950.0,22800,ATM-6,CALL,23100,2026-06-11
2026-06-11 14:31:00+05:30,356.2,361.15,354.45,356.3,1885,167960,12.542519,23240.1,22950.0,22800,ATM-6,CALL,23100,2026-06-11
2026-06-11 14:32:00+05:30,355.75,356.55,350.85,353.9,4095,166920,11.797257,23243.45,22950.0,22800,ATM-6,CALL,23100,2026-06-11
2026-06-11 14:33:00+05:30,355.5,355.5,345.0,345.6,2405,167570,12.324,23229.05,22950.0,22800,ATM-6,CALL,23100,2026-06-11
2026-06-11 14:34:00+05:30,345.9,349.1,343.85,347.5,2145,167440,12.286582,23231.7,22950.0,22800,ATM-6,CALL,23100,2026-06-11
2026-06-11 14:35:00+05:30,347.35,353.9,347.15,348.05,3900,169000,11.707368,23237.25,22950.0,22800,ATM-6,CALL,23100,2026-06-11
2026-06-11 14:36:00+05:30,390.2,391.0,375.05,375.45,5525,318175,12.55629,23213.3,22900.0,22800,ATM-6,CALL,23100,2026-06-11
2026-06-11 14:37:00+05:30,334.95,339.2,323.45,337.4,8060,168155,11.524858,23226.05,22950.0,22800,ATM-6,CALL,23100,2026-06-11
2026-06-11 14:38:00+05:30,383.3,383.3,370.4,373.3,5330,315185,11.539573,23218.4,22900.0,22800,ATM-6,CALL,23100,2026-06-11
2026-06-11 14:39:00+05:30,372.15,373.3,358.1,369.35,28405,319345,11.061974,23217.1,22900.0,22800,ATM-6,CALL,23100,2026-06-11
2026-06-11 14:40:00+05:30,368.85,369.35,360.0,362.55,7800,332865,11.216815,23208.25,22900.0,22800,ATM-6,CALL,23100,2026-06-11
2026-06-11 14:41:00+05:30,360.65,363.5,355.95,363.5,16575,322205,10.537587,23213.8,22900.0,22800,ATM-6,CALL,23100,2026-06-11
2026-06-11 14:42:00+05:30,363.9,365.35,356.45,359.4,8320,324805,10.295716,23210.65,22900.0,22800,ATM-6,CALL,23100,2026-06-11
2026-06-11 14:43:00+05:30,358.3,360.35,345.1,345.1,8515,324805,9.836278,23197.3,22900.0,22800,ATM-6,CALL,23100,2026-06-11
2026-06-11 14:44:00+05:30,345.45,350.5,343.1,348.65,4485,325780,10.021206,23200.2,22900.0,22800,ATM-6,CALL,23100,2026-06-11
2026-06-11 14:45:00+05:30,349.8,349.8,345.0,346.95,11440,323960,10.188893,23197.25,22900.0,22800,ATM-6,CALL,23100,2026-06-11
2026-06-11 14:46:00+05:30,345.75,354.7,340.15,340.45,22100,335335,9.849776,23192.0,22900.0,22800,ATM-6,CALL,23100,2026-06-11
2026-06-11 14:47:00+05:30,375.55,382.95,360.0,362.25,10465,79625,9.755549,23167.1,22850.0,22800,ATM-6,CALL,23100,2026-06-11
2026-06-11 14:48:00+05:30,322.9,336.4,321.8,335.3,12155,328575,10.704654,23180.35,22900.0,22800,ATM-6,CALL,23100,2026-06-11
2026-06-11 14:49:00+05:30,336.4,344.0,334.0,342.25,11440,333450,10.005657,23193.1,22900.0,22800,ATM-6,CALL,23100,2026-06-11
2026-06-11 14:50:00+05:30,375.4,383.6,365.7,366.75,4615,80990,9.623983,23172.75,22850.0,22800,ATM-6,CALL,23100,2026-06-11
2026-06-11 14:51:00+05:30,369.6,374.4,366.75,368.45,2470,80405,10.057199,23172.4,22850.0,22800,ATM-6,CALL,23100,2026-06-11
2026-06-11 14:52:00+05:30,371.4,371.4,365.6,365.8,2795,79365,9.747511,23171.1,22850.0,22800,ATM-6,CALL,23100,2026-06-11
2026-06-11 14:53:00+05:30,365.6,372.0,365.35,370.0,2080,78650,10.082514,23174.0,22850.0,22800,ATM-6,CALL,23100,2026-06-11
2026-06-11 14:54:00+05:30,368.15,370.0,365.15,368.4,520,78520,10.179737,23171.7,22850.0,22800,ATM-6,CALL,23100,2026-06-11
2026-06-11 14:55:00+05:30,367.6,371.6,365.7,369.5,715,78520,10.239995,23172.6,22850.0,22800,ATM-6,CALL,23100,2026-06-11
2026-06-11 14:56:00+05:30,370.5,370.5,366.7,369.75,1495,78520,10.677389,23170.35,22850.0,22800,ATM-6,CALL,23100,2026-06-11
2026-06-11 14:57:00+05:30,358.25,369.75,358.25,364.65,2210,77480,10.411929,23166.2,22850.0,22800,ATM-6,CALL,23100,2026-06-11
2026-06-11 14:58:00+05:30,365.4,367.55,364.65,367.55,2015,76765,9.85984,23172.5,22850.0,22800,ATM-6,CALL,23100,2026-06-11
2026-06-11 14:59:00+05:30,330.0,331.5,324.0,329.55,11245,343590,10.247252,23177.05,22900.0,22800,ATM-6,CALL,23100,2026-06-11
2026-06-11 15:00:00+05:30,369.75,386.05,360.75,362.25,2535,76505,11.815546,23154.0,22850.0,22800,ATM-6,CALL,23100,2026-06-11
2026-06-11 15:01:00+05:30,356.05,362.25,348.2,354.75,4290,75660,10.708866,23153.15,22850.0,22800,ATM-6,CALL,23100,2026-06-11
2026-06-11 15:02:00+05:30,352.05,355.85,344.15,355.3,3055,75010,9.884419,23158.8,22850.0,22800,ATM-6,CALL,23100,2026-06-11
2026-06-11 15:03:00+05:30,352.8,355.3,349.0,352.5,3250,73970,9.407975,23158.25,22850.0,22800,ATM-6,CALL,23100,2026-06-11
2026-06-11 15:04:00+05:30,352.15,353.1,349.05,349.05,1170,72930,10.945553,23145.0,22850.0,22800,ATM-6,CALL,23100,2026-06-11
2026-06-11 15:05:00+05:30,346.2,349.5,343.9,349.15,1820,72930,10.59126,23147.55,22850.0,22800,ATM-6,CALL,23100,2026-06-11
2026-06-11 15:06:00+05:30,348.05,349.75,340.8,342.1,2015,72410,10.606094,23139.35,22850.0,22800,ATM-6,CALL,23100,2026-06-11
2026-06-11 15:07:00+05:30,340.45,348.7,340.4,348.7,1495,72150,10.43141,23148.1,22850.0,22800,ATM-6,CALL,23100,2026-06-11
2026-06-11 15:08:00+05:30,352.8,353.45,348.7,351.75,2860,71955,12.453424,23136.4,22850.0,22800,ATM-6,CALL,23100,2026-06-11
2026-06-11 15:09:00+05:30,348.45,355.35,348.45,353.65,2145,71955,11.827861,23143.85,22850.0,22800,ATM-6,CALL,23100,2026-06-11
2026-06-11 15:10:00+05:30,358.0,363.65,353.65,363.65,2210,70395,12.328979,23151.75,22850.0,22800,ATM-6,CALL,23100,2026-06-11
2026-06-11 15:11:00+05:30,366.35,366.35,358.1,359.2,3250,69615,12.609745,23144.1,22850.0,22800,ATM-6,CALL,23100,2026-06-11
2026-06-11 15:12:00+05:30,357.45,365.0,355.1,365.0,1300,69485,12.554043,23151.55,22850.0,22800,ATM-6,CALL,23100,2026-06-11
2026-06-11 15:13:00+05:30,367.15,371.55,365.0,371.55,715,69030,12.239079,23161.85,22850.0,22800,ATM-6,CALL,23100,2026-06-11
2026-06-11 15:14:00+05:30,371.55,373.0,366.25,367.4,1040,68705,11.003488,23165.8,22850.0,22800,ATM-6,CALL,23100,2026-06-11
2026-06-11 15:15:00+05:30,366.65,367.4,357.55,366.45,8645,68900,10.739823,23166.4,22850.0,22800,ATM-6,CALL,23100,2026-06-11
2026-06-11 15:16:00+05:30,328.2,340.7,327.4,339.9,11180,327535,11.422128,23180.55,22900.0,22800,ATM-6,CALL,23100,2026-06-11
2026-06-11 15:17:00+05:30,341.0,342.65,338.25,340.95,6370,325390,11.410395,23181.9,22900.0,22800,ATM-6,CALL,23100,2026-06-11
2026-06-11 15:18:00+05:30,339.85,341.0,333.8,335.0,23855,331240,10.585319,23181.15,22900.0,22800,ATM-6,CALL,23100,2026-06-11
2026-06-11 15:19:00+05:30,371.85,374.1,367.15,370.35,910,64220,10.546558,23172.0,22850.0,22800,ATM-6,CALL,23100,2026-06-11
2026-06-11 15:20:00+05:30,330.4,335.0,330.4,333.6,12025,334165,10.768158,23178.2,22900.0,22800,ATM-6,CALL,23100,2026-06-11
2026-06-11 15:21:00+05:30,335.0,338.0,332.95,332.95,17940,341185,10.87422,23176.65,22900.0,22800,ATM-6,CALL,23100,2026-06-11
2026-06-11 15:22:00+05:30,370.65,372.95,368.7,368.7,1755,62790,10.592204,23169.9,22850.0,22800,ATM-6,CALL,23100,2026-06-11
2026-06-11 15:23:00+05:30,368.0,373.5,364.9,372.8,1430,62790,11.180268,23170.9,22850.0,22800,ATM-6,CALL,23100,2026-06-11
2026-06-11 15:24:00+05:30,373.3,374.65,372.75,374.65,2015,62855,11.089055,23173.6,22850.0,22800,ATM-6,CALL,23100,2026-06-11
2026-06-11 15:25:00+05:30,373.55,383.65,373.55,382.85,3575,62400,12.350974,23174.4,22850.0,22800,ATM-6,CALL,23100,2026-06-11
2026-06-11 15:26:00+05:30,345.0,350.0,340.0,347.65,31590,338455,12.97381,23176.6,22900.0,22800,ATM-6,CALL,23100,2026-06-11
2026-06-11 15:27:00+05:30,346.4,348.95,344.8,345.9,9880,337740,12.465158,23179.1,22900.0,22800,ATM-6,CALL,23100,2026-06-11
2026-06-11 15:28:00+05:30,347.35,347.6,344.8,347.55,11570,339495,12.585881,23180.05,22900.0,22800,ATM-6,CALL,23100,2026-06-11
2026-06-11 15:29:00+05:30,347.15,351.6,346.5,349.95,13000,339625,12.173447,23186.55,22900.0,22800,ATM-6,CALL,23100,2026-06-11
2026-06-11 09:15:00+05:30,53.0,58.85,51.0,56.5,1008865,3434015,15.731465,23104.4,22800.0,22800,ATM-6,PUT,23100,2026-06-11
2026-06-11 09:16:00+05:30,57.5,61.35,56.5,61.25,589940,3590795,15.702703,23082.3,22800.0,22800,ATM-6,PUT,23100,2026-06-11
2026-06-11 09:17:00+05:30,61.3,66.25,61.25,62.45,656305,3653065,16.12742,23092.9,22800.0,22800,ATM-6,PUT,23100,2026-06-11
2026-06-11 09:18:00+05:30,61.2,62.45,57.0,58.5,407225,3666130,15.858561,23100.1,22800.0,22800,ATM-6,PUT,23100,2026-06-11
2026-06-11 09:19:00+05:30,58.25,58.5,54.65,55.35,458900,3714230,15.894885,23115.85,22800.0,22800,ATM-6,PUT,23100,2026-06-11
2026-06-11 09:20:00+05:30,66.45,68.5,62.05,62.15,176345,2668055,15.677602,23128.6,22850.0,22800,ATM-6,PUT,23100,2026-06-11
2026-06-11 09:21:00+05:30,62.65,62.7,59.3,60.25,157560,2693600,15.83093,23142.45,22850.0,22800,ATM-6,PUT,23100,2026-06-11
2026-06-11 09:22:00+05:30,60.15,62.75,58.75,59.9,167960,2708485,15.803019,23142.9,22850.0,22800,ATM-6,PUT,23100,2026-06-11
2026-06-11 09:23:00+05:30,59.9,62.2,59.25,61.95,133380,2724800,15.836649,23135.25,22850.0,22800,ATM-6,PUT,23100,2026-06-11
2026-06-11 09:24:00+05:30,50.85,55.0,50.45,54.1,301015,3837665,15.771963,23116.8,22800.0,22800,ATM-6,PUT,23100,2026-06-11
2026-06-11 09:25:00+05:30,53.9,55.25,53.15,54.45,288795,3850275,15.613584,23109.0,22800.0,22800,ATM-6,PUT,23100,2026-06-11
2026-06-11 09:26:00+05:30,54.9,55.9,53.55,54.25,304330,3838640,15.551318,23107.5,22800.0,22800,ATM-6,PUT,23100,2026-06-11
2026-06-11 09:27:00+05:30,54.75,58.35,53.85,56.2,345280,3827850,15.628845,23101.45,22800.0,22800,ATM-6,PUT,23100,2026-06-11
2026-06-11 09:28:00+05:30,55.95,56.2,52.6,52.95,266240,3826485,15.655371,23117.6,22800.0,22800,ATM-6,PUT,23100,2026-06-11
2026-06-11 09:29:00+05:30,52.65,53.5,51.0,52.8,221390,3903185,15.748088,23121.9,22800.0,22800,ATM-6,PUT,23100,2026-06-11
2026-06-11 09:30:00+05:30,52.75,56.45,52.55,55.9,176345,3924440,15.828168,23110.35,22800.0,22800,ATM-6,PUT,23100,2026-06-11
2026-06-11 09:31:00+05:30,56.05,57.3,53.45,53.45,289380,3940755,15.701298,23116.9,22800.0,22800,ATM-6,PUT,23100,2026-06-11
2026-06-11 09:32:00+05:30,52.7,53.75,50.95,53.65,205595,3980470,15.650574,23113.95,22800.0,22800,ATM-6,PUT,23100,2026-06-11
2026-06-11 09:33:00+05:30,54.1,57.25,53.65,56.85,300495,3997435,15.7156,23101.6,22800.0,22800,ATM-6,PUT,23100,2026-06-11
2026-06-11 09:34:00+05:30,57.1,57.15,53.85,54.3,177905,4040725,15.62014,23109.65,22800.0,22800,ATM-6,PUT,23100,2026-06-11
2026-06-11 09:35:00+05:30,54.8,58.3,54.3,58.3,252525,4012775,15.766635,23096.95,22800.0,22800,ATM-6,PUT,23100,2026-06-11
2026-06-11 09:36:00+05:30,58.05,58.3,53.75,53.75,227110,4079075,15.624944,23112.35,22800.0,22800,ATM-6,PUT,23100,2026-06-11
2026-06-11 09:37:00+05:30,53.75,54.3,51.45,52.5,159965,4058665,15.652828,23119.35,22800.0,22800,ATM-6,PUT,23100,2026-06-11
2026-06-11 09:38:00+05:30,63.55,63.9,59.45,60.45,184210,2869035,15.534306,23129.95,22850.0,22800,ATM-6,PUT,23100,2026-06-11
2026-06-11 09:39:00+05:30,60.3,60.45,57.9,59.0,198900,2869945,15.431598,23132.35,22850.0,22800,ATM-6,PUT,23100,2026-06-11
2026-06-11 09:40:00+05:30,48.45,50.9,48.35,50.9,178490,4089215,15.467596,23119.75,22800.0,22800,ATM-6,PUT,23100,2026-06-11
2026-06-11 09:41:00+05:30,50.85,51.3,49.5,50.2,138580,4093635,15.396505,23120.35,22800.0,22800,ATM-6,PUT,23100,2026-06-11
2026-06-11 09:42:00+05:30,49.9,51.5,49.1,50.7,112905,4128605,15.450814,23120.0,22800.0,22800,ATM-6,PUT,23100,2026-06-11
2026-06-11 09:43:00+05:30,61.4,61.75,55.85,56.05,202085,2973880,15.326358,23141.3,22850.0,22800,ATM-6,PUT,23100,2026-06-11
2026-06-11 09:44:00+05:30,56.15,56.45,54.5,55.65,129415,3000790,15.357313,23144.25,22850.0,22800,ATM-6,PUT,23100,2026-06-11
2026-06-11 09:45:00+05:30,55.75,57.2,53.95,55.1,105560,3026530,15.329328,23145.65,22850.0,22800,ATM-6,PUT,23100,2026-06-11
2026-06-11 09:46:00+05:30,54.95,56.2,53.3,53.75,48165,3027180,15.397295,23154.45,22850.0,22800,ATM-6,PUT,23100,2026-06-11
2026-06-11 09:47:00+05:30,53.9,56.2,53.75,56.1,81185,3022175,15.556527,23149.7,22850.0,22800,ATM-6,PUT,23100,2026-06-11
2026-06-11 09:48:00+05:30,56.0,58.0,55.35,58.0,67405,3038100,15.566145,23141.5,22850.0,22800,ATM-6,PUT,23100,2026-06-11
2026-06-11 09:49:00+05:30,57.9,58.0,54.75,55.05,61360,3038815,15.526714,23153.3,22850.0,22800,ATM-6,PUT,23100,2026-06-11
2026-06-11 09:50:00+05:30,54.8,56.9,51.65,52.25,153205,3039400,15.436088,23162.9,22850.0,22800,ATM-6,PUT,23100,2026-06-11
2026-06-11 09:51:00+05:30,52.9,53.1,50.95,51.8,153985,3063515,15.499454,23167.5,22850.0,22800,ATM-6,PUT,23100,2026-06-11
2026-06-11 09:52:00+05:30,51.95,53.5,51.3,51.95,52000,3074110,15.603162,23170.8,22850.0,22800,ATM-6,PUT,23100,2026-06-11
2026-06-11 09:53:00+05:30,51.75,52.85,51.0,51.6,60775,3075670,15.598979,23172.3,22850.0,22800,ATM-6,PUT,23100,2026-06-11
2026-06-11 09:54:00+05:30,51.65,54.95,51.6,54.75,74685,3078140,15.470228,23152.35,22850.0,22800,ATM-6,PUT,23100,2026-06-11
2026-06-11 09:55:00+05:30,54.3,56.7,54.2,56.05,190775,3075605,15.351139,23141.85,22850.0,22800,ATM-6,PUT,23100,2026-06-11
2026-06-11 09:56:00+05:30,56.2,56.75,54.5,56.75,62400,3076125,15.399247,23140.5,22850.0,22800,ATM-6,PUT,23100,2026-06-11
2026-06-11 09:57:00+05:30,57.05,58.85,56.7,58.75,98670,3066440,15.385879,23131.15,22850.0,22800,ATM-6,PUT,23100,2026-06-11
2026-06-11 09:58:00+05:30,48.0,50.15,47.95,50.15,272545,4375215,15.261002,23114.7,22800.0,22800,ATM-6,PUT,23100,2026-06-11
2026-06-11 09:59:00+05:30,49.8,50.8,48.3,49.7,204295,4370860,15.279591,23117.6,22800.0,22800,ATM-6,PUT,23100,2026-06-11
2026-06-11 10:00:00+05:30,60.8,60.8,57.15,57.65,108160,3049020,15.234745,23130.2,22850.0,22800,ATM-6,PUT,23100,2026-06-11
2026-06-11 10:01:00+05:30,57.05,57.8,56.25,57.3,74945,3059550,15.255964,23132.5,22850.0,22800,ATM-6,PUT,23100,2026-06-11
2026-06-11 10:02:00+05:30,46.8,48.8,46.5,48.15,111280,4316130,15.22124,23122.9,22800.0,22800,ATM-6,PUT,23100,2026-06-11
2026-06-11 10:03:00+05:30,48.15,49.85,46.15,49.0,126620,4321525,15.27767,23120.85,22800.0,22800,ATM-6,PUT,23100,2026-06-11
2026-06-11 10:04:00+05:30,48.95,51.25,48.25,51.2,156390,4325165,15.238648,23108.55,22800.0,22800,ATM-6,PUT,23100,2026-06-11
2026-06-11 10:05:00+05:30,50.9,51.7,49.2,49.75,237120,4317755,15.149509,23112.05,22800.0,22800,ATM-6,PUT,23100,2026-06-11
2026-06-11 10:06:00+05:30,61.05,61.2,54.85,55.2,132405,3109990,15.139638,23137.3,22850.0,22800,ATM-6,PUT,23100,2026-06-11
2026-06-11 10:07:00+05:30,55.75,56.4,52.25,52.65,78455,3101150,15.10946,23147.8,22850.0,22800,ATM-6,PUT,23100,2026-06-11
2026-06-11 10:08:00+05:30,52.85,53.6,50.45,50.55,116025,3098355,15.088474,23156.9,22850.0,22800,ATM-6,PUT,23100,2026-06-11
2026-06-11 10:09:00+05:30,50.5,52.0,49.85,52.0,91130,3099070,15.268767,23156.95,22850.0,22800,ATM-6,PUT,23100,2026-06-11
2026-06-11 10:10:00+05:30,51.95,52.05,49.9,51.0,102115,3110575,15.181548,23158.3,22850.0,22800,ATM-6,PUT,23100,2026-06-11
2026-06-11 10:11:00+05:30,50.75,51.0,49.45,50.2,82225,3135080,15.203753,23163.0,22850.0,22800,ATM-6,PUT,23100,2026-06-11
2026-06-11 10:12:00+05:30,49.8,52.05,49.75,51.3,49985,3138005,15.177767,23156.65,22850.0,22800,ATM-6,PUT,23100,2026-06-11
2026-06-11 10:13:00+05:30,51.6,51.8,50.2,50.95,49075,3137940,15.215146,23159.75,22850.0,22800,ATM-6,PUT,23100,2026-06-11
2026-06-11 10:14:00+05:30,50.85,53.3,50.35,52.7,67340,3146910,15.113653,23147.5,22850.0,22800,ATM-6,PUT,23100,2026-06-11
2026-06-11 10:15:00+05:30,52.85,52.85,50.6,50.9,66300,3144050,15.163226,23157.9,22850.0,22800,ATM-6,PUT,23100,2026-06-11
2026-06-11 10:16:00+05:30,50.4,50.9,49.1,50.15,104585,3134950,15.251559,23164.95,22850.0,22800,ATM-6,PUT,23100,2026-06-11
2026-06-11 10:17:00+05:30,50.1,50.35,48.5,49.0,61100,3138070,15.215381,23169.15,22850.0,22800,ATM-6,PUT,23100,2026-06-11
2026-06-11 10:18:00+05:30,49.3,50.45,48.15,48.45,52195,3141515,15.24423,23173.0,22850.0,22800,ATM-6,PUT,23100,2026-06-11
2026-06-11 10:19:00+05:30,59.35,59.35,57.25,57.25,196625,3700775,15.251631,23183.15,22900.0,22800,ATM-6,PUT,23100,2026-06-11
2026-06-11 10:20:00+05:30,57.2,58.45,56.6,56.7,322985,3584880,15.375997,23190.25,22900.0,22800,ATM-6,PUT,23100,2026-06-11
2026-06-11 10:21:00+05:30,57.05,59.3,56.7,59.05,236210,3557450,15.436791,23182.15,22900.0,22800,ATM-6,PUT,23100,2026-06-11
2026-06-11 10:22:00+05:30,59.0,60.1,58.5,59.7,163800,3559465,15.452742,23179.9,22900.0,22800,ATM-6,PUT,23100,2026-06-11
2026-06-11 10:23:00+05:30,59.65,59.85,58.35,59.4,205790,3565055,15.463109,23181.55,22900.0,22800,ATM-6,PUT,23100,2026-06-11
2026-06-11 10:24:00+05:30,59.3,60.55,58.95,60.0,106795,3608150,15.485162,23179.75,22900.0,22800,ATM-6,PUT,23100,2026-06-11
2026-06-11 10:25:00+05:30,60.05,60.4,59.55,60.05,123240,3633305,15.481051,23179.35,22900.0,22800,ATM-6,PUT,23100,2026-06-11
2026-06-11 10:26:00+05:30,59.8,60.05,56.85,57.2,175695,3673735,15.516911,23193.15,22900.0,22800,ATM-6,PUT,23100,2026-06-11
2026-06-11 10:27:00+05:30,57.1,57.5,54.3,54.4,403260,3665350,15.561657,23207.6,22900.0,22800,ATM-6,PUT,23100,2026-06-11
2026-06-11 10:28:00+05:30,54.45,56.95,54.1,56.35,211120,3653910,15.582481,23199.4,22900.0,22800,ATM-6,PUT,23100,2026-06-11
2026-06-11 10:29:00+05:30,56.55,56.9,55.3,56.4,100165,3685500,15.59194,23199.5,22900.0,22800,ATM-6,PUT,23100,2026-06-11
2026-06-11 10:30:00+05:30,56.4,59.1,55.15,58.6,154050,3706885,15.572328,23188.9,22900.0,22800,ATM-6,PUT,23100,2026-06-11
2026-06-11 10:31:00+05:30,58.5,59.1,55.9,55.9,175370,3727425,15.524886,23199.15,22900.0,22800,ATM-6,PUT,23100,2026-06-11
2026-06-11 10:32:00+05:30,56.0,56.95,54.55,55.25,102505,3723980,15.574807,23204.0,22900.0,22800,ATM-6,PUT,23100,2026-06-11
2026-06-11 10:33:00+05:30,55.6,57.5,55.25,56.15,71045,3730220,15.551213,23198.95,22900.0,22800,ATM-6,PUT,23100,2026-06-11
2026-06-11 10:34:00+05:30,56.3,57.2,56.1,56.8,50700,3730155,15.678144,23200.8,22900.0,22800,ATM-6,PUT,23100,2026-06-11
2026-06-11 10:35:00+05:30,56.8,56.8,55.45,56.7,100750,3719950,15.682885,23201.4,22900.0,22800,ATM-6,PUT,23100,2026-06-11
2026-06-11 10:36:00+05:30,57.0,58.45,56.7,58.0,124150,3716245,15.700857,23196.2,22900.0,22800,ATM-6,PUT,23100,2026-06-11
2026-06-11 10:37:00+05:30,57.55,59.1,57.2,58.5,81445,3736070,15.646568,23191.9,22900.0,22800,ATM-6,PUT,23100,2026-06-11
2026-06-11 10:38:00+05:30,57.85,58.5,56.85,56.85,86905,3740165,15.642908,23199.1,22900.0,22800,ATM-6,PUT,23100,2026-06-11
2026-06-11 10:39:00+05:30,56.4,57.25,55.25,55.65,115700,3734640,15.719104,23207.45,22900.0,22800,ATM-6,PUT,23100,2026-06-11
2026-06-11 10:40:00+05:30,55.65,56.75,54.9,55.2,111995,3704220,15.794566,23212.4,22900.0,22800,ATM-6,PUT,23100,2026-06-11
2026-06-11 10:41:00+05:30,55.1,57.65,54.95,57.5,107900,3701750,15.837385,23203.45,22900.0,22800,ATM-6,PUT,23100,2026-06-11
2026-06-11 10:42:00+05:30,57.25,58.0,56.5,56.5,98995,3687320,15.781948,23205.85,22900.0,22800,ATM-6,PUT,23100,2026-06-11
2026-06-11 10:43:00+05:30,56.6,57.45,56.15,57.2,54860,3692910,15.767945,23202.1,22900.0,22800,ATM-6,PUT,23100,2026-06-11
2026-06-11 10:44:00+05:30,57.4,58.35,56.75,56.9,77090,3691025,15.805343,23204.85,22900.0,22800,ATM-6,PUT,23100,2026-06-11
2026-06-11 10:45:00+05:30,57.3,59.0,56.85,56.85,94835,3704610,15.793702,23204.6,22900.0,22800,ATM-6,PUT,23100,2026-06-11
2026-06-11 10:46:00+05:30,57.15,57.35,55.6,57.05,56225,3710590,15.870979,23206.6,22900.0,22800,ATM-6,PUT,23100,2026-06-11
2026-06-11 10:47:00+05:30,57.0,57.6,56.1,56.1,47190,3700385,15.856065,23210.35,22900.0,22800,ATM-6,PUT,23100,2026-06-11
2026-06-11 10:48:00+05:30,56.25,58.0,55.75,57.1,66300,3703375,15.855126,23205.7,22900.0,22800,ATM-6,PUT,23100,2026-06-11
2026-06-11 10:49:00+05:30,57.05,58.8,56.95,58.8,54470,3707730,15.741638,23193.75,22900.0,22800,ATM-6,PUT,23100,2026-06-11
2026-06-11 10:50:00+05:30,58.85,59.8,58.45,59.35,142350,3709680,15.610814,23186.4,22900.0,22800,ATM-6,PUT,23100,2026-06-11
2026-06-11 10:51:00+05:30,59.4,59.4,57.15,58.55,85280,3717935,15.614211,23190.0,22900.0,22800,ATM-6,PUT,23100,2026-06-11
2026-06-11 10:52:00+05:30,58.5,59.2,57.5,59.1,61425,3709745,15.627503,23188.05,22900.0,22800,ATM-6,PUT,23100,2026-06-11
2026-06-11 10:53:00+05:30,48.6,49.85,48.5,49.7,62530,2927470,15.480396,23174.9,22850.0,22800,ATM-6,PUT,23100,2026-06-11
2026-06-11 10:54:00+05:30,49.8,50.05,48.9,49.6,82940,2937740,15.463606,23174.7,22850.0,22800,ATM-6,PUT,23100,2026-06-11
2026-06-11 10:55:00+05:30,50.0,50.5,49.15,49.65,54795,2931565,15.432714,23173.2,22850.0,22800,ATM-6,PUT,23100,2026-06-11
2026-06-11 10:56:00+05:30,60.7,61.1,59.15,59.5,158600,3670875,15.456384,23179.8,22900.0,22800,ATM-6,PUT,23100,2026-06-11
2026-06-11 10:57:00+05:30,59.4,61.0,59.4,60.5,108615,3689530,15.505607,23177.3,22900.0,22800,ATM-6,PUT,23100,2026-06-11
2026-06-11 10:58:00+05:30,60.6,60.95,59.3,60.7,82550,3674710,15.484896,23175.65,22900.0,22800,ATM-6,PUT,23100,2026-06-11
2026-06-11 10:59:00+05:30,60.75,61.4,58.8,58.9,74165,3692000,15.301833,23176.55,22900.0,22800,ATM-6,PUT,23100,2026-06-11
2026-06-11 11:00:00+05:30,48.5,49.85,47.4,49.85,41470,2937740,15.366836,23169.45,22850.0,22800,ATM-6,PUT,23100,2026-06-11
2026-06-11 11:01:00+05:30,49.85,50.7,48.9,50.35,98995,2950415,15.371574,23167.15,22850.0,22800,ATM-6,PUT,23100,2026-06-11
2026-06-11 11:02:00+05:30,49.95,50.6,49.1,49.5,80990,2947880,15.285199,23167.9,22850.0,22800,ATM-6,PUT,23100,2026-06-11
2026-06-11 11:03:00+05:30,61.0,61.15,57.85,58.0,122070,3753295,15.305129,23180.45,22900.0,22800,ATM-6,PUT,23100,2026-06-11
2026-06-11 11:04:00+05:30,57.7,58.05,56.45,57.5,157690,3720145,15.278207,23181.6,22900.0,22800,ATM-6,PUT,23100,2026-06-11
2026-06-11 11:05:00+05:30,57.3,57.5,53.35,53.6,244205,3714295,15.295093,23199.8,22900.0,22800,ATM-6,PUT,23100,2026-06-11
2026-06-11 11:06:00+05:30,53.6,55.55,52.95,53.2,106470,3688945,15.361946,23204.2,22900.0,22800,ATM-6,PUT,23100,2026-06-11
2026-06-11 11:07:00+05:30,53.2,56.2,52.3,56.1,121095,3678545,15.340295,23190.05,22900.0,22800,ATM-6,PUT,23100,2026-06-11
2026-06-11 11:08:00+05:30,56.2,56.5,53.75,54.8,79040,3662425,15.311318,23194.8,22900.0,22800,ATM-6,PUT,23100,2026-06-11
2026-06-11 11:09:00+05:30,55.05,57.85,54.8,55.45,75530,3652025,15.357055,23193.55,22900.0,22800,ATM-6,PUT,23100,2026-06-11
2026-06-11 11:10:00+05:30,55.55,57.0,55.15,55.15,45825,3658980,15.268078,23191.5,22900.0,22800,ATM-6,PUT,23100,2026-06-11
2026-06-11 11:11:00+05:30,55.35,56.55,54.7,55.9,54535,3668275,15.29751,23189.2,22900.0,22800,ATM-6,PUT,23100,2026-06-11
2026-06-11 11:12:00+05:30,55.9,57.3,55.85,56.5,40105,3669185,15.311179,23187.0,22900.0,22800,ATM-6,PUT,23100,2026-06-11
2026-06-11 11:13:00+05:30,56.65,57.0,55.3,56.15,112775,3681210,15.224159,23185.25,22900.0,22800,ATM-6,PUT,23100,2026-06-11
2026-06-11 11:14:00+05:30,56.15,57.45,55.45,56.65,55835,3689920,15.22955,23183.2,22900.0,22800,ATM-6,PUT,23100,2026-06-11
2026-06-11 11:15:00+05:30,56.9,57.45,55.55,55.85,56810,3697200,15.269877,23188.25,22900.0,22800,ATM-6,PUT,23100,2026-06-11
2026-06-11 11:16:00+05:30,56.2,57.2,55.55,55.7,33735,3684135,15.284672,23189.45,22900.0,22800,ATM-6,PUT,23100,2026-06-11
2026-06-11 11:17:00+05:30,55.85,57.2,54.5,55.1,66755,3690310,15.332695,23193.95,22900.0,22800,ATM-6,PUT,23100,2026-06-11
2026-06-11 11:18:00+05:30,54.9,55.5,52.5,52.5,100425,3700515,15.311692,23205.15,22900.0,22800,ATM-6,PUT,23100,2026-06-11
2026-06-11 11:19:00+05:30,52.45,53.65,51.55,53.65,125450,3720470,15.408442,23203.45,22900.0,22800,ATM-6,PUT,23100,2026-06-11
2026-06-11 11:20:00+05:30,53.55,54.25,51.45,51.5,89310,3707925,15.381576,23212.55,22900.0,22800,ATM-6,PUT,23100,2026-06-11
2026-06-11 11:21:00+05:30,51.55,51.85,50.15,50.4,639730,3772925,15.444191,23220.3,22900.0,22800,ATM-6,PUT,23100,2026-06-11
2026-06-11 11:22:00+05:30,50.3,52.2,50.3,52.15,308165,3955250,15.503415,23214.1,22900.0,22800,ATM-6,PUT,23100,2026-06-11
2026-06-11 11:23:00+05:30,52.15,52.3,50.8,52.2,132925,3994705,15.483406,23213.05,22900.0,22800,ATM-6,PUT,23100,2026-06-11
2026-06-11 11:24:00+05:30,52.1,53.1,51.1,51.3,84695,3986970,15.51298,23218.5,22900.0,22800,ATM-6,PUT,23100,2026-06-11
2026-06-11 11:25:00+05:30,51.35,51.65,50.3,51.5,67925,3997370,15.469447,23215.8,22900.0,22800,ATM-6,PUT,23100,2026-06-11
2026-06-11 11:26:00+05:30,62.45,62.65,59.1,59.1,156065,2149745,15.369646,23228.5,22950.0,22800,ATM-6,PUT,23100,2026-06-11
2026-06-11 11:27:00+05:30,59.0,59.1,57.4,57.55,300300,2033655,15.339499,23234.1,22950.0,22800,ATM-6,PUT,23100,2026-06-11
2026-06-11 11:28:00+05:30,57.25,57.7,56.55,57.05,114400,1997645,15.333497,23236.05,22950.0,22800,ATM-6,PUT,23100,2026-06-11
2026-06-11 11:29:00+05:30,57.15,59.1,57.05,57.1,64740,2001090,15.324292,23235.45,22950.0,22800,ATM-6,PUT,23100,2026-06-11
2026-06-11 11:30:00+05:30,57.35,58.4,56.25,58.3,108420,2000375,15.486118,23236.2,22950.0,22800,ATM-6,PUT,23100,2026-06-11
2026-06-11 11:31:00+05:30,58.2,59.85,57.5,59.2,78130,2011165,15.326358,23226.3,22950.0,22800,ATM-6,PUT,23100,2026-06-11
2026-06-11 11:32:00+05:30,59.0,60.45,59.0,59.85,44915,2010125,15.398454,23226.15,22950.0,22800,ATM-6,PUT,23100,2026-06-11
2026-06-11 11:33:00+05:30,59.5,59.85,57.85,59.15,59800,2018380,15.517211,23233.55,22950.0,22800,ATM-6,PUT,23100,2026-06-11
2026-06-11 11:34:00+05:30,59.0,60.8,58.8,60.6,42900,2004405,15.49224,23226.35,22950.0,22800,ATM-6,PUT,23100,2026-06-11
2026-06-11 11:35:00+05:30,60.5,61.4,58.9,59.0,81185,1998815,15.522916,23234.35,22950.0,22800,ATM-6,PUT,23100,2026-06-11
2026-06-11 11:36:00+05:30,48.9,50.85,48.7,50.65,70265,3976765,15.523109,23221.65,22900.0,22800,ATM-6,PUT,23100,2026-06-11
2026-06-11 11:37:00+05:30,50.55,50.9,50.05,50.75,77090,3976830,15.44449,23218.05,22900.0,22800,ATM-6,PUT,23100,2026-06-11
2026-06-11 11:38:00+05:30,50.9,51.8,50.55,51.8,87945,3973775,15.505205,23215.3,22900.0,22800,ATM-6,PUT,23100,2026-06-11
2026-06-11 11:39:00+05:30,51.9,52.05,50.15,50.6,97435,3966755,15.552678,23222.95,22900.0,22800,ATM-6,PUT,23100,2026-06-11
2026-06-11 11:40:00+05:30,50.6,51.1,49.7,50.9,63245,3968120,15.593658,23223.05,22900.0,22800,ATM-6,PUT,23100,2026-06-11
2026-06-11 11:41:00+05:30,61.3,61.9,59.45,59.55,39585,1999985,15.483459,23230.3,22950.0,22800,ATM-6,PUT,23100,2026-06-11
2026-06-11 11:42:00+05:30,59.55,60.1,55.9,56.4,109135,1989910,15.495381,23244.6,22950.0,22800,ATM-6,PUT,23100,2026-06-11
2026-06-11 11:43:00+05:30,56.4,58.45,56.4,58.05,57395,1991275,15.610801,23241.55,22950.0,22800,ATM-6,PUT,23100,2026-06-11
2026-06-11 11:44:00+05:30,58.1,58.3,55.25,55.3,86515,2001805,15.604789,23253.7,22950.0,22800,ATM-6,PUT,23100,2026-06-11
2026-06-11 11:45:00+05:30,55.1,56.55,54.6,56.15,132730,1980420,15.716994,23254.05,22950.0,22800,ATM-6,PUT,23100,2026-06-11
2026-06-11 11:46:00+05:30,56.15,56.55,55.65,55.65,61035,1986985,15.755992,23257.8,22950.0,22800,ATM-6,PUT,23100,2026-06-11
2026-06-11 11:47:00+05:30,55.7,56.45,53.3,53.3,111540,1982630,15.766677,23269.2,22950.0,22800,ATM-6,PUT,23100,2026-06-11
2026-06-11 11:48:00+05:30,53.3,55.3,53.0,54.0,118365,1966900,15.831536,23268.35,22950.0,22800,ATM-6,PUT,23100,2026-06-11
2026-06-11 11:49:00+05:30,54.1,54.95,53.9,54.7,88075,1998425,15.836346,23265.2,22950.0,22800,ATM-6,PUT,23100,2026-06-11
2026-06-11 11:50:00+05:30,54.35,54.7,53.3,53.5,77610,2021695,15.912418,23273.8,22950.0,22800,ATM-6,PUT,23100,2026-06-11
2026-06-11 11:51:00+05:30,53.25,54.15,53.05,53.95,51935,2030405,15.842339,23268.9,22950.0,22800,ATM-6,PUT,23100,2026-06-11
2026-06-11 11:52:00+05:30,54.15,54.8,53.6,53.65,67340,2042625,15.837408,23270.1,22950.0,22800,ATM-6,PUT,23100,2026-06-11
2026-06-11 11:53:00+05:30,54.1,54.45,53.3,53.55,27950,2053805,15.929034,23274.1,22950.0,22800,ATM-6,PUT,23100,2026-06-11
2026-06-11 11:54:00+05:30,53.45,54.0,52.5,53.65,38740,2052310,15.912668,23272.95,22950.0,22800,ATM-6,PUT,23100,2026-06-11
2026-06-11 11:55:00+05:30,53.35,53.65,52.8,53.5,33540,2051400,15.916978,23273.8,22950.0,22800,ATM-6,PUT,23100,2026-06-11
2026-06-11 11:56:00+05:30,64.55,65.25,61.25,61.5,460265,9859135,15.825702,23285.3,23000.0,22800,ATM-6,PUT,23100,2026-06-11
2026-06-11 11:57:00+05:30,61.75,62.35,61.2,61.4,465530,9913865,15.805602,23284.95,23000.0,22800,ATM-6,PUT,23100,2026-06-11
2026-06-11 11:58:00+05:30,61.65,61.65,59.35,60.8,591370,9938175,15.896916,23290.9,23000.0,22800,ATM-6,PUT,23100,2026-06-11
2026-06-11 11:59:00+05:30,60.95,62.45,60.8,62.2,260130,9915360,15.851086,23283.15,23000.0,22800,ATM-6,PUT,23100,2026-06-11
2026-06-11 12:00:00+05:30,61.95,62.2,60.35,62.1,166205,9969180,15.87834,23284.55,23000.0,22800,ATM-6,PUT,23100,2026-06-11
2026-06-11 12:01:00+05:30,62.2,62.3,61.1,61.5,180050,9963980,15.9178,23288.55,23000.0,22800,ATM-6,PUT,23100,2026-06-11
2026-06-11 12:02:00+05:30,61.4,62.45,61.3,62.1,162760,9942010,15.911237,23285.7,23000.0,22800,ATM-6,PUT,23100,2026-06-11
2026-06-11 12:03:00+05:30,62.15,62.2,61.0,61.45,132015,9974315,15.952838,23290.0,23000.0,22800,ATM-6,PUT,23100,2026-06-11
2026-06-11 12:04:00+05:30,61.5,62.45,61.45,62.15,160290,10005970,15.945845,23286.7,23000.0,22800,ATM-6,PUT,23100,2026-06-11
2026-06-11 12:05:00+05:30,62.05,63.65,61.65,63.1,216645,10018385,15.905674,23281.15,23000.0,22800,ATM-6,PUT,23100,2026-06-11
2026-06-11 12:06:00+05:30,62.7,63.3,62.1,62.9,161135,10023780,15.909445,23282.1,23000.0,22800,ATM-6,PUT,23100,2026-06-11
2026-06-11 12:07:00+05:30,62.9,62.9,61.05,61.3,167375,10057385,15.947126,23290.3,23000.0,22800,ATM-6,PUT,23100,2026-06-11
2026-06-11 12:08:00+05:30,61.2,63.0,61.2,62.25,134225,10046400,15.906946,23284.7,23000.0,22800,ATM-6,PUT,23100,2026-06-11
2026-06-11 12:09:00+05:30,62.35,63.25,62.2,63.25,91130,10049975,15.983596,23283.25,23000.0,22800,ATM-6,PUT,23100,2026-06-11
2026-06-11 12:10:00+05:30,63.05,63.7,62.8,63.45,178230,10064340,15.883573,23278.7,23000.0,22800,ATM-6,PUT,23100,2026-06-11
2026-06-11 12:11:00+05:30,63.4,64.4,63.0,63.65,186875,10096385,15.875952,23277.55,23000.0,22800,ATM-6,PUT,23100,2026-06-11
2026-06-11 12:12:00+05:30,63.7,64.1,62.5,62.65,292825,10135580,15.917369,23283.25,23000.0,22800,ATM-6,PUT,23100,2026-06-11
2026-06-11 12:13:00+05:30,62.4,62.8,62.0,62.4,291330,10172760,15.976155,23286.45,23000.0,22800,ATM-6,PUT,23100,2026-06-11
2026-06-11 12:14:00+05:30,62.4,63.05,61.65,61.65,123630,10186800,15.920046,23287.55,23000.0,22800,ATM-6,PUT,23100,2026-06-11
2026-06-11 12:15:00+05:30,61.6,61.7,58.5,59.65,538460,10253360,16.05009,23301.1,23000.0,22800,ATM-6,PUT,23100,2026-06-11
2026-06-11 12:16:00+05:30,59.35,61.0,58.35,58.4,273780,10276305,15.990561,23304.4,23000.0,22800,ATM-6,PUT,23100,2026-06-11
2026-06-11 12:17:00+05:30,58.45,60.45,57.7,60.3,312260,10307245,16.036455,23297.65,23000.0,22800,ATM-6,PUT,23100,2026-06-11
2026-06-11 12:18:00+05:30,60.4,61.4,59.85,61.0,194090,10311405,16.029652,23294.3,23000.0,22800,ATM-6,PUT,23100,2026-06-11
2026-06-11 12:19:00+05:30,61.0,62.1,60.65,61.95,137085,10306335,16.011979,23289.5,23000.0,22800,ATM-6,PUT,23100,2026-06-11
2026-06-11 12:20:00+05:30,62.05,62.95,61.35,62.9,163735,10306335,15.97242,23283.95,23000.0,22800,ATM-6,PUT,23100,2026-06-11
2026-06-11 12:21:00+05:30,62.7,63.35,62.0,62.55,189735,10272015,15.912679,23283.2,23000.0,22800,ATM-6,PUT,23100,2026-06-11
2026-06-11 12:22:00+05:30,62.55,62.75,61.95,62.5,495625,10276500,16.020287,23287.35,23000.0,22800,ATM-6,PUT,23100,2026-06-11
2026-06-11 12:23:00+05:30,62.6,62.8,61.25,61.7,97175,10257845,16.090322,23293.35,23000.0,22800,ATM-6,PUT,23100,2026-06-11
2026-06-11 12:24:00+05:30,61.9,62.75,61.65,61.9,117910,10251085,16.071424,23291.75,23000.0,22800,ATM-6,PUT,23100,2026-06-11
2026-06-11 12:25:00+05:30,61.9,63.35,61.75,62.65,89050,10285015,16.076908,23288.7,23000.0,22800,ATM-6,PUT,23100,2026-06-11
2026-06-11 12:26:00+05:30,62.6,62.75,61.25,62.4,103415,10236200,16.155578,23292.65,23000.0,22800,ATM-6,PUT,23100,2026-06-11
2026-06-11 12:27:00+05:30,62.3,62.5,61.65,61.75,75855,10236655,16.086374,23292.85,23000.0,22800,ATM-6,PUT,23100,2026-06-11
2026-06-11 12:28:00+05:30,61.75,62.6,60.65,61.05,116155,10248095,16.218763,23300.8,23000.0,22800,ATM-6,PUT,23100,2026-06-11
2026-06-11 12:29:00+05:30,61.05,61.9,60.9,61.1,97175,10238605,16.139927,23297.6,23000.0,22800,ATM-6,PUT,23100,2026-06-11
2026-06-11 12:30:00+05:30,61.1,61.2,59.6,60.5,276250,10243870,16.293253,23305.95,23000.0,22800,ATM-6,PUT,23100,2026-06-11
2026-06-11 12:31:00+05:30,60.6,61.1,58.35,58.55,314990,10253620,16.328126,23316.0,23000.0,22800,ATM-6,PUT,23100,2026-06-11
2026-06-11 12:32:00+05:30,58.6,58.9,56.9,56.9,465855,10226905,16.23776,23320.1,23000.0,22800,ATM-6,PUT,23100,2026-06-11
2026-06-11 12:33:00+05:30,56.9,58.15,56.6,56.7,843635,10194925,16.108773,23316.05,23000.0,22800,ATM-6,PUT,23100,2026-06-11
2026-06-11 12:34:00+05:30,56.5,57.05,56.05,56.55,507260,10305555,16.248024,23322.05,23000.0,22800,ATM-6,PUT,23100,2026-06-11
2026-06-11 12:35:00+05:30,55.95,58.7,55.5,57.8,430625,10367565,16.167064,23313.15,23000.0,22800,ATM-6,PUT,23100,2026-06-11
2026-06-11 12:36:00+05:30,57.8,58.3,57.4,58.05,418600,10371400,16.057062,23307.8,23000.0,22800,ATM-6,PUT,23100,2026-06-11
2026-06-11 12:37:00+05:30,57.95,59.0,57.5,58.35,240370,10218975,15.703838,23293.1,23000.0,22800,ATM-6,PUT,23100,2026-06-11
2026-06-11 12:38:00+05:30,58.3,60.05,58.1,59.55,238485,10220535,15.860723,23293.65,23000.0,22800,ATM-6,PUT,23100,2026-06-11
2026-06-11 12:39:00+05:30,59.7,59.9,58.15,58.3,315770,10233795,15.82081,23297.65,23000.0,22800,ATM-6,PUT,23100,2026-06-11
2026-06-11 12:40:00+05:30,58.2,59.25,58.2,59.0,101465,10218715,15.911168,23297.9,23000.0,22800,ATM-6,PUT,23100,2026-06-11
2026-06-11 12:41:00+05:30,59.05,59.95,58.85,59.85,107185,10211565,15.938826,23295.15,23000.0,22800,ATM-6,PUT,23100,2026-06-11
2026-06-11 12:42:00+05:30,59.65,60.75,59.2,60.2,170040,10158720,16.018309,23296.55,23000.0,22800,ATM-6,PUT,23100,2026-06-11
2026-06-11 12:43:00+05:30,60.15,61.55,59.65,60.2,181740,10184070,15.937546,23293.5,23000.0,22800,ATM-6,PUT,23100,2026-06-11
2026-06-11 12:44:00+05:30,60.4,60.6,59.5,60.0,120705,10151440,15.984611,23296.1,23000.0,22800,ATM-6,PUT,23100,2026-06-11
2026-06-11 12:45:00+05:30,60.0,61.0,59.9,60.4,138970,10143380,16.004371,23295.05,23000.0,22800,ATM-6,PUT,23100,2026-06-11
2026-06-11 12:46:00+05:30,60.35,60.4,58.4,59.1,187720,10165220,16.021633,23301.4,23000.0,22800,ATM-6,PUT,23100,2026-06-11
2026-06-11 12:47:00+05:30,59.2,60.9,58.5,60.6,140400,10164765,15.981352,23293.25,23000.0,22800,ATM-6,PUT,23100,2026-06-11
2026-06-11 12:48:00+05:30,60.5,62.3,60.4,62.05,175825,10176465,15.958212,23286.1,23000.0,22800,ATM-6,PUT,23100,2026-06-11
2026-06-11 12:49:00+05:30,62.15,63.05,61.0,62.75,262990,10159825,15.749914,23275.45,23000.0,22800,ATM-6,PUT,23100,2026-06-11
2026-06-11 12:50:00+05:30,62.75,62.75,61.25,61.7,182520,10205585,15.819204,23282.4,23000.0,22800,ATM-6,PUT,23100,2026-06-11
2026-06-11 12:51:00+05:30,61.4,62.25,60.4,62.25,190450,10222420,15.846958,23281.05,23000.0,22800,ATM-6,PUT,23100,2026-06-11
2026-06-11 12:52:00+05:30,62.0,62.55,61.7,62.2,91975,10200970,15.78902,23279.1,23000.0,22800,ATM-6,PUT,23100,2026-06-11
2026-06-11 12:53:00+05:30,62.05,62.2,60.85,61.4,84435,10227620,15.848165,23284.65,23000.0,22800,ATM-6,PUT,23100,2026-06-11
2026-06-11 12:54:00+05:30,61.6,61.65,61.1,61.1,158990,10233665,15.60634,23276.95,23000.0,22800,ATM-6,PUT,23100,2026-06-11
2026-06-11 12:55:00+05:30,61.1,61.1,61.1,61.1,0,10233665,15.606341,23276.95,23000.0,22800,ATM-6,PUT,23100,2026-06-11
2026-06-11 12:56:00+05:30,62.75,62.75,60.75,61.9,313690,10195575,15.862719,23282.95,23000.0,22800,ATM-6,PUT,23100,2026-06-11
2026-06-11 12:57:00+05:30,61.9,61.9,58.15,58.15,276185,10199475,15.855281,23299.0,23000.0,22800,ATM-6,PUT,23100,2026-06-11
2026-06-11 12:58:00+05:30,58.5,58.8,56.7,57.4,314990,10195445,15.894025,23303.8,23000.0,22800,ATM-6,PUT,23100,2026-06-11
2026-06-11 12:59:00+05:30,57.7,59.3,56.15,56.15,156975,10233405,15.862055,23308.25,23000.0,22800,ATM-6,PUT,23100,2026-06-11
2026-06-11 13:00:00+05:30,56.25,56.3,52.8,53.5,837785,10251410,15.953123,23324.15,23000.0,22800,ATM-6,PUT,23100,2026-06-11
2026-06-11 13:01:00+05:30,53.3,56.0,53.1,56.0,222300,10340915,15.999033,23314.1,23000.0,22800,ATM-6,PUT,23100,2026-06-11
2026-06-11 13:02:00+05:30,55.8,57.7,55.35,56.55,234065,10347610,15.873557,23306.75,23000.0,22800,ATM-6,PUT,23100,2026-06-11
2026-06-11 13:03:00+05:30,56.7,58.0,56.55,57.8,109980,10389730,15.955667,23304.15,23000.0,22800,ATM-6,PUT,23100,2026-06-11
2026-06-11 13:04:00+05:30,57.6,58.1,57.25,57.9,147810,10387195,15.900961,23301.6,23000.0,22800,ATM-6,PUT,23100,2026-06-11
2026-06-11 13:05:00+05:30,58.1,58.45,57.3,57.75,144495,10415405,15.913145,23302.7,23000.0,22800,ATM-6,PUT,23100,2026-06-11
2026-06-11 13:06:00+05:30,57.9,58.3,57.25,58.0,105105,10424960,15.912055,23301.5,23000.0,22800,ATM-6,PUT,23100,2026-06-11
2026-06-11 13:07:00+05:30,57.9,58.75,57.6,58.55,77740,10409100,15.913244,23299.05,23000.0,22800,ATM-6,PUT,23100,2026-06-11
2026-06-11 13:08:00+05:30,58.8,60.0,58.5,59.4,151580,10402405,15.823547,23291.9,23000.0,22800,ATM-6,PUT,23100,2026-06-11
2026-06-11 13:09:00+05:30,59.25,61.75,59.15,61.75,232050,10424830,15.794682,23280.65,23000.0,22800,ATM-6,PUT,23100,2026-06-11
2026-06-11 13:10:00+05:30,61.5,61.75,60.35,60.65,173550,10397660,15.718247,23282.5,23000.0,22800,ATM-6,PUT,23100,2026-06-11
2026-06-11 13:11:00+05:30,60.65,62.0,60.3,60.85,173160,10424180,15.646078,23278.95,23000.0,22800,ATM-6,PUT,23100,2026-06-11
2026-06-11 13:12:00+05:30,51.05,53.2,50.95,52.2,116415,2078310,15.662472,23267.45,22950.0,22800,ATM-6,PUT,23100,2026-06-11
2026-06-11 13:13:00+05:30,52.45,53.3,52.2,53.1,68250,2084420,15.590412,23260.35,22950.0,22800,ATM-6,PUT,23100,2026-06-11
2026-06-11 13:14:00+05:30,53.1,53.2,52.5,52.8,107705,2087735,15.531001,23259.45,22950.0,22800,ATM-6,PUT,23100,2026-06-11
2026-06-11 13:15:00+05:30,52.55,53.1,52.35,52.9,451880,2155855,15.565015,23260.25,22950.0,22800,ATM-6,PUT,23100,2026-06-11
2026-06-11 13:16:00+05:30,51.75,53.35,51.7,53.3,141505,2379650,15.483308,23255.2,22950.0,22800,ATM-6,PUT,23100,2026-06-11
2026-06-11 13:17:00+05:30,53.4,54.4,51.8,52.6,169260,2398500,15.607777,23263.25,22950.0,22800,ATM-6,PUT,23100,2026-06-11
2026-06-11 13:18:00+05:30,52.6,53.85,52.6,53.5,56485,2414815,15.471613,23253.75,22950.0,22800,ATM-6,PUT,23100,2026-06-11
2026-06-11 13:19:00+05:30,53.4,54.35,52.75,54.1,52520,2425475,15.554852,23254.1,22950.0,22800,ATM-6,PUT,23100,2026-06-11
2026-06-11 13:20:00+05:30,53.95,55.5,53.5,55.3,161460,2414880,15.603945,23250.4,22950.0,22800,ATM-6,PUT,23100,2026-06-11
2026-06-11 13:21:00+05:30,55.35,57.3,55.3,56.7,132925,2414880,15.464668,23238.8,22950.0,22800,ATM-6,PUT,23100,2026-06-11
2026-06-11 13:22:00+05:30,56.7,58.0,56.6,58.0,133900,2425345,15.339916,23228.4,22950.0,22800,ATM-6,PUT,23100,2026-06-11
2026-06-11 13:23:00+05:30,57.7,58.0,53.45,54.85,138060,2415855,15.377873,23243.8,22950.0,22800,ATM-6,PUT,23100,2026-06-11
2026-06-11 13:24:00+05:30,54.7,55.95,54.2,54.6,66040,2399345,15.229422,23239.3,22950.0,22800,ATM-6,PUT,23100,2026-06-11
2026-06-11 13:25:00+05:30,54.35,56.8,54.25,56.7,82810,2389985,15.307583,23232.8,22950.0,22800,ATM-6,PUT,23100,2026-06-11
2026-06-11 13:26:00+05:30,56.55,58.35,56.55,57.5,121810,2396160,15.195502,23225.1,22950.0,22800,ATM-6,PUT,23100,2026-06-11
2026-06-11 13:27:00+05:30,57.45,57.5,56.15,56.65,58240,2388425,15.244358,23230.6,22950.0,22800,ATM-6,PUT,23100,2026-06-11
2026-06-11 13:28:00+05:30,56.4,57.1,55.25,55.75,233480,2387840,15.226774,23233.9,22950.0,22800,ATM-6,PUT,23100,2026-06-11
2026-06-11 13:29:00+05:30,55.65,55.9,54.5,54.95,58760,2519985,15.371394,23242.9,22950.0,22800,ATM-6,PUT,23100,2026-06-11
2026-06-11 13:30:00+05:30,54.8,54.95,50.55,51.8,176410,2494570,15.371283,23257.5,22950.0,22800,ATM-6,PUT,23100,2026-06-11
2026-06-11 13:31:00+05:30,52.0,53.45,51.7,52.5,56225,2474355,15.437684,23256.7,22950.0,22800,ATM-6,PUT,23100,2026-06-11
2026-06-11 13:32:00+05:30,51.15,52.5,49.45,49.7,77870,2481050,15.248551,23262.8,22950.0,22800,ATM-6,PUT,23100,2026-06-11
2026-06-11 13:33:00+05:30,49.75,50.7,48.3,50.6,78195,2473445,15.257498,23258.75,22950.0,22800,ATM-6,PUT,23100,2026-06-11
2026-06-11 13:34:00+05:30,51.2,53.2,50.6,53.15,88270,2478060,15.177912,23243.65,22950.0,22800,ATM-6,PUT,23100,2026-06-11
2026-06-11 13:35:00+05:30,52.8,53.15,51.0,51.35,65065,2491840,15.098882,23249.0,22950.0,22800,ATM-6,PUT,23100,2026-06-11
2026-06-11 13:36:00+05:30,51.45,51.9,49.75,49.75,38220,2481570,15.090854,23256.3,22950.0,22800,ATM-6,PUT,23100,2026-06-11
2026-06-11 13:37:00+05:30,49.7,51.4,49.7,50.6,37180,2480790,15.06271,23251.1,22950.0,22800,ATM-6,PUT,23100,2026-06-11
2026-06-11 13:38:00+05:30,50.8,53.8,50.6,52.9,52650,2484365,15.118096,23242.4,22950.0,22800,ATM-6,PUT,23100,2026-06-11
2026-06-11 13:39:00+05:30,53.0,55.45,52.9,55.0,95745,2488460,15.114817,23232.7,22950.0,22800,ATM-6,PUT,23100,2026-06-11
2026-06-11 13:40:00+05:30,54.7,55.8,53.0,55.8,56355,2488785,15.212475,23232.75,22950.0,22800,ATM-6,PUT,23100,2026-06-11
2026-06-11 13:41:00+05:30,55.7,56.2,54.85,55.4,44395,2487680,15.078665,23229.5,22950.0,22800,ATM-6,PUT,23100,2026-06-11
2026-06-11 13:42:00+05:30,55.15,55.4,53.75,55.15,71955,2490215,15.05511,23229.7,22950.0,22800,ATM-6,PUT,23100,2026-06-11
2026-06-11 13:43:00+05:30,45.5,47.1,45.1,46.05,98150,4489810,14.994118,23219.45,22900.0,22800,ATM-6,PUT,23100,2026-06-11
2026-06-11 13:44:00+05:30,46.3,47.2,44.95,45.35,128180,4499690,15.016585,23223.9,22900.0,22800,ATM-6,PUT,23100,2026-06-11
2026-06-11 13:45:00+05:30,45.6,46.4,45.2,46.4,74750,4513015,15.084125,23221.15,22900.0,22800,ATM-6,PUT,23100,2026-06-11
2026-06-11 13:46:00+05:30,55.8,57.2,54.3,54.3,83915,2460510,14.903608,23227.7,22950.0,22800,ATM-6,PUT,23100,2026-06-11
2026-06-11 13:47:00+05:30,54.35,54.35,51.9,53.65,103415,2429895,14.96119,23232.75,22950.0,22800,ATM-6,PUT,23100,2026-06-11
2026-06-11 13:48:00+05:30,53.65,54.1,51.9,54.0,33605,2429375,14.982823,23231.95,22950.0,22800,ATM-6,PUT,23100,2026-06-11
2026-06-11 13:49:00+05:30,53.85,54.8,53.15,54.0,31135,2425930,14.941037,23230.35,22950.0,22800,ATM-6,PUT,23100,2026-06-11
2026-06-11 13:50:00+05:30,44.6,45.8,44.5,45.3,73060,4499430,15.022856,23224.2,22900.0,22800,ATM-6,PUT,23100,2026-06-11
2026-06-11 13:51:00+05:30,54.45,55.5,53.8,53.9,61100,2436590,14.819953,23226.2,22950.0,22800,ATM-6,PUT,23100,2026-06-11
2026-06-11 13:52:00+05:30,54.1,55.5,52.9,52.95,56030,2435940,14.80674,23229.95,22950.0,22800,ATM-6,PUT,23100,2026-06-11
2026-06-11 13:53:00+05:30,53.1,53.5,52.15,52.6,69160,2421055,14.921754,23235.85,22950.0,22800,ATM-6,PUT,23100,2026-06-11
2026-06-11 13:54:00+05:30,52.75,53.95,52.5,53.2,23530,2413710,14.95946,23234.5,22950.0,22800,ATM-6,PUT,23100,2026-06-11
2026-06-11 13:55:00+05:30,53.2,54.4,52.4,52.4,26975,2413970,14.903174,23236.0,22950.0,22800,ATM-6,PUT,23100,2026-06-11
2026-06-11 13:56:00+05:30,52.7,53.2,51.65,51.7,39715,2413905,14.932146,23240.3,22950.0,22800,ATM-6,PUT,23100,2026-06-11
2026-06-11 13:57:00+05:30,51.9,53.0,50.95,52.1,52910,2407015,14.955505,23239.3,22950.0,22800,ATM-6,PUT,23100,2026-06-11
2026-06-11 13:58:00+05:30,51.95,52.2,49.85,50.15,59605,2405780,14.945849,23248.05,22950.0,22800,ATM-6,PUT,23100,2026-06-11
2026-06-11 13:59:00+05:30,50.6,53.8,50.15,53.05,51350,2402400,14.905831,23233.0,22950.0,22800,ATM-6,PUT,23100,2026-06-11
2026-06-11 14:00:00+05:30,53.0,53.6,50.8,51.0,45760,2421575,14.84724,23240.2,22950.0,22800,ATM-6,PUT,23100,2026-06-11
2026-06-11 14:01:00+05:30,51.25,52.55,51.0,51.9,18460,2428270,14.843578,23235.85,22950.0,22800,ATM-6,PUT,23100,2026-06-11
2026-06-11 14:02:00+05:30,52.0,52.55,51.7,52.0,32045,2426125,14.775969,23232.8,22950.0,22800,ATM-6,PUT,23100,2026-06-11
2026-06-11 14:03:00+05:30,52.05,52.45,51.35,52.3,18265,2428075,14.904516,23236.25,22950.0,22800,ATM-6,PUT,23100,2026-06-11
2026-06-11 14:04:00+05:30,52.4,52.95,51.2,51.75,45370,2428985,14.841074,23236.35,22950.0,22800,ATM-6,PUT,23100,2026-06-11
2026-06-11 14:05:00+05:30,51.9,54.0,51.55,52.65,73125,2412540,14.84272,23232.25,22950.0,22800,ATM-6,PUT,23100,2026-06-11
2026-06-11 14:06:00+05:30,52.2,52.8,51.45,51.95,27625,2417545,14.774629,23232.85,22950.0,22800,ATM-6,PUT,23100,2026-06-11
2026-06-11 14:07:00+05:30,42.75,46.0,42.75,46.0,91325,4468815,15.022496,23220.0,22900.0,22800,ATM-6,PUT,23100,2026-06-11
2026-06-11 14:08:00+05:30,45.85,47.5,45.55,47.45,131625,4460560,14.95585,23210.05,22900.0,22800,ATM-6,PUT,23100,2026-06-11
2026-06-11 14:09:00+05:30,47.7,48.9,45.9,46.35,243100,4477135,14.881229,23212.6,22900.0,22800,ATM-6,PUT,23100,2026-06-11
2026-06-11 14:10:00+05:30,46.1,46.85,44.95,46.6,103155,4452955,14.965212,23214.6,22900.0,22800,ATM-6,PUT,23100,2026-06-11
2026-06-11 14:11:00+05:30,46.65,47.75,45.9,46.25,96590,4454255,14.88285,23213.1,22900.0,22800,ATM-6,PUT,23100,2026-06-11
2026-06-11 14:12:00+05:30,46.2,47.2,45.5,46.75,75595,4460560,14.878918,23210.4,22900.0,22800,ATM-6,PUT,23100,2026-06-11
2026-06-11 14:13:00+05:30,46.4,46.8,44.05,44.15,101205,4462705,14.868438,23223.25,22900.0,22800,ATM-6,PUT,23100,2026-06-11
2026-06-11 14:14:00+05:30,44.05,45.3,43.5,45.2,98540,4468035,14.919674,23219.8,22900.0,22800,ATM-6,PUT,23100,2026-06-11
2026-06-11 14:15:00+05:30,45.0,45.85,44.35,45.2,79625,4446455,14.804074,23215.2,22900.0,22800,ATM-6,PUT,23100,2026-06-11
2026-06-11 14:16:00+05:30,45.2,45.3,44.0,45.05,66105,4449120,14.813332,23216.3,22900.0,22800,ATM-6,PUT,23100,2026-06-11
2026-06-11 14:17:00+05:30,45.25,46.1,45.05,45.8,46280,4441385,14.859321,23214.25,22900.0,22800,ATM-6,PUT,23100,2026-06-11
2026-06-11 14:18:00+05:30,45.8,47.6,45.75,47.6,65650,4439305,14.93097,23208.0,22900.0,22800,ATM-6,PUT,23100,2026-06-11
2026-06-11 14:19:00+05:30,47.2,47.75,44.95,44.95,79690,4447105,14.815574,23216.8,22900.0,22800,ATM-6,PUT,23100,2026-06-11
2026-06-11 14:20:00+05:30,44.9,45.45,43.7,44.1,114140,4443985,14.861644,23223.0,22900.0,22800,ATM-6,PUT,23100,2026-06-11
2026-06-11 14:21:00+05:30,44.15,45.0,43.5,45.0,79170,4442425,14.89843,23219.75,22900.0,22800,ATM-6,PUT,23100,2026-06-11
2026-06-11 14:22:00+05:30,45.25,45.25,43.9,45.0,35750,4433780,14.905616,23220.0,22900.0,22800,ATM-6,PUT,23100,2026-06-11
2026-06-11 14:23:00+05:30,44.9,47.15,44.55,47.05,99450,4432285,14.897328,23209.25,22900.0,22800,ATM-6,PUT,23100,2026-06-11
2026-06-11 14:24:00+05:30,46.6,47.2,46.35,46.5,46215,4421495,14.754837,23206.4,22900.0,22800,ATM-6,PUT,23100,2026-06-11
2026-06-11 14:25:00+05:30,46.5,46.65,45.0,45.1,72280,4425915,14.833926,23216.55,22900.0,22800,ATM-6,PUT,23100,2026-06-11
2026-06-11 14:26:00+05:30,54.85,55.15,52.8,53.05,69225,2155400,14.717055,23225.05,22950.0,22800,ATM-6,PUT,23100,2026-06-11
2026-06-11 14:27:00+05:30,53.1,53.25,52.0,52.6,61425,2149095,14.698439,23226.35,22950.0,22800,ATM-6,PUT,23100,2026-06-11
2026-06-11 14:28:00+05:30,51.65,52.6,47.4,47.45,189150,2142205,14.724328,23251.55,22950.0,22800,ATM-6,PUT,23100,2026-06-11
2026-06-11 14:29:00+05:30,47.6,50.8,47.35,50.7,74880,2145000,14.860215,23241.15,22950.0,22800,ATM-6,PUT,23100,2026-06-11
2026-06-11 14:30:00+05:30,51.0,52.45,49.2,49.2,76310,2153515,14.787669,23245.45,22950.0,22800,ATM-6,PUT,23100,2026-06-11
2026-06-11 14:31:00+05:30,49.2,50.3,49.05,50.05,33930,2147730,14.75422,23240.1,22950.0,22800,ATM-6,PUT,23100,2026-06-11
2026-06-11 14:32:00+05:30,50.25,51.1,49.0,49.0,38415,2139670,14.712385,23243.45,22950.0,22800,ATM-6,PUT,23100,2026-06-11
2026-06-11 14:33:00+05:30,49.35,52.8,49.0,52.8,33605,2141100,14.799707,23229.05,22950.0,22800,ATM-6,PUT,23100,2026-06-11
2026-06-11 14:34:00+05:30,52.4,52.9,51.55,52.0,39000,2138760,14.774128,23231.7,22950.0,22800,ATM-6,PUT,23100,2026-06-11
2026-06-11 14:35:00+05:30,51.8,52.0,50.15,51.65,29185,2141750,14.879279,23237.25,22950.0,22800,ATM-6,PUT,23100,2026-06-11
2026-06-11 14:36:00+05:30,42.3,44.75,42.0,44.7,85085,4406805,14.708973,23213.3,22900.0,22800,ATM-6,PUT,23100,2026-06-11
2026-06-11 14:37:00+05:30,55.1,57.7,53.65,54.7,183170,2143700,14.951084,23226.05,22950.0,22800,ATM-6,PUT,23100,2026-06-11
2026-06-11 14:38:00+05:30,44.9,46.4,43.55,46.05,68900,4330820,15.015478,23218.4,22900.0,22800,ATM-6,PUT,23100,2026-06-11
2026-06-11 14:39:00+05:30,46.0,48.2,46.0,46.7,220480,4285645,15.067219,23217.1,22900.0,22800,ATM-6,PUT,23100,2026-06-11
2026-06-11 14:40:00+05:30,46.75,47.9,46.4,47.4,139360,4286425,14.931056,23208.25,22900.0,22800,ATM-6,PUT,23100,2026-06-11
2026-06-11 14:41:00+05:30,47.45,48.55,46.8,46.8,161135,4269785,14.997524,23213.8,22900.0,22800,ATM-6,PUT,23100,2026-06-11
2026-06-11 14:42:00+05:30,46.55,48.15,46.55,48.0,308620,4272970,15.07101,23210.65,22900.0,22800,ATM-6,PUT,23100,2026-06-11
2026-06-11 14:43:00+05:30,48.0,50.45,47.25,50.35,290940,4352595,15.020781,23197.3,22900.0,22800,ATM-6,PUT,23100,2026-06-11
2026-06-11 14:44:00+05:30,50.6,50.9,49.05,49.7,285025,4265950,15.016396,23200.2,22900.0,22800,ATM-6,PUT,23100,2026-06-11
2026-06-11 14:45:00+05:30,49.4,51.35,49.4,51.0,262600,4259060,15.10193,23197.25,22900.0,22800,ATM-6,PUT,23100,2026-06-11
2026-06-11 14:46:00+05:30,50.75,51.85,48.5,51.55,300235,4229615,15.032503,23192.0,22900.0,22800,ATM-6,PUT,23100,2026-06-11
2026-06-11 14:47:00+05:30,42.05,46.55,41.6,45.8,287495,2413710,14.988536,23167.1,22850.0,22800,ATM-6,PUT,23100,2026-06-11
2026-06-11 14:48:00+05:30,56.0,56.25,52.0,52.85,354575,4143750,14.88359,23180.35,22900.0,22800,ATM-6,PUT,23100,2026-06-11
2026-06-11 14:49:00+05:30,52.5,53.2,50.8,51.55,271765,4141670,15.064168,23193.1,22900.0,22800,ATM-6,PUT,23100,2026-06-11
2026-06-11 14:50:00+05:30,42.1,44.6,41.6,44.15,116415,2431390,14.918493,23172.75,22850.0,22800,ATM-6,PUT,23100,2026-06-11
2026-06-11 14:51:00+05:30,44.2,44.3,42.8,43.9,66235,2430805,14.877524,23172.4,22850.0,22800,ATM-6,PUT,23100,2026-06-11
2026-06-11 14:52:00+05:30,43.55,44.3,43.4,44.2,39195,2433405,14.885142,23171.1,22850.0,22800,ATM-6,PUT,23100,2026-06-11
2026-06-11 14:53:00+05:30,43.7,44.2,42.75,42.95,39520,2437695,14.793524,23174.0,22850.0,22800,ATM-6,PUT,23100,2026-06-11
2026-06-11 14:54:00+05:30,42.85,43.65,42.85,43.05,33215,2423590,14.749885,23171.7,22850.0,22800,ATM-6,PUT,23100,2026-06-11
2026-06-11 14:55:00+05:30,43.1,43.8,42.4,42.55,48620,2422875,14.706799,23172.6,22850.0,22800,ATM-6,PUT,23100,2026-06-11
2026-06-11 14:56:00+05:30,42.7,43.5,42.25,43.4,30550,2410980,14.764028,23170.35,22850.0,22800,ATM-6,PUT,23100,2026-06-11
2026-06-11 14:57:00+05:30,43.3,43.95,42.85,42.95,56745,2407015,14.600651,23166.2,22850.0,22800,ATM-6,PUT,23100,2026-06-11
2026-06-11 14:58:00+05:30,43.05,43.15,42.5,42.65,52585,2400775,14.720209,23172.5,22850.0,22800,ATM-6,PUT,23100,2026-06-11
2026-06-11 14:59:00+05:30,52.2,54.15,51.7,53.2,224900,4128085,14.847064,23177.05,22900.0,22800,ATM-6,PUT,23100,2026-06-11
2026-06-11 15:00:00+05:30,42.3,44.75,39.05,44.75,230035,2378155,14.528756,23154.0,22850.0,22800,ATM-6,PUT,23100,2026-06-11
2026-06-11 15:01:00+05:30,44.85,46.25,44.05,44.25,140985,2370160,14.443002,23153.15,22850.0,22800,ATM-6,PUT,23100,2026-06-11
2026-06-11 15:02:00+05:30,44.7,46.3,42.85,44.5,96850,2368405,14.620682,23158.8,22850.0,22800,ATM-6,PUT,23100,2026-06-11
2026-06-11 15:03:00+05:30,44.55,45.8,44.4,45.2,72410,2384850,14.698446,23158.25,22850.0,22800,ATM-6,PUT,23100,2026-06-11
2026-06-11 15:04:00+05:30,45.1,45.9,44.55,45.8,45760,2390505,14.435554,23145.0,22850.0,22800,ATM-6,PUT,23100,2026-06-11
2026-06-11 15:05:00+05:30,46.0,46.8,45.1,45.25,154050,2414230,14.431767,23147.55,22850.0,22800,ATM-6,PUT,23100,2026-06-11
2026-06-11 15:06:00+05:30,45.15,47.0,44.8,46.7,156715,2468440,14.404974,23139.35,22850.0,22800,ATM-6,PUT,23100,2026-06-11
2026-06-11 15:07:00+05:30,46.85,47.35,45.25,45.25,175630,2529345,14.447624,23148.1,22850.0,22800,ATM-6,PUT,23100,2026-06-11
2026-06-11 15:08:00+05:30,45.2,46.15,44.15,46.15,155675,2606825,14.260142,23136.4,22850.0,22800,ATM-6,PUT,23100,2026-06-11
2026-06-11 15:09:00+05:30,46.25,46.25,45.0,45.15,165555,2684760,14.326817,23143.85,22850.0,22800,ATM-6,PUT,23100,2026-06-11
2026-06-11 15:10:00+05:30,44.8,45.15,42.85,42.9,192920,2739165,14.238768,23151.75,22850.0,22800,ATM-6,PUT,23100,2026-06-11
2026-06-11 15:11:00+05:30,42.9,44.4,42.2,44.3,191360,2836470,14.225642,23144.1,22850.0,22800,ATM-6,PUT,23100,2026-06-11
2026-06-11 15:12:00+05:30,44.25,45.05,43.3,43.4,100230,2870400,14.300688,23151.55,22850.0,22800,ATM-6,PUT,23100,2026-06-11
2026-06-11 15:13:00+05:30,43.4,43.5,41.9,41.95,129350,2915120,14.371848,23161.85,22850.0,22800,ATM-6,PUT,23100,2026-06-11
2026-06-11 15:14:00+05:30,42.0,43.25,41.45,43.15,90610,2897440,14.631545,23165.8,22850.0,22800,ATM-6,PUT,23100,2026-06-11
2026-06-11 15:15:00+05:30,43.35,44.65,42.75,42.95,221845,2948595,14.621085,23166.4,22850.0,22800,ATM-6,PUT,23100,2026-06-11
2026-06-11 15:16:00+05:30,53.6,53.65,49.45,49.45,246220,3838965,14.496678,23180.55,22900.0,22800,ATM-6,PUT,23100,2026-06-11
2026-06-11 15:17:00+05:30,49.85,50.2,48.75,49.55,150800,3828500,14.545579,23181.9,22900.0,22800,ATM-6,PUT,23100,2026-06-11
2026-06-11 15:18:00+05:30,49.55,52.85,49.15,52.45,202345,3810040,14.882336,23181.15,22900.0,22800,ATM-6,PUT,23100,2026-06-11
2026-06-11 15:19:00+05:30,42.2,43.75,42.2,42.9,111865,3000335,14.759101,23172.0,22850.0,22800,ATM-6,PUT,23100,2026-06-11
2026-06-11 15:20:00+05:30,53.2,53.45,51.7,51.85,392860,3894930,14.732101,23178.2,22900.0,22800,ATM-6,PUT,23100,2026-06-11
2026-06-11 15:21:00+05:30,52.05,52.5,50.6,52.3,190255,3890250,14.746228,23176.65,22900.0,22800,ATM-6,PUT,23100,2026-06-11
2026-06-11 15:22:00+05:30,42.15,43.0,41.45,42.5,168740,2976025,14.655512,23169.9,22850.0,22800,ATM-6,PUT,23100,2026-06-11
2026-06-11 15:23:00+05:30,42.45,43.1,41.95,41.95,108420,2982720,14.607971,23170.9,22850.0,22800,ATM-6,PUT,23100,2026-06-11
2026-06-11 15:24:00+05:30,41.95,42.35,41.55,41.95,103805,2979990,14.676541,23173.6,22850.0,22800,ATM-6,PUT,23100,2026-06-11
2026-06-11 15:25:00+05:30,42.1,42.1,40.15,40.2,189345,2988765,14.460723,23174.4,22850.0,22800,ATM-6,PUT,23100,2026-06-11
2026-06-11 15:26:00+05:30,49.85,50.1,47.7,47.95,304070,3948880,14.214833,23176.6,22900.0,22800,ATM-6,PUT,23100,2026-06-11
2026-06-11 15:27:00+05:30,48.2,50.0,47.55,49.4,331500,4017260,14.46139,23179.1,22900.0,22800,ATM-6,PUT,23100,2026-06-11
2026-06-11 15:28:00+05:30,49.3,50.1,48.85,49.5,222495,4031105,14.499751,23180.05,22900.0,22800,ATM-6,PUT,23100,2026-06-11
2026-06-11 15:29:00+05:30,49.65,49.75,48.0,48.4,362245,3964415,14.535335,23186.55,22900.0,22800,ATM-6,PUT,23100,2026-06-11
2026-06-11 09:15:00+05:30,337.7,355.75,324.45,340.6,17810,35165,13.834299,23104.4,22850.0,22850,ATM-5,CALL,23100,2026-06-11
2026-06-11 09:16:00+05:30,335.0,340.6,314.05,314.05,16900,40105,12.726337,23082.3,22850.0,22850,ATM-5,CALL,23100,2026-06-11
2026-06-11 09:17:00+05:30,315.8,320.7,311.25,319.15,15730,40755,12.345312,23092.9,22850.0,22850,ATM-5,CALL,23100,2026-06-11
2026-06-11 09:18:00+05:30,322.6,333.85,319.15,327.45,13260,41730,12.666558,23100.1,22850.0,22850,ATM-5,CALL,23100,2026-06-11
2026-06-11 09:19:00+05:30,327.05,336.9,327.05,331.85,8190,42900,11.601554,23115.85,22850.0,22850,ATM-5,CALL,23100,2026-06-11
2026-06-11 09:20:00+05:30,299.25,308.0,294.3,308.0,68120,288145,12.321956,23128.6,22900.0,22850,ATM-5,CALL,23100,2026-06-11
2026-06-11 09:21:00+05:30,306.15,320.8,305.25,318.15,77545,291980,12.237161,23142.45,22900.0,22850,ATM-5,CALL,23100,2026-06-11
2026-06-11 09:22:00+05:30,317.35,320.85,310.7,317.5,37180,277810,12.114439,23142.9,22900.0,22850,ATM-5,CALL,23100,2026-06-11
2026-06-11 09:23:00+05:30,316.7,322.65,311.2,312.9,26520,272935,12.290545,23135.25,22900.0,22850,ATM-5,CALL,23100,2026-06-11
2026-06-11 09:24:00+05:30,349.4,353.55,337.45,337.6,3445,46020,12.268805,23116.8,22850.0,22850,ATM-5,CALL,23100,2026-06-11
2026-06-11 09:25:00+05:30,334.15,338.75,334.0,335.2,4160,45370,12.761134,23109.0,22850.0,22850,ATM-5,CALL,23100,2026-06-11
2026-06-11 09:26:00+05:30,332.95,339.15,329.85,333.5,6045,47255,12.699295,23107.5,22850.0,22850,ATM-5,CALL,23100,2026-06-11
2026-06-11 09:27:00+05:30,336.25,338.55,324.15,330.45,7670,48750,12.913592,23101.45,22850.0,22850,ATM-5,CALL,23100,2026-06-11
2026-06-11 09:28:00+05:30,330.95,340.75,330.0,340.75,10335,51155,12.597026,23117.6,22850.0,22850,ATM-5,CALL,23100,2026-06-11
2026-06-11 09:29:00+05:30,340.45,346.8,338.3,341.5,5980,52325,12.242888,23121.9,22850.0,22850,ATM-5,CALL,23100,2026-06-11
2026-06-11 09:30:00+05:30,341.8,343.25,328.9,330.7,6175,53560,12.05815,23110.35,22850.0,22850,ATM-5,CALL,23100,2026-06-11
2026-06-11 09:31:00+05:30,331.1,335.7,325.0,335.7,3835,55640,12.017185,23116.9,22850.0,22850,ATM-5,CALL,23100,2026-06-11
2026-06-11 09:32:00+05:30,338.6,345.0,335.7,337.45,6045,57070,12.555306,23113.95,22850.0,22850,ATM-5,CALL,23100,2026-06-11
2026-06-11 09:33:00+05:30,330.2,337.45,320.8,321.6,4680,59930,11.799325,23101.6,22850.0,22850,ATM-5,CALL,23100,2026-06-11
2026-06-11 09:34:00+05:30,322.9,331.3,321.6,330.25,2145,60580,12.078114,23109.65,22850.0,22850,ATM-5,CALL,23100,2026-06-11
2026-06-11 09:35:00+05:30,327.4,330.25,317.3,317.85,1495,61360,11.801192,23096.95,22850.0,22850,ATM-5,CALL,23100,2026-06-11
2026-06-11 09:36:00+05:30,318.85,329.0,317.85,329.0,3705,62075,11.625515,23112.35,22850.0,22850,ATM-5,CALL,23100,2026-06-11
2026-06-11 09:37:00+05:30,330.75,336.5,329.0,333.9,6370,64090,11.508626,23119.35,22850.0,22850,ATM-5,CALL,23100,2026-06-11
2026-06-11 09:38:00+05:30,297.85,308.85,297.85,306.4,43875,361400,12.025798,23129.95,22900.0,22850,ATM-5,CALL,23100,2026-06-11
2026-06-11 09:39:00+05:30,305.65,312.1,305.65,308.2,40820,361140,12.016605,23132.35,22900.0,22850,ATM-5,CALL,23100,2026-06-11
2026-06-11 09:40:00+05:30,345.65,345.7,335.0,335.0,2210,64545,11.618388,23119.75,22850.0,22850,ATM-5,CALL,23100,2026-06-11
2026-06-11 09:41:00+05:30,335.55,341.35,331.6,335.8,3640,65975,11.661459,23120.35,22850.0,22850,ATM-5,CALL,23100,2026-06-11
2026-06-11 09:42:00+05:30,335.9,336.2,330.15,332.75,1040,67925,11.278559,23120.0,22850.0,22850,ATM-5,CALL,23100,2026-06-11
2026-06-11 09:43:00+05:30,298.75,315.0,297.0,313.6,52455,365625,11.812341,23141.3,22900.0,22850,ATM-5,CALL,23100,2026-06-11
2026-06-11 09:44:00+05:30,315.0,318.45,313.5,316.5,47645,362115,11.881797,23144.25,22900.0,22850,ATM-5,CALL,23100,2026-06-11
2026-06-11 09:45:00+05:30,316.15,321.0,309.25,316.65,45500,363480,11.759992,23145.65,22900.0,22850,ATM-5,CALL,23100,2026-06-11
2026-06-11 09:46:00+05:30,316.65,322.0,313.4,319.65,20020,360230,11.217838,23154.45,22900.0,22850,ATM-5,CALL,23100,2026-06-11
2026-06-11 09:47:00+05:30,320.75,321.95,315.0,315.75,28860,361530,11.218018,23149.7,22900.0,22850,ATM-5,CALL,23100,2026-06-11
2026-06-11 09:48:00+05:30,315.3,318.0,310.0,310.0,17810,363090,11.339339,23141.5,22900.0,22850,ATM-5,CALL,23100,2026-06-11
2026-06-11 09:49:00+05:30,310.0,319.9,310.0,318.25,25155,363480,11.159854,23153.3,22900.0,22850,ATM-5,CALL,23100,2026-06-11
2026-06-11 09:50:00+05:30,319.85,330.9,312.15,329.45,44720,357630,11.608902,23162.9,22900.0,22850,ATM-5,CALL,23100,2026-06-11
2026-06-11 09:51:00+05:30,326.75,333.65,325.7,331.6,56290,346190,11.385939,23167.5,22900.0,22850,ATM-5,CALL,23100,2026-06-11
2026-06-11 09:52:00+05:30,332.15,334.5,326.15,332.3,25935,338715,11.098554,23170.8,22900.0,22850,ATM-5,CALL,23100,2026-06-11
2026-06-11 09:53:00+05:30,333.5,336.1,329.0,331.85,35685,337285,10.851333,23172.3,22900.0,22850,ATM-5,CALL,23100,2026-06-11
2026-06-11 09:54:00+05:30,332.15,332.5,320.0,320.2,19630,332865,11.529522,23152.35,22900.0,22850,ATM-5,CALL,23100,2026-06-11
2026-06-11 09:55:00+05:30,322.7,322.7,310.3,313.2,44460,330525,11.720761,23141.85,22900.0,22850,ATM-5,CALL,23100,2026-06-11
2026-06-11 09:56:00+05:30,312.15,319.95,310.3,310.95,20280,331435,11.573837,23140.5,22900.0,22850,ATM-5,CALL,23100,2026-06-11
2026-06-11 09:57:00+05:30,310.0,311.05,302.6,304.05,24895,332280,11.645237,23131.15,22900.0,22850,ATM-5,CALL,23100,2026-06-11
2026-06-11 09:58:00+05:30,341.6,342.15,329.65,330.05,3835,71110,11.532857,23114.7,22850.0,22850,ATM-5,CALL,23100,2026-06-11
2026-06-11 09:59:00+05:30,330.9,336.45,327.55,331.1,8255,73190,11.3479,23117.6,22850.0,22850,ATM-5,CALL,23100,2026-06-11
2026-06-11 10:00:00+05:30,293.65,304.65,293.65,302.0,44525,349050,11.487878,23130.2,22900.0,22850,ATM-5,CALL,23100,2026-06-11
2026-06-11 10:01:00+05:30,303.7,307.5,302.0,303.35,20345,352950,11.428541,23132.5,22900.0,22850,ATM-5,CALL,23100,2026-06-11
2026-06-11 10:02:00+05:30,338.0,340.35,332.9,333.85,1885,76115,11.113726,23122.9,22850.0,22850,ATM-5,CALL,23100,2026-06-11
2026-06-11 10:03:00+05:30,339.3,340.8,329.8,331.9,1820,75595,11.081584,23120.85,22850.0,22850,ATM-5,CALL,23100,2026-06-11
2026-06-11 10:04:00+05:30,333.85,333.85,323.7,323.7,3250,75465,11.364526,23108.55,22850.0,22850,ATM-5,CALL,23100,2026-06-11
2026-06-11 10:05:00+05:30,323.0,329.5,318.35,328.0,11505,74425,11.559003,23112.05,22850.0,22850,ATM-5,CALL,23100,2026-06-11
2026-06-11 10:06:00+05:30,291.0,308.0,289.85,305.75,44070,365495,11.249461,23137.3,22900.0,22850,ATM-5,CALL,23100,2026-06-11
2026-06-11 10:07:00+05:30,304.2,317.0,304.1,315.5,37635,358540,11.41339,23147.8,22900.0,22850,ATM-5,CALL,23100,2026-06-11
2026-06-11 10:08:00+05:30,314.75,325.0,312.45,324.05,45240,355485,11.565153,23156.9,22900.0,22850,ATM-5,CALL,23100,2026-06-11
2026-06-11 10:09:00+05:30,325.65,328.35,320.35,321.5,24700,354380,11.217337,23156.95,22900.0,22850,ATM-5,CALL,23100,2026-06-11
2026-06-11 10:10:00+05:30,320.0,329.75,319.4,323.55,56290,355485,11.346312,23158.3,22900.0,22850,ATM-5,CALL,23100,2026-06-11
2026-06-11 10:11:00+05:30,323.35,329.0,323.0,327.3,18395,376480,11.330603,23163.0,22900.0,22850,ATM-5,CALL,23100,2026-06-11
2026-06-11 10:12:00+05:30,327.95,329.0,320.55,321.0,23465,376675,11.186413,23156.65,22900.0,22850,ATM-5,CALL,23100,2026-06-11
2026-06-11 10:13:00+05:30,321.0,326.2,321.0,324.55,10595,378885,11.323624,23159.75,22900.0,22850,ATM-5,CALL,23100,2026-06-11
2026-06-11 10:14:00+05:30,326.0,327.85,313.2,316.0,32110,378300,11.518838,23147.5,22900.0,22850,ATM-5,CALL,23100,2026-06-11
2026-06-11 10:15:00+05:30,316.4,325.15,315.4,324.6,6630,364130,11.537971,23157.9,22900.0,22850,ATM-5,CALL,23100,2026-06-11
2026-06-11 10:16:00+05:30,324.35,333.2,324.35,328.2,26390,364585,11.237606,23164.95,22900.0,22850,ATM-5,CALL,23100,2026-06-11
2026-06-11 10:17:00+05:30,328.1,335.0,327.2,334.8,10790,364260,11.670589,23169.15,22900.0,22850,ATM-5,CALL,23100,2026-06-11
2026-06-11 10:18:00+05:30,332.15,339.65,327.75,337.95,16770,360100,11.667829,23173.0,22900.0,22850,ATM-5,CALL,23100,2026-06-11
2026-06-11 10:19:00+05:30,300.05,307.0,299.95,306.1,24180,177775,11.695652,23183.15,22950.0,22850,ATM-5,CALL,23100,2026-06-11
2026-06-11 10:20:00+05:30,307.15,313.9,303.0,313.6,24245,177320,11.92757,23190.25,22950.0,22850,ATM-5,CALL,23100,2026-06-11
2026-06-11 10:21:00+05:30,313.15,313.6,302.05,302.65,17940,172900,11.366658,23182.15,22950.0,22850,ATM-5,CALL,23100,2026-06-11
2026-06-11 10:22:00+05:30,306.0,307.05,301.0,302.55,14365,174460,11.578938,23179.9,22950.0,22850,ATM-5,CALL,23100,2026-06-11
2026-06-11 10:23:00+05:30,304.15,308.0,302.55,303.45,7410,169390,11.529114,23181.55,22950.0,22850,ATM-5,CALL,23100,2026-06-11
2026-06-11 10:24:00+05:30,305.15,305.75,298.9,303.6,6955,169325,11.725236,23179.75,22950.0,22850,ATM-5,CALL,23100,2026-06-11
2026-06-11 10:25:00+05:30,303.4,304.0,299.95,300.1,4290,170820,11.331832,23179.35,22950.0,22850,ATM-5,CALL,23100,2026-06-11
2026-06-11 10:26:00+05:30,302.35,314.25,300.1,313.35,17355,169520,11.61112,23193.15,22950.0,22850,ATM-5,CALL,23100,2026-06-11
2026-06-11 10:27:00+05:30,313.2,324.75,312.65,324.75,31785,173550,11.572025,23207.6,22950.0,22850,ATM-5,CALL,23100,2026-06-11
2026-06-11 10:28:00+05:30,325.05,326.9,313.85,318.2,15535,162110,11.58872,23199.4,22950.0,22850,ATM-5,CALL,23100,2026-06-11
2026-06-11 10:29:00+05:30,317.65,322.8,317.1,318.45,6565,161070,11.611875,23199.5,22950.0,22850,ATM-5,CALL,23100,2026-06-11
2026-06-11 10:30:00+05:30,318.9,324.5,307.4,309.75,12480,162760,11.591706,23188.9,22950.0,22850,ATM-5,CALL,23100,2026-06-11
2026-06-11 10:31:00+05:30,309.0,317.25,306.5,316.25,15860,159705,11.363573,23199.15,22950.0,22850,ATM-5,CALL,23100,2026-06-11
2026-06-11 10:32:00+05:30,315.9,323.4,313.2,321.95,7670,160030,11.595779,23204.0,22950.0,22850,ATM-5,CALL,23100,2026-06-11
2026-06-11 10:33:00+05:30,318.6,321.95,312.25,315.9,5720,161590,11.341253,23198.95,22950.0,22850,ATM-5,CALL,23100,2026-06-11
2026-06-11 10:34:00+05:30,317.8,318.05,315.0,317.7,1170,161590,11.381153,23200.8,22950.0,22850,ATM-5,CALL,23100,2026-06-11
2026-06-11 10:35:00+05:30,316.1,323.55,316.1,317.65,6955,162760,11.310671,23201.4,22950.0,22850,ATM-5,CALL,23100,2026-06-11
2026-06-11 10:36:00+05:30,316.1,317.65,310.0,315.35,7540,162370,11.564254,23196.2,22950.0,22850,ATM-5,CALL,23100,2026-06-11
2026-06-11 10:37:00+05:30,316.6,317.05,309.7,309.75,7150,162695,11.290213,23191.9,22950.0,22850,ATM-5,CALL,23100,2026-06-11
2026-06-11 10:38:00+05:30,312.85,317.0,309.75,316.65,5265,164190,11.429932,23199.1,22950.0,22850,ATM-5,CALL,23100,2026-06-11
2026-06-11 10:39:00+05:30,320.25,325.35,316.25,322.85,9360,162760,11.348223,23207.45,22950.0,22850,ATM-5,CALL,23100,2026-06-11
2026-06-11 10:40:00+05:30,323.8,328.0,320.0,322.35,8255,163605,10.705471,23212.4,22950.0,22850,ATM-5,CALL,23100,2026-06-11
2026-06-11 10:41:00+05:30,326.75,327.1,317.65,317.65,7865,162240,11.091221,23203.45,22950.0,22850,ATM-5,CALL,23100,2026-06-11
2026-06-11 10:42:00+05:30,318.5,320.9,315.65,320.9,7150,159770,11.265804,23205.85,22950.0,22850,ATM-5,CALL,23100,2026-06-11
2026-06-11 10:43:00+05:30,321.25,322.7,317.4,318.0,1365,159055,11.29055,23202.1,22950.0,22850,ATM-5,CALL,23100,2026-06-11
2026-06-11 10:44:00+05:30,317.35,320.05,313.9,320.05,3705,158210,11.264337,23204.85,22950.0,22850,ATM-5,CALL,23100,2026-06-11
2026-06-11 10:45:00+05:30,316.1,320.05,312.85,315.9,2405,158015,10.721462,23204.6,22950.0,22850,ATM-5,CALL,23100,2026-06-11
2026-06-11 10:46:00+05:30,322.25,325.5,315.9,319.85,6045,157950,11.042352,23206.6,22950.0,22850,ATM-5,CALL,23100,2026-06-11
2026-06-11 10:47:00+05:30,319.0,324.15,318.25,324.15,2860,159250,11.209109,23210.35,22950.0,22850,ATM-5,CALL,23100,2026-06-11
2026-06-11 10:48:00+05:30,325.0,326.5,315.35,319.75,4810,158340,11.133228,23205.7,22950.0,22850,ATM-5,CALL,23100,2026-06-11
2026-06-11 10:49:00+05:30,321.3,321.3,310.8,310.8,5070,159250,11.24557,23193.75,22950.0,22850,ATM-5,CALL,23100,2026-06-11
2026-06-11 10:50:00+05:30,310.5,311.75,304.05,307.0,12350,157040,11.520563,23186.4,22950.0,22850,ATM-5,CALL,23100,2026-06-11
2026-06-11 10:51:00+05:30,310.0,317.0,307.0,312.95,2925,159510,11.908312,23190.0,22950.0,22850,ATM-5,CALL,23100,2026-06-11
2026-06-11 10:52:00+05:30,310.45,315.4,309.0,309.7,2600,159510,11.6971,23188.05,22950.0,22850,ATM-5,CALL,23100,2026-06-11
2026-06-11 10:53:00+05:30,346.3,347.0,336.2,336.8,9815,331240,11.327184,23174.9,22900.0,22850,ATM-5,CALL,23100,2026-06-11
2026-06-11 10:54:00+05:30,336.7,340.6,334.6,337.3,13715,333385,11.423619,23174.7,22900.0,22850,ATM-5,CALL,23100,2026-06-11
2026-06-11 10:55:00+05:30,337.35,339.65,333.15,337.45,10985,333580,11.621424,23173.2,22900.0,22850,ATM-5,CALL,23100,2026-06-11
2026-06-11 10:56:00+05:30,298.0,305.55,298.0,303.2,5005,164190,11.708673,23179.8,22950.0,22850,ATM-5,CALL,23100,2026-06-11
2026-06-11 10:57:00+05:30,303.1,304.6,298.95,298.95,4745,164060,11.429075,23177.3,22950.0,22850,ATM-5,CALL,23100,2026-06-11
2026-06-11 10:58:00+05:30,300.0,304.0,297.0,297.0,4355,163735,11.350693,23175.65,22950.0,22850,ATM-5,CALL,23100,2026-06-11
2026-06-11 10:59:00+05:30,296.85,302.6,294.25,302.6,2860,164840,11.950952,23176.55,22950.0,22850,ATM-5,CALL,23100,2026-06-11
2026-06-11 11:00:00+05:30,339.7,343.5,331.0,331.3,4290,333385,11.200527,23169.45,22900.0,22850,ATM-5,CALL,23100,2026-06-11
2026-06-11 11:01:00+05:30,331.8,336.95,328.4,330.45,19565,335075,11.35202,23167.15,22900.0,22850,ATM-5,CALL,23100,2026-06-11
2026-06-11 11:02:00+05:30,330.85,333.7,329.5,331.4,18265,341640,11.39908,23167.9,22900.0,22850,ATM-5,CALL,23100,2026-06-11
2026-06-11 11:03:00+05:30,293.65,303.0,292.0,303.0,3445,166465,11.628545,23180.45,22950.0,22850,ATM-5,CALL,23100,2026-06-11
2026-06-11 11:04:00+05:30,305.15,308.6,301.5,302.6,11245,168220,11.465714,23181.6,22950.0,22850,ATM-5,CALL,23100,2026-06-11
2026-06-11 11:05:00+05:30,306.35,318.85,302.6,316.75,15990,164905,11.400354,23199.8,22950.0,22850,ATM-5,CALL,23100,2026-06-11
2026-06-11 11:06:00+05:30,318.6,321.2,311.55,319.3,4940,168870,11.261549,23204.2,22950.0,22850,ATM-5,CALL,23100,2026-06-11
2026-06-11 11:07:00+05:30,321.25,323.0,307.65,307.85,17095,167635,11.273169,23190.05,22950.0,22850,ATM-5,CALL,23100,2026-06-11
2026-06-11 11:08:00+05:30,307.2,316.45,305.75,312.05,7150,167570,11.320266,23194.8,22950.0,22850,ATM-5,CALL,23100,2026-06-11
2026-06-11 11:09:00+05:30,308.8,312.05,301.7,309.15,5655,173290,11.072669,23193.55,22950.0,22850,ATM-5,CALL,23100,2026-06-11
2026-06-11 11:10:00+05:30,309.8,309.8,304.55,309.3,3510,172705,11.312753,23191.5,22950.0,22850,ATM-5,CALL,23100,2026-06-11
2026-06-11 11:11:00+05:30,309.0,312.0,306.65,306.65,6240,170300,11.211224,23189.2,22950.0,22850,ATM-5,CALL,23100,2026-06-11
2026-06-11 11:12:00+05:30,305.9,307.1,304.0,307.1,2210,169715,11.498237,23187.0,22950.0,22850,ATM-5,CALL,23100,2026-06-11
2026-06-11 11:13:00+05:30,307.75,310.2,304.7,307.45,8190,169130,11.719619,23185.25,22950.0,22850,ATM-5,CALL,23100,2026-06-11
2026-06-11 11:14:00+05:30,307.85,310.8,303.0,303.1,5980,173160,11.379193,23183.2,22950.0,22850,ATM-5,CALL,23100,2026-06-11
2026-06-11 11:15:00+05:30,306.1,310.65,303.1,309.2,4485,173940,11.641172,23188.25,22950.0,22850,ATM-5,CALL,23100,2026-06-11
2026-06-11 11:16:00+05:30,308.55,309.7,305.2,309.3,2925,172575,11.532861,23189.45,22950.0,22850,ATM-5,CALL,23100,2026-06-11
2026-06-11 11:17:00+05:30,307.0,314.0,307.0,311.65,3835,172315,11.368842,23193.95,22950.0,22850,ATM-5,CALL,23100,2026-06-11
2026-06-11 11:18:00+05:30,311.9,321.5,310.7,320.1,7865,172185,11.278735,23205.15,22950.0,22850,ATM-5,CALL,23100,2026-06-11
2026-06-11 11:19:00+05:30,322.95,324.25,316.0,317.25,9165,168025,11.082141,23203.45,22950.0,22850,ATM-5,CALL,23100,2026-06-11
2026-06-11 11:20:00+05:30,317.25,326.5,314.75,326.35,9360,166335,11.301932,23212.55,22950.0,22850,ATM-5,CALL,23100,2026-06-11
2026-06-11 11:21:00+05:30,326.95,334.65,325.35,333.7,11895,164580,11.432389,23220.3,22950.0,22850,ATM-5,CALL,23100,2026-06-11
2026-06-11 11:22:00+05:30,334.55,334.75,327.85,328.55,8515,163670,11.431227,23214.1,22950.0,22850,ATM-5,CALL,23100,2026-06-11
2026-06-11 11:23:00+05:30,329.9,335.0,324.9,324.9,11635,162630,11.044793,23213.05,22950.0,22850,ATM-5,CALL,23100,2026-06-11
2026-06-11 11:24:00+05:30,325.85,331.3,322.0,329.65,5525,160420,11.074693,23218.5,22950.0,22850,ATM-5,CALL,23100,2026-06-11
2026-06-11 11:25:00+05:30,331.25,334.55,328.5,330.0,5525,161395,11.441225,23215.8,22950.0,22850,ATM-5,CALL,23100,2026-06-11
2026-06-11 11:26:00+05:30,293.05,305.0,292.3,304.15,161395,1849120,11.952418,23228.5,23000.0,22850,ATM-5,CALL,23100,2026-06-11
2026-06-11 11:27:00+05:30,305.35,314.0,304.15,312.4,172250,1806025,12.419382,23234.1,23000.0,22850,ATM-5,CALL,23100,2026-06-11
2026-06-11 11:28:00+05:30,312.35,313.95,307.35,311.5,118300,1794195,12.126502,23236.05,23000.0,22850,ATM-5,CALL,23100,2026-06-11
2026-06-11 11:29:00+05:30,309.75,312.8,304.1,311.45,78130,1780025,12.179216,23235.45,23000.0,22850,ATM-5,CALL,23100,2026-06-11
2026-06-11 11:30:00+05:30,312.15,318.0,308.85,309.65,153270,1783470,11.886758,23236.2,23000.0,22850,ATM-5,CALL,23100,2026-06-11
2026-06-11 11:31:00+05:30,310.0,313.35,302.25,305.4,126685,1733550,12.313871,23226.3,23000.0,22850,ATM-5,CALL,23100,2026-06-11
2026-06-11 11:32:00+05:30,305.4,305.75,299.8,303.4,55120,1728415,12.090716,23226.15,23000.0,22850,ATM-5,CALL,23100,2026-06-11
2026-06-11 11:33:00+05:30,303.4,312.25,303.4,309.1,105885,1755325,12.079892,23233.55,23000.0,22850,ATM-5,CALL,23100,2026-06-11
2026-06-11 11:34:00+05:30,309.0,309.1,300.3,300.55,37830,1781000,11.729636,23226.35,23000.0,22850,ATM-5,CALL,23100,2026-06-11
2026-06-11 11:35:00+05:30,301.75,308.7,297.95,308.7,88985,1797120,11.956149,23234.35,23000.0,22850,ATM-5,CALL,23100,2026-06-11
2026-06-11 11:36:00+05:30,342.15,346.55,333.9,335.3,3445,153660,11.51814,23221.65,22950.0,22850,ATM-5,CALL,23100,2026-06-11
2026-06-11 11:37:00+05:30,337.6,338.65,334.05,334.05,5980,155025,11.757064,23218.05,22950.0,22850,ATM-5,CALL,23100,2026-06-11
2026-06-11 11:38:00+05:30,334.4,336.15,329.9,330.7,3315,153985,11.610023,23215.3,22950.0,22850,ATM-5,CALL,23100,2026-06-11
2026-06-11 11:39:00+05:30,328.4,336.25,327.35,335.6,4420,155025,11.411977,23222.95,22950.0,22850,ATM-5,CALL,23100,2026-06-11
2026-06-11 11:40:00+05:30,335.7,339.8,334.05,335.3,4160,155155,11.358794,23223.05,22950.0,22850,ATM-5,CALL,23100,2026-06-11
2026-06-11 11:41:00+05:30,295.0,304.0,295.0,304.0,29380,1793090,11.778844,23230.3,23000.0,22850,ATM-5,CALL,23100,2026-06-11
2026-06-11 11:42:00+05:30,303.0,319.5,302.35,318.3,143910,1777620,12.147261,23244.6,23000.0,22850,ATM-5,CALL,23100,2026-06-11
2026-06-11 11:43:00+05:30,317.2,318.3,311.05,312.45,87295,1760330,11.718926,23241.55,23000.0,22850,ATM-5,CALL,23100,2026-06-11
2026-06-11 11:44:00+05:30,313.8,325.4,312.45,325.4,125515,1733745,12.12811,23253.7,23000.0,22850,ATM-5,CALL,23100,2026-06-11
2026-06-11 11:45:00+05:30,327.6,329.85,322.75,325.55,131820,1706250,12.112591,23254.05,23000.0,22850,ATM-5,CALL,23100,2026-06-11
2026-06-11 11:46:00+05:30,325.1,329.15,323.0,329.15,68510,1692145,12.188627,23257.8,23000.0,22850,ATM-5,CALL,23100,2026-06-11
2026-06-11 11:47:00+05:30,328.95,342.15,325.1,342.15,158665,1683240,12.680654,23269.2,23000.0,22850,ATM-5,CALL,23100,2026-06-11
2026-06-11 11:48:00+05:30,343.35,344.4,333.15,337.65,155155,1663935,12.186117,23268.35,23000.0,22850,ATM-5,CALL,23100,2026-06-11
2026-06-11 11:49:00+05:30,337.15,337.65,330.05,334.45,45825,1671670,12.103206,23265.2,23000.0,22850,ATM-5,CALL,23100,2026-06-11
2026-06-11 11:50:00+05:30,334.65,340.45,334.45,338.9,42770,1665170,11.754756,23273.8,23000.0,22850,ATM-5,CALL,23100,2026-06-11
2026-06-11 11:51:00+05:30,339.5,342.0,335.8,335.8,48685,1656265,11.883253,23268.9,23000.0,22850,ATM-5,CALL,23100,2026-06-11
2026-06-11 11:52:00+05:30,335.75,339.8,332.2,339.0,108680,1639495,12.181219,23270.1,23000.0,22850,ATM-5,CALL,23100,2026-06-11
2026-06-11 11:53:00+05:30,338.45,340.0,336.2,339.0,29120,1597960,11.738088,23274.1,23000.0,22850,ATM-5,CALL,23100,2026-06-11
2026-06-11 11:54:00+05:30,340.0,345.25,336.3,337.15,46020,1601210,11.614789,23272.95,23000.0,22850,ATM-5,CALL,23100,2026-06-11
2026-06-11 11:55:00+05:30,339.0,344.2,337.15,339.15,33020,1596920,11.795467,23273.8,23000.0,22850,ATM-5,CALL,23100,2026-06-11
2026-06-11 11:56:00+05:30,301.5,318.8,299.0,316.15,46345,647530,12.755872,23285.3,23050.0,22850,ATM-5,CALL,23100,2026-06-11
2026-06-11 11:57:00+05:30,316.55,316.55,310.1,314.7,31265,635440,12.617361,23284.95,23050.0,22850,ATM-5,CALL,23100,2026-06-11
2026-06-11 11:58:00+05:30,313.1,321.05,313.1,314.6,25025,640055,12.038646,23290.9,23050.0,22850,ATM-5,CALL,23100,2026-06-11
2026-06-11 11:59:00+05:30,314.5,314.7,308.15,309.55,16315,638105,12.170636,23283.15,23050.0,22850,ATM-5,CALL,23100,2026-06-11
2026-06-11 12:00:00+05:30,310.05,316.0,309.55,310.1,10140,637520,12.104979,23284.55,23050.0,22850,ATM-5,CALL,23100,2026-06-11
2026-06-11 12:01:00+05:30,310.9,316.55,309.4,314.15,9425,637455,12.21587,23288.55,23050.0,22850,ATM-5,CALL,23100,2026-06-11
2026-06-11 12:02:00+05:30,315.6,315.95,311.0,311.7,9165,637455,12.192017,23285.7,23050.0,22850,ATM-5,CALL,23100,2026-06-11
2026-06-11 12:03:00+05:30,312.4,316.65,311.05,314.85,5850,637195,12.163699,23290.0,23050.0,22850,ATM-5,CALL,23100,2026-06-11
2026-06-11 12:04:00+05:30,314.85,314.85,309.85,311.05,5850,638755,12.018382,23286.7,23050.0,22850,ATM-5,CALL,23100,2026-06-11
2026-06-11 12:05:00+05:30,312.3,313.0,302.1,305.15,18395,638625,11.833424,23281.15,23050.0,22850,ATM-5,CALL,23100,2026-06-11
2026-06-11 12:06:00+05:30,309.0,310.95,303.6,309.25,13325,640510,12.242184,23282.1,23050.0,22850,ATM-5,CALL,23100,2026-06-11
2026-06-11 12:07:00+05:30,310.3,318.0,309.25,316.75,12870,640510,12.372243,23290.3,23050.0,22850,ATM-5,CALL,23100,2026-06-11
2026-06-11 12:08:00+05:30,318.15,319.0,309.2,312.5,14560,645255,12.390917,23284.7,23050.0,22850,ATM-5,CALL,23100,2026-06-11
2026-06-11 12:09:00+05:30,312.3,313.3,308.0,309.15,5070,646100,12.124603,23283.25,23050.0,22850,ATM-5,CALL,23100,2026-06-11
2026-06-11 12:10:00+05:30,308.8,310.35,304.7,307.6,9295,646100,12.36692,23278.7,23050.0,22850,ATM-5,CALL,23100,2026-06-11
2026-06-11 12:11:00+05:30,308.25,308.9,301.55,303.5,9100,643370,11.984402,23277.55,23050.0,22850,ATM-5,CALL,23100,2026-06-11
2026-06-11 12:12:00+05:30,305.0,308.0,302.0,308.0,6890,645385,11.987974,23283.25,23050.0,22850,ATM-5,CALL,23100,2026-06-11
2026-06-11 12:13:00+05:30,309.1,312.1,306.0,311.45,15015,651235,12.102589,23286.45,23050.0,22850,ATM-5,CALL,23100,2026-06-11
2026-06-11 12:14:00+05:30,308.0,312.0,305.25,312.0,4290,648960,12.064621,23287.55,23050.0,22850,ATM-5,CALL,23100,2026-06-11
2026-06-11 12:15:00+05:30,312.8,327.5,312.0,323.95,76895,648960,12.212704,23301.1,23050.0,22850,ATM-5,CALL,23100,2026-06-11
2026-06-11 12:16:00+05:30,327.7,328.45,316.45,328.0,32630,615680,12.392089,23304.4,23050.0,22850,ATM-5,CALL,23100,2026-06-11
2026-06-11 12:17:00+05:30,328.0,329.9,318.3,319.8,15340,610740,12.039417,23297.65,23050.0,22850,ATM-5,CALL,23100,2026-06-11
2026-06-11 12:18:00+05:30,318.95,320.0,315.65,317.25,9945,610740,12.056182,23294.3,23050.0,22850,ATM-5,CALL,23100,2026-06-11
2026-06-11 12:19:00+05:30,317.05,317.25,312.5,314.25,9685,607815,12.157876,23289.5,23050.0,22850,ATM-5,CALL,23100,2026-06-11
2026-06-11 12:20:00+05:30,313.15,315.3,306.55,308.35,15340,606385,11.972756,23283.95,23050.0,22850,ATM-5,CALL,23100,2026-06-11
2026-06-11 12:21:00+05:30,308.4,311.0,306.0,309.8,7150,603785,12.222603,23283.2,23050.0,22850,ATM-5,CALL,23100,2026-06-11
2026-06-11 12:22:00+05:30,310.5,314.7,309.8,312.9,8905,603460,12.20409,23287.35,23050.0,22850,ATM-5,CALL,23100,2026-06-11
2026-06-11 12:23:00+05:30,312.65,318.95,310.7,316.5,8840,603200,12.063047,23293.35,23050.0,22850,ATM-5,CALL,23100,2026-06-11
2026-06-11 12:24:00+05:30,315.95,316.9,312.0,316.8,3770,604955,12.258919,23291.75,23050.0,22850,ATM-5,CALL,23100,2026-06-11
2026-06-11 12:25:00+05:30,316.4,316.8,309.9,313.7,6630,605345,12.175249,23288.7,23050.0,22850,ATM-5,CALL,23100,2026-06-11
2026-06-11 12:26:00+05:30,315.25,320.35,313.7,314.55,7670,603785,11.892018,23292.65,23050.0,22850,ATM-5,CALL,23100,2026-06-11
2026-06-11 12:27:00+05:30,314.95,318.0,313.95,316.95,13000,603005,12.173411,23292.85,23050.0,22850,ATM-5,CALL,23100,2026-06-11
2026-06-11 12:28:00+05:30,317.1,323.35,313.7,321.9,10595,602160,11.99895,23300.8,23050.0,22850,ATM-5,CALL,23100,2026-06-11
2026-06-11 12:29:00+05:30,319.65,324.25,317.55,317.9,10335,602355,11.817371,23297.6,23050.0,22850,ATM-5,CALL,23100,2026-06-11
2026-06-11 12:30:00+05:30,319.6,333.65,317.9,328.65,26975,601315,12.334972,23305.95,23050.0,22850,ATM-5,CALL,23100,2026-06-11
2026-06-11 12:31:00+05:30,328.35,339.05,325.1,337.55,20930,597155,12.441315,23316.0,23050.0,22850,ATM-5,CALL,23100,2026-06-11
2026-06-11 12:32:00+05:30,336.2,342.25,335.0,340.8,42770,592540,12.434132,23320.1,23050.0,22850,ATM-5,CALL,23100,2026-06-11
2026-06-11 12:33:00+05:30,340.9,340.9,336.0,339.0,14820,584415,12.625051,23316.05,23050.0,22850,ATM-5,CALL,23100,2026-06-11
2026-06-11 12:34:00+05:30,338.0,340.0,335.2,339.45,7215,579930,12.047227,23322.05,23050.0,22850,ATM-5,CALL,23100,2026-06-11
2026-06-11 12:35:00+05:30,341.6,345.0,327.35,331.7,51285,579150,11.983873,23313.15,23050.0,22850,ATM-5,CALL,23100,2026-06-11
2026-06-11 12:36:00+05:30,332.3,333.8,327.75,329.7,8580,564460,12.287155,23307.8,23050.0,22850,ATM-5,CALL,23100,2026-06-11
2026-06-11 12:37:00+05:30,329.45,331.25,322.4,323.5,15665,569725,12.9592,23293.1,23050.0,22850,ATM-5,CALL,23100,2026-06-11
2026-06-11 12:38:00+05:30,324.45,325.05,317.7,319.7,10920,571610,12.448095,23293.65,23050.0,22850,ATM-5,CALL,23100,2026-06-11
2026-06-11 12:39:00+05:30,321.45,327.15,319.7,327.15,8190,570895,12.973237,23297.65,23050.0,22850,ATM-5,CALL,23100,2026-06-11
2026-06-11 12:40:00+05:30,327.15,327.15,322.45,324.75,1885,571740,12.658772,23297.9,23050.0,22850,ATM-5,CALL,23100,2026-06-11
2026-06-11 12:41:00+05:30,324.4,327.15,320.05,322.05,16575,571935,12.594788,23295.15,23050.0,22850,ATM-5,CALL,23100,2026-06-11
2026-06-11 12:42:00+05:30,317.55,325.65,317.55,322.5,3445,563745,12.515761,23296.55,23050.0,22850,ATM-5,CALL,23100,2026-06-11
2026-06-11 12:43:00+05:30,321.65,323.35,314.6,321.5,10270,565825,12.688191,23293.5,23050.0,22850,ATM-5,CALL,23100,2026-06-11
2026-06-11 12:44:00+05:30,320.5,326.05,320.15,323.85,6240,566735,12.7269,23296.1,23050.0,22850,ATM-5,CALL,23100,2026-06-11
2026-06-11 12:45:00+05:30,324.3,324.3,319.9,324.0,4810,567125,12.846202,23295.05,23050.0,22850,ATM-5,CALL,23100,2026-06-11
2026-06-11 12:46:00+05:30,327.0,333.25,324.0,330.75,13910,568035,13.062044,23301.4,23050.0,22850,ATM-5,CALL,23100,2026-06-11
2026-06-11 12:47:00+05:30,332.2,332.55,321.35,323.85,10140,566735,12.999557,23293.25,23050.0,22850,ATM-5,CALL,23100,2026-06-11
2026-06-11 12:48:00+05:30,323.1,324.15,316.0,317.05,7280,564590,12.852885,23286.1,23050.0,22850,ATM-5,CALL,23100,2026-06-11
2026-06-11 12:49:00+05:30,317.35,318.55,306.35,308.9,20215,563875,12.861381,23275.45,23050.0,22850,ATM-5,CALL,23100,2026-06-11
2026-06-11 12:50:00+05:30,308.6,315.9,308.6,315.9,6110,558480,13.056176,23282.4,23050.0,22850,ATM-5,CALL,23100,2026-06-11
2026-06-11 12:51:00+05:30,316.85,320.6,313.35,313.35,7280,560235,12.880749,23281.05,23050.0,22850,ATM-5,CALL,23100,2026-06-11
2026-06-11 12:52:00+05:30,312.55,313.9,309.4,309.4,7670,564005,12.594333,23279.1,23050.0,22850,ATM-5,CALL,23100,2026-06-11
2026-06-11 12:53:00+05:30,314.4,317.75,309.4,315.35,6305,565890,12.790834,23284.65,23050.0,22850,ATM-5,CALL,23100,2026-06-11
2026-06-11 12:54:00+05:30,315.0,317.0,314.0,317.0,3965,568360,13.665234,23276.95,23050.0,22850,ATM-5,CALL,23100,2026-06-11
2026-06-11 12:55:00+05:30,317.0,317.0,317.0,317.0,0,568360,13.665236,23276.95,23050.0,22850,ATM-5,CALL,23100,2026-06-11
2026-06-11 12:56:00+05:30,311.85,319.25,311.85,315.55,6955,567320,12.97312,23282.95,23050.0,22850,ATM-5,CALL,23100,2026-06-11
2026-06-11 12:57:00+05:30,314.3,332.3,314.3,332.3,14950,566800,13.485969,23299.0,23050.0,22850,ATM-5,CALL,23100,2026-06-11
2026-06-11 12:58:00+05:30,331.2,338.0,330.25,335.8,16185,567970,13.459593,23303.8,23050.0,22850,ATM-5,CALL,23100,2026-06-11
2026-06-11 12:59:00+05:30,334.3,341.0,327.55,340.2,20735,567580,13.572139,23308.25,23050.0,22850,ATM-5,CALL,23100,2026-06-11
2026-06-11 13:00:00+05:30,342.05,355.0,340.2,351.3,41275,566215,13.396505,23324.15,23050.0,22850,ATM-5,CALL,23100,2026-06-11
2026-06-11 13:01:00+05:30,352.85,354.65,341.3,341.9,13520,561145,13.220971,23314.1,23050.0,22850,ATM-5,CALL,23100,2026-06-11
2026-06-11 13:02:00+05:30,341.75,342.8,333.15,337.6,12220,558415,13.40401,23306.75,23050.0,22850,ATM-5,CALL,23100,2026-06-11
2026-06-11 13:03:00+05:30,335.15,337.6,332.55,332.55,5460,557830,13.039651,23304.15,23050.0,22850,ATM-5,CALL,23100,2026-06-11
2026-06-11 13:04:00+05:30,332.55,334.05,328.55,330.6,4875,556790,13.047548,23301.6,23050.0,22850,ATM-5,CALL,23100,2026-06-11
2026-06-11 13:05:00+05:30,332.3,333.6,328.5,333.6,7085,557180,13.307475,23302.7,23050.0,22850,ATM-5,CALL,23100,2026-06-11
2026-06-11 13:06:00+05:30,334.0,334.6,329.05,333.45,1755,556205,13.403084,23301.5,23050.0,22850,ATM-5,CALL,23100,2026-06-11
2026-06-11 13:07:00+05:30,331.35,333.85,328.0,328.0,5200,556595,12.978561,23299.05,23050.0,22850,ATM-5,CALL,23100,2026-06-11
2026-06-11 13:08:00+05:30,328.25,329.25,322.85,326.4,5330,555945,13.451426,23291.9,23050.0,22850,ATM-5,CALL,23100,2026-06-11
2026-06-11 13:09:00+05:30,323.75,326.4,314.7,314.7,5460,554840,13.096549,23280.65,23050.0,22850,ATM-5,CALL,23100,2026-06-11
2026-06-11 13:10:00+05:30,316.05,318.75,313.8,317.35,6370,553735,13.240881,23282.5,23050.0,22850,ATM-5,CALL,23100,2026-06-11
2026-06-11 13:11:00+05:30,316.9,317.85,310.2,315.05,5460,554970,13.289949,23278.95,23050.0,22850,ATM-5,CALL,23100,2026-06-11
2026-06-11 13:12:00+05:30,353.15,353.15,339.1,344.85,51740,1505595,13.307623,23267.45,23000.0,22850,ATM-5,CALL,23100,2026-06-11
2026-06-11 13:13:00+05:30,343.7,344.85,336.65,337.75,19110,1503775,13.125578,23260.35,23000.0,22850,ATM-5,CALL,23100,2026-06-11
2026-06-11 13:14:00+05:30,337.35,341.15,336.65,338.95,47320,1503385,13.36189,23259.45,23000.0,22850,ATM-5,CALL,23100,2026-06-11
2026-06-11 13:15:00+05:30,338.65,342.0,336.5,338.7,55315,1495910,13.255214,23260.25,23000.0,22850,ATM-5,CALL,23100,2026-06-11
2026-06-11 13:16:00+05:30,342.0,344.8,335.5,337.55,23920,1499160,13.597771,23255.2,23000.0,22850,ATM-5,CALL,23100,2026-06-11
2026-06-11 13:17:00+05:30,336.2,344.65,329.75,341.7,51610,1495195,13.335739,23263.25,23000.0,22850,ATM-5,CALL,23100,2026-06-11
2026-06-11 13:18:00+05:30,340.0,341.7,333.45,337.7,18720,1497210,13.752888,23253.75,23000.0,22850,ATM-5,CALL,23100,2026-06-11
2026-06-11 13:19:00+05:30,337.75,340.45,332.15,332.15,17485,1500720,13.050982,23254.1,23000.0,22850,ATM-5,CALL,23100,2026-06-11
2026-06-11 13:20:00+05:30,332.9,334.5,323.0,324.8,44330,1505140,12.504062,23250.4,23000.0,22850,ATM-5,CALL,23100,2026-06-11
2026-06-11 13:21:00+05:30,324.85,324.85,313.35,313.55,83785,1497535,12.248698,23238.8,23000.0,22850,ATM-5,CALL,23100,2026-06-11
2026-06-11 13:22:00+05:30,313.85,314.5,309.6,310.35,51285,1499875,12.840838,23228.4,23000.0,22850,ATM-5,CALL,23100,2026-06-11
2026-06-11 13:23:00+05:30,311.65,327.55,309.9,322.0,63830,1504685,12.804561,23243.8,23000.0,22850,ATM-5,CALL,23100,2026-06-11
2026-06-11 13:24:00+05:30,320.95,324.05,316.35,322.65,26195,1502410,13.302062,23239.3,23000.0,22850,ATM-5,CALL,23100,2026-06-11
2026-06-11 13:25:00+05:30,322.05,322.8,312.0,312.5,30420,1502475,12.69624,23232.8,23000.0,22850,ATM-5,CALL,23100,2026-06-11
2026-06-11 13:26:00+05:30,311.75,312.5,303.8,308.0,51805,1507415,12.867555,23225.1,23000.0,22850,ATM-5,CALL,23100,2026-06-11
2026-06-11 13:27:00+05:30,309.2,313.7,307.85,310.25,37180,1511445,12.633976,23230.6,23000.0,22850,ATM-5,CALL,23100,2026-06-11
2026-06-11 13:28:00+05:30,310.2,317.3,308.3,313.1,55640,1517880,12.669473,23233.9,23000.0,22850,ATM-5,CALL,23100,2026-06-11
2026-06-11 13:29:00+05:30,313.85,320.85,313.1,319.4,34255,1500980,12.580872,23242.9,23000.0,22850,ATM-5,CALL,23100,2026-06-11
2026-06-11 13:30:00+05:30,319.25,339.55,319.25,331.85,101790,1498835,12.69273,23257.5,23000.0,22850,ATM-5,CALL,23100,2026-06-11
2026-06-11 13:31:00+05:30,333.5,333.5,323.75,333.0,42965,1513785,12.917564,23256.7,23000.0,22850,ATM-5,CALL,23100,2026-06-11
2026-06-11 13:32:00+05:30,335.15,338.8,331.75,336.6,43160,1512355,12.761077,23262.8,23000.0,22850,ATM-5,CALL,23100,2026-06-11
2026-06-11 13:33:00+05:30,336.05,341.55,331.4,332.45,43810,1514435,12.64634,23258.75,23000.0,22850,ATM-5,CALL,23100,2026-06-11
2026-06-11 13:34:00+05:30,328.8,332.45,320.2,320.25,32760,1512225,12.618966,23243.65,23000.0,22850,ATM-5,CALL,23100,2026-06-11
2026-06-11 13:35:00+05:30,323.0,328.5,319.1,324.45,27300,1510665,12.617556,23249.0,23000.0,22850,ATM-5,CALL,23100,2026-06-11
2026-06-11 13:36:00+05:30,323.95,332.5,323.15,332.5,21645,1515150,12.901134,23256.3,23000.0,22850,ATM-5,CALL,23100,2026-06-11
2026-06-11 13:37:00+05:30,333.45,333.45,325.0,325.45,33150,1528995,12.537091,23251.1,23000.0,22850,ATM-5,CALL,23100,2026-06-11
2026-06-11 13:38:00+05:30,325.65,325.65,315.2,315.85,103025,1528930,12.201265,23242.4,23000.0,22850,ATM-5,CALL,23100,2026-06-11
2026-06-11 13:39:00+05:30,317.7,317.7,307.85,311.05,36660,1497860,12.54906,23232.7,23000.0,22850,ATM-5,CALL,23100,2026-06-11
2026-06-11 13:40:00+05:30,312.4,318.45,308.5,308.55,29835,1500720,12.242637,23232.75,23000.0,22850,ATM-5,CALL,23100,2026-06-11
2026-06-11 13:41:00+05:30,308.1,312.0,305.8,312.0,65715,1515995,12.958673,23229.5,23000.0,22850,ATM-5,CALL,23100,2026-06-11
2026-06-11 13:42:00+05:30,310.65,314.3,309.45,309.45,26130,1523080,12.640213,23229.7,23000.0,22850,ATM-5,CALL,23100,2026-06-11
2026-06-11 13:43:00+05:30,348.2,350.95,339.05,343.0,6760,168350,12.94774,23219.45,22950.0,22850,ATM-5,CALL,23100,2026-06-11
2026-06-11 13:44:00+05:30,342.3,348.25,336.95,347.4,5525,167050,13.055566,23223.9,22950.0,22850,ATM-5,CALL,23100,2026-06-11
2026-06-11 13:45:00+05:30,346.45,347.4,343.2,343.4,2015,167830,12.825559,23221.15,22950.0,22850,ATM-5,CALL,23100,2026-06-11
2026-06-11 13:46:00+05:30,304.6,312.6,299.75,312.6,41925,1548430,13.195857,23227.7,23000.0,22850,ATM-5,CALL,23100,2026-06-11
2026-06-11 13:47:00+05:30,312.75,321.05,312.6,314.45,60515,1551420,12.959698,23232.75,23000.0,22850,ATM-5,CALL,23100,2026-06-11
2026-06-11 13:48:00+05:30,314.0,320.0,312.0,312.0,28145,1553500,12.743624,23231.95,23000.0,22850,ATM-5,CALL,23100,2026-06-11
2026-06-11 13:49:00+05:30,313.2,314.5,308.0,312.05,21450,1547910,12.897436,23230.35,23000.0,22850,ATM-5,CALL,23100,2026-06-11
2026-06-11 13:50:00+05:30,349.4,350.6,345.2,345.2,2600,166725,12.745456,23224.2,22950.0,22850,ATM-5,CALL,23100,2026-06-11
2026-06-11 13:51:00+05:30,310.45,313.95,305.6,312.0,36205,1554475,13.265023,23226.2,23000.0,22850,ATM-5,CALL,23100,2026-06-11
2026-06-11 13:52:00+05:30,311.95,314.9,306.3,314.9,24765,1563445,13.27074,23229.95,23000.0,22850,ATM-5,CALL,23100,2026-06-11
2026-06-11 13:53:00+05:30,315.2,319.45,313.3,317.45,24700,1560130,13.038808,23235.85,23000.0,22850,ATM-5,CALL,23100,2026-06-11
2026-06-11 13:54:00+05:30,317.55,318.8,313.3,315.0,13845,1559805,12.87303,23234.5,23000.0,22850,ATM-5,CALL,23100,2026-06-11
2026-06-11 13:55:00+05:30,315.75,318.5,311.0,318.5,17160,1559935,13.1519,23236.0,23000.0,22850,ATM-5,CALL,23100,2026-06-11
2026-06-11 13:56:00+05:30,317.1,322.05,315.0,321.3,22815,1563445,13.090495,23240.3,23000.0,22850,ATM-5,CALL,23100,2026-06-11
2026-06-11 13:57:00+05:30,319.9,324.65,315.55,316.05,43355,1553760,12.551811,23239.3,23000.0,22850,ATM-5,CALL,23100,2026-06-11
2026-06-11 13:58:00+05:30,317.85,326.65,316.05,325.85,40300,1552460,12.911469,23248.05,23000.0,22850,ATM-5,CALL,23100,2026-06-11
2026-06-11 13:59:00+05:30,323.0,325.85,310.2,313.85,37505,1554215,12.880628,23233.0,23000.0,22850,ATM-5,CALL,23100,2026-06-11
2026-06-11 14:00:00+05:30,314.5,321.4,310.25,319.75,27690,1557335,12.918962,23240.2,23000.0,22850,ATM-5,CALL,23100,2026-06-11
2026-06-11 14:01:00+05:30,318.45,320.0,314.25,316.05,13260,1558830,12.882112,23235.85,23000.0,22850,ATM-5,CALL,23100,2026-06-11
2026-06-11 14:02:00+05:30,315.0,317.4,313.0,316.0,18655,1560390,13.156549,23232.8,23000.0,22850,ATM-5,CALL,23100,2026-06-11
2026-06-11 14:03:00+05:30,315.0,318.4,313.45,314.5,12675,1559090,12.660926,23236.25,23000.0,22850,ATM-5,CALL,23100,2026-06-11
2026-06-11 14:04:00+05:30,313.05,317.45,311.4,311.9,18980,1561560,12.335951,23236.35,23000.0,22850,ATM-5,CALL,23100,2026-06-11
2026-06-11 14:05:00+05:30,314.7,316.0,306.4,313.0,39130,1566435,12.856042,23232.25,23000.0,22850,ATM-5,CALL,23100,2026-06-11
2026-06-11 14:06:00+05:30,313.05,315.95,311.25,314.35,15275,1554280,12.962421,23232.85,23000.0,22850,ATM-5,CALL,23100,2026-06-11
2026-06-11 14:07:00+05:30,350.25,353.0,339.35,339.35,3315,166400,12.444445,23220.0,22950.0,22850,ATM-5,CALL,23100,2026-06-11
2026-06-11 14:08:00+05:30,336.55,339.35,329.35,329.35,6695,168090,12.189992,23210.05,22950.0,22850,ATM-5,CALL,23100,2026-06-11
2026-06-11 14:09:00+05:30,329.0,335.0,326.3,335.0,13390,169910,12.659057,23212.6,22950.0,22850,ATM-5,CALL,23100,2026-06-11
2026-06-11 14:10:00+05:30,333.0,340.3,333.0,335.05,5915,166660,12.457874,23214.6,22950.0,22850,ATM-5,CALL,23100,2026-06-11
2026-06-11 14:11:00+05:30,334.45,337.2,329.95,337.2,6240,167960,12.892024,23213.1,22950.0,22850,ATM-5,CALL,23100,2026-06-11
2026-06-11 14:12:00+05:30,335.2,337.2,331.1,331.3,8320,169520,12.413016,23210.4,22950.0,22850,ATM-5,CALL,23100,2026-06-11
2026-06-11 14:13:00+05:30,335.3,345.0,331.3,343.2,7800,175890,12.612922,23223.25,22950.0,22850,ATM-5,CALL,23100,2026-06-11
2026-06-11 14:14:00+05:30,347.55,348.0,339.15,339.8,3705,172250,12.534493,23219.8,22950.0,22850,ATM-5,CALL,23100,2026-06-11
2026-06-11 14:15:00+05:30,342.0,342.45,336.4,338.0,9425,171600,12.784479,23215.2,22950.0,22850,ATM-5,CALL,23100,2026-06-11
2026-06-11 14:16:00+05:30,340.0,343.35,338.0,339.65,1430,167635,12.884512,23216.3,22950.0,22850,ATM-5,CALL,23100,2026-06-11
2026-06-11 14:17:00+05:30,337.5,339.65,336.0,338.55,2145,167505,12.954741,23214.25,22950.0,22850,ATM-5,CALL,23100,2026-06-11
2026-06-11 14:18:00+05:30,336.9,338.55,329.15,329.15,975,167765,12.392154,23208.0,22950.0,22850,ATM-5,CALL,23100,2026-06-11
2026-06-11 14:19:00+05:30,328.3,335.4,327.0,335.4,1235,167310,12.280274,23216.8,22950.0,22850,ATM-5,CALL,23100,2026-06-11
2026-06-11 14:20:00+05:30,339.95,346.1,335.4,344.3,3055,166335,12.79367,23223.0,22950.0,22850,ATM-5,CALL,23100,2026-06-11
2026-06-11 14:21:00+05:30,343.4,346.5,343.0,343.0,1365,165425,12.966108,23219.75,22950.0,22850,ATM-5,CALL,23100,2026-06-11
2026-06-11 14:22:00+05:30,340.95,344.6,340.65,342.45,1430,165230,12.870364,23220.0,22950.0,22850,ATM-5,CALL,23100,2026-06-11
2026-06-11 14:23:00+05:30,343.8,343.8,332.5,332.5,1235,165620,12.700296,23209.25,22950.0,22850,ATM-5,CALL,23100,2026-06-11
2026-06-11 14:24:00+05:30,331.5,334.25,330.9,332.7,1235,166465,13.012724,23206.4,22950.0,22850,ATM-5,CALL,23100,2026-06-11
2026-06-11 14:25:00+05:30,337.9,341.6,332.7,341.6,3575,166530,13.119584,23216.55,22950.0,22850,ATM-5,CALL,23100,2026-06-11
2026-06-11 14:26:00+05:30,302.6,310.0,300.55,309.4,47320,1585935,13.109288,23225.05,23000.0,22850,ATM-5,CALL,23100,2026-06-11
2026-06-11 14:27:00+05:30,309.0,313.3,307.45,312.0,61815,1581710,13.296989,23226.35,23000.0,22850,ATM-5,CALL,23100,2026-06-11
2026-06-11 14:28:00+05:30,315.0,328.9,312.0,328.8,142155,1561495,12.973805,23251.55,23000.0,22850,ATM-5,CALL,23100,2026-06-11
2026-06-11 14:29:00+05:30,329.0,329.8,317.7,318.1,62205,1551225,12.664862,23241.15,23000.0,22850,ATM-5,CALL,23100,2026-06-11
2026-06-11 14:30:00+05:30,317.55,322.95,310.05,322.05,82485,1545375,12.736266,23245.45,23000.0,22850,ATM-5,CALL,23100,2026-06-11
2026-06-11 14:31:00+05:30,322.4,322.4,316.25,318.0,64480,1536860,12.755531,23240.1,23000.0,22850,ATM-5,CALL,23100,2026-06-11
2026-06-11 14:32:00+05:30,316.95,319.4,312.35,319.0,23725,1542580,12.556753,23243.45,23000.0,22850,ATM-5,CALL,23100,2026-06-11
2026-06-11 14:33:00+05:30,318.9,319.0,305.5,306.1,28990,1543815,12.361373,23229.05,23000.0,22850,ATM-5,CALL,23100,2026-06-11
2026-06-11 14:34:00+05:30,306.8,311.65,303.85,308.9,32565,1542710,12.451283,23231.7,23000.0,22850,ATM-5,CALL,23100,2026-06-11
2026-06-11 14:35:00+05:30,308.55,316.5,308.55,310.1,33150,1549665,12.062815,23237.25,23000.0,22850,ATM-5,CALL,23100,2026-06-11
2026-06-11 14:36:00+05:30,349.4,350.3,335.0,335.45,7670,170885,12.679278,23213.3,22950.0,22850,ATM-5,CALL,23100,2026-06-11
2026-06-11 14:37:00+05:30,296.15,301.05,286.3,298.65,94055,1539200,11.742053,23226.05,23000.0,22850,ATM-5,CALL,23100,2026-06-11
2026-06-11 14:38:00+05:30,339.0,343.2,330.7,332.25,2990,169065,11.696906,23218.4,22950.0,22850,ATM-5,CALL,23100,2026-06-11
2026-06-11 14:39:00+05:30,332.45,332.45,320.0,329.0,10920,171405,11.392089,23217.1,22950.0,22850,ATM-5,CALL,23100,2026-06-11
2026-06-11 14:40:00+05:30,327.6,329.25,320.85,323.15,17355,171275,11.595988,23208.25,22950.0,22850,ATM-5,CALL,23100,2026-06-11
2026-06-11 14:41:00+05:30,321.6,324.5,316.3,323.5,7150,171405,10.999253,23213.8,22950.0,22850,ATM-5,CALL,23100,2026-06-11
2026-06-11 14:42:00+05:30,325.35,326.15,316.8,318.75,9750,172185,10.691157,23210.65,22950.0,22850,ATM-5,CALL,23100,2026-06-11
2026-06-11 14:43:00+05:30,318.75,320.7,306.0,306.0,8320,175955,10.46374,23197.3,22950.0,22850,ATM-5,CALL,23100,2026-06-11
2026-06-11 14:44:00+05:30,306.05,312.6,305.45,310.0,16705,165165,10.692647,23200.2,22950.0,22850,ATM-5,CALL,23100,2026-06-11
2026-06-11 14:45:00+05:30,311.8,311.8,306.45,307.95,8775,164515,10.750694,23197.25,22950.0,22850,ATM-5,CALL,23100,2026-06-11
2026-06-11 14:46:00+05:30,307.35,315.1,302.15,303.05,7410,163995,10.673624,23192.0,22950.0,22850,ATM-5,CALL,23100,2026-06-11
2026-06-11 14:47:00+05:30,339.45,340.45,321.25,323.65,40820,326170,10.647615,23167.1,22900.0,22850,ATM-5,CALL,23100,2026-06-11
2026-06-11 14:48:00+05:30,284.8,298.1,284.55,296.95,10790,166920,11.135149,23180.35,22950.0,22850,ATM-5,CALL,23100,2026-06-11
2026-06-11 14:49:00+05:30,296.3,305.0,296.3,303.35,7020,166075,10.591567,23193.1,22950.0,22850,ATM-5,CALL,23100,2026-06-11
2026-06-11 14:50:00+05:30,339.3,342.25,326.0,326.0,14755,339235,10.261874,23172.75,22900.0,22850,ATM-5,CALL,23100,2026-06-11
2026-06-11 14:51:00+05:30,329.4,335.4,326.0,328.85,6175,339430,10.760398,23172.4,22900.0,22850,ATM-5,CALL,23100,2026-06-11
2026-06-11 14:52:00+05:30,328.85,331.8,324.65,325.45,10595,338455,10.403612,23171.1,22900.0,22850,ATM-5,CALL,23100,2026-06-11
2026-06-11 14:53:00+05:30,325.5,330.6,325.3,330.6,3250,335205,10.823104,23174.0,22900.0,22850,ATM-5,CALL,23100,2026-06-11
2026-06-11 14:54:00+05:30,330.8,330.8,325.25,328.45,4550,337220,10.794011,23171.7,22900.0,22850,ATM-5,CALL,23100,2026-06-11
2026-06-11 14:55:00+05:30,328.0,330.9,325.75,329.15,10595,339365,10.785519,23172.6,22900.0,22850,ATM-5,CALL,23100,2026-06-11
2026-06-11 14:56:00+05:30,327.2,330.2,324.0,325.85,3640,339105,10.572383,23170.35,22900.0,22850,ATM-5,CALL,23100,2026-06-11
2026-06-11 14:57:00+05:30,326.4,327.75,320.6,324.45,14235,343200,10.895419,23166.2,22900.0,22850,ATM-5,CALL,23100,2026-06-11
2026-06-11 14:58:00+05:30,324.2,328.0,324.2,325.95,3640,343330,10.298894,23172.5,22900.0,22850,ATM-5,CALL,23100,2026-06-11
2026-06-11 14:59:00+05:30,292.0,293.3,284.0,290.9,16250,174850,10.701887,23177.05,22950.0,22850,ATM-5,CALL,23100,2026-06-11
2026-06-11 15:00:00+05:30,332.95,347.95,316.35,316.35,27820,343590,11.197178,23154.0,22900.0,22850,ATM-5,CALL,23100,2026-06-11
2026-06-11 15:01:00+05:30,316.1,319.35,308.65,313.45,46605,334360,10.88802,23153.15,22900.0,22850,ATM-5,CALL,23100,2026-06-11
2026-06-11 15:02:00+05:30,313.0,317.0,304.4,314.65,20540,338065,10.366361,23158.8,22900.0,22850,ATM-5,CALL,23100,2026-06-11
2026-06-11 15:03:00+05:30,315.35,315.7,309.35,312.95,7085,337545,10.177607,23158.25,22900.0,22850,ATM-5,CALL,23100,2026-06-11
2026-06-11 15:04:00+05:30,312.85,315.2,309.25,309.55,6955,338260,11.28256,23145.0,22900.0,22850,ATM-5,CALL,23100,2026-06-11
2026-06-11 15:05:00+05:30,309.45,311.4,304.2,309.6,11765,341575,11.003597,23147.55,22900.0,22850,ATM-5,CALL,23100,2026-06-11
2026-06-11 15:06:00+05:30,309.9,311.05,302.8,303.75,11895,344825,11.123634,23139.35,22900.0,22850,ATM-5,CALL,23100,2026-06-11
2026-06-11 15:07:00+05:30,302.0,311.6,301.2,311.6,13520,346060,11.220074,23148.1,22900.0,22850,ATM-5,CALL,23100,2026-06-11
2026-06-11 15:08:00+05:30,312.95,314.9,310.0,310.0,7800,341640,12.241953,23136.4,22900.0,22850,ATM-5,CALL,23100,2026-06-11
2026-06-11 15:09:00+05:30,309.6,316.0,309.0,314.75,5070,340795,12.095501,23143.85,22900.0,22850,ATM-5,CALL,23100,2026-06-11
2026-06-11 15:10:00+05:30,316.0,324.85,314.75,324.0,11440,337740,12.473828,23151.75,22900.0,22850,ATM-5,CALL,23100,2026-06-11
2026-06-11 15:11:00+05:30,325.35,327.2,318.95,318.95,14690,334230,12.604386,23144.1,22900.0,22850,ATM-5,CALL,23100,2026-06-11
2026-06-11 15:12:00+05:30,318.55,326.0,316.6,324.9,8710,333645,12.611457,23151.55,22900.0,22850,ATM-5,CALL,23100,2026-06-11
2026-06-11 15:13:00+05:30,325.0,332.1,324.7,331.4,10465,332280,12.385315,23161.85,22900.0,22850,ATM-5,CALL,23100,2026-06-11
2026-06-11 15:14:00+05:30,330.7,333.95,326.65,328.5,5590,335465,11.551652,23165.8,22900.0,22850,ATM-5,CALL,23100,2026-06-11
2026-06-11 15:15:00+05:30,326.35,328.5,317.65,327.4,18850,335140,11.325283,23166.4,22900.0,22850,ATM-5,CALL,23100,2026-06-11
2026-06-11 15:16:00+05:30,289.25,302.8,288.0,301.1,14105,160615,11.681915,23180.55,22950.0,22850,ATM-5,CALL,23100,2026-06-11
2026-06-11 15:17:00+05:30,301.2,304.4,300.65,302.0,6370,157690,11.660985,23181.9,22950.0,22850,ATM-5,CALL,23100,2026-06-11
2026-06-11 15:18:00+05:30,301.95,302.5,295.6,296.45,5330,157430,11.020328,23181.15,22950.0,22850,ATM-5,CALL,23100,2026-06-11
2026-06-11 15:19:00+05:30,333.75,335.0,327.75,330.45,48750,336310,11.090013,23172.0,22900.0,22850,ATM-5,CALL,23100,2026-06-11
2026-06-11 15:20:00+05:30,292.6,296.8,292.1,294.6,7020,153270,11.092481,23178.2,22950.0,22850,ATM-5,CALL,23100,2026-06-11
2026-06-11 15:21:00+05:30,295.75,299.85,294.55,294.55,7410,149370,11.248558,23176.65,22950.0,22850,ATM-5,CALL,23100,2026-06-11
2026-06-11 15:22:00+05:30,331.95,334.5,328.85,328.85,17745,341835,11.118593,23169.9,22900.0,22850,ATM-5,CALL,23100,2026-06-11
2026-06-11 15:23:00+05:30,328.0,333.35,324.8,332.15,14495,333320,11.479758,23170.9,22900.0,22850,ATM-5,CALL,23100,2026-06-11
2026-06-11 15:24:00+05:30,333.0,335.0,331.15,335.0,17290,333320,11.567598,23173.6,22900.0,22850,ATM-5,CALL,23100,2026-06-11
2026-06-11 15:25:00+05:30,334.3,342.45,333.7,342.45,18330,341380,12.516116,23174.4,22900.0,22850,ATM-5,CALL,23100,2026-06-11
2026-06-11 15:26:00+05:30,305.2,310.15,301.85,310.15,7150,142090,13.168757,23176.6,22950.0,22850,ATM-5,CALL,23100,2026-06-11
2026-06-11 15:27:00+05:30,308.95,310.2,306.2,308.25,4615,139880,12.716399,23179.1,22950.0,22850,ATM-5,CALL,23100,2026-06-11
2026-06-11 15:28:00+05:30,309.0,309.9,306.05,309.05,11570,142415,12.72531,23180.05,22950.0,22850,ATM-5,CALL,23100,2026-06-11
2026-06-11 15:29:00+05:30,308.3,313.35,308.3,313.35,14040,133640,12.634009,23186.55,22950.0,22850,ATM-5,CALL,23100,2026-06-11
2026-06-11 09:15:00+05:30,65.05,68.9,61.45,67.35,453310,2480530,15.593394,23104.4,22850.0,22850,ATM-5,PUT,23100,2026-06-11
2026-06-11 09:16:00+05:30,69.4,74.05,67.35,73.5,399035,2512770,15.636583,23082.3,22850.0,22850,ATM-5,PUT,23100,2026-06-11
2026-06-11 09:17:00+05:30,74.35,79.2,73.5,73.75,356070,2569125,15.968509,23092.9,22850.0,22850,ATM-5,PUT,23100,2026-06-11
2026-06-11 09:18:00+05:30,73.4,73.75,68.5,70.55,240825,2588040,15.826889,23100.1,22850.0,22850,ATM-5,PUT,23100,2026-06-11
2026-06-11 09:19:00+05:30,70.1,70.55,66.35,66.55,132275,2633735,15.825722,23115.85,22850.0,22850,ATM-5,PUT,23100,2026-06-11
2026-06-11 09:20:00+05:30,80.25,82.9,75.25,75.3,387465,2872935,15.693124,23128.6,22900.0,22850,ATM-5,PUT,23100,2026-06-11
2026-06-11 09:21:00+05:30,75.75,76.25,71.8,72.85,319930,2907190,15.829818,23142.45,22900.0,22850,ATM-5,PUT,23100,2026-06-11
2026-06-11 09:22:00+05:30,72.45,75.5,71.3,72.95,267735,2987140,15.854288,23142.9,22900.0,22850,ATM-5,PUT,23100,2026-06-11
2026-06-11 09:23:00+05:30,73.25,75.65,71.65,75.2,213915,3029260,15.877162,23135.25,22900.0,22850,ATM-5,PUT,23100,2026-06-11
2026-06-11 09:24:00+05:30,61.8,66.35,61.2,65.4,195195,2731625,15.727521,23116.8,22850.0,22850,ATM-5,PUT,23100,2026-06-11
2026-06-11 09:25:00+05:30,65.6,66.4,64.7,65.95,121355,2743390,15.574525,23109.0,22850.0,22850,ATM-5,PUT,23100,2026-06-11
2026-06-11 09:26:00+05:30,66.3,67.45,64.95,65.7,126685,2751255,15.505959,23107.5,22850.0,22850,ATM-5,PUT,23100,2026-06-11
2026-06-11 09:27:00+05:30,65.85,70.35,65.1,67.8,195390,2762175,15.570972,23101.45,22850.0,22850,ATM-5,PUT,23100,2026-06-11
2026-06-11 09:28:00+05:30,67.9,68.0,63.65,63.65,169910,2767180,15.555879,23117.6,22850.0,22850,ATM-5,PUT,23100,2026-06-11
2026-06-11 09:29:00+05:30,63.45,64.85,62.25,63.95,90285,2775565,15.708257,23121.9,22850.0,22850,ATM-5,PUT,23100,2026-06-11
2026-06-11 09:30:00+05:30,63.85,68.4,63.45,67.6,102960,2781935,15.799863,23110.35,22850.0,22850,ATM-5,PUT,23100,2026-06-11
2026-06-11 09:31:00+05:30,67.8,69.5,64.8,65.05,118105,2797990,15.697068,23116.9,22850.0,22850,ATM-5,PUT,23100,2026-06-11
2026-06-11 09:32:00+05:30,64.4,65.05,61.75,64.95,87425,2807740,15.605509,23113.95,22850.0,22850,ATM-5,PUT,23100,2026-06-11
2026-06-11 09:33:00+05:30,65.15,69.4,64.95,69.1,111215,2820220,15.72344,23101.6,22850.0,22850,ATM-5,PUT,23100,2026-06-11
2026-06-11 09:34:00+05:30,69.2,69.2,65.2,65.85,74230,2824055,15.589162,23109.65,22850.0,22850,ATM-5,PUT,23100,2026-06-11
2026-06-11 09:35:00+05:30,66.4,70.55,65.85,70.55,133510,2844465,15.752714,23096.95,22850.0,22850,ATM-5,PUT,23100,2026-06-11
2026-06-11 09:36:00+05:30,69.95,70.55,65.3,65.35,90935,2848105,15.609688,23112.35,22850.0,22850,ATM-5,PUT,23100,2026-06-11
2026-06-11 09:37:00+05:30,65.35,65.95,62.55,63.8,107900,2860910,15.628532,23119.35,22850.0,22850,ATM-5,PUT,23100,2026-06-11
2026-06-11 09:38:00+05:30,76.7,77.5,72.1,73.25,683215,3454685,15.529344,23129.95,22900.0,22850,ATM-5,PUT,23100,2026-06-11
2026-06-11 09:39:00+05:30,73.5,73.5,70.6,71.5,246935,3399370,15.411581,23132.35,22900.0,22850,ATM-5,PUT,23100,2026-06-11
2026-06-11 09:40:00+05:30,58.7,62.2,58.7,62.2,99255,2969980,15.460481,23119.75,22850.0,22850,ATM-5,PUT,23100,2026-06-11
2026-06-11 09:41:00+05:30,61.85,62.5,60.3,61.05,77415,2976805,15.346441,23120.35,22850.0,22850,ATM-5,PUT,23100,2026-06-11
2026-06-11 09:42:00+05:30,61.0,62.65,59.9,61.35,42835,2977130,15.372078,23120.0,22850.0,22850,ATM-5,PUT,23100,2026-06-11
2026-06-11 09:43:00+05:30,74.3,75.05,68.2,68.45,296595,3458390,15.339114,23141.3,22900.0,22850,ATM-5,PUT,23100,2026-06-11
2026-06-11 09:44:00+05:30,67.7,68.55,66.55,67.8,192920,3496415,15.352002,23144.25,22900.0,22850,ATM-5,PUT,23100,2026-06-11
2026-06-11 09:45:00+05:30,67.65,69.7,65.8,67.15,203255,3504670,15.320843,23145.65,22900.0,22850,ATM-5,PUT,23100,2026-06-11
2026-06-11 09:46:00+05:30,67.15,68.1,65.0,65.75,169325,3544840,15.412556,23154.45,22900.0,22850,ATM-5,PUT,23100,2026-06-11
2026-06-11 09:47:00+05:30,65.55,68.75,65.45,68.6,143975,3573830,15.595414,23149.7,22900.0,22850,ATM-5,PUT,23100,2026-06-11
2026-06-11 09:48:00+05:30,68.5,70.55,67.5,70.55,184990,3565120,15.577569,23141.5,22900.0,22850,ATM-5,PUT,23100,2026-06-11
2026-06-11 09:49:00+05:30,70.45,70.55,66.45,67.2,100815,3575845,15.543745,23153.3,22900.0,22850,ATM-5,PUT,23100,2026-06-11
2026-06-11 09:50:00+05:30,66.75,69.45,63.05,63.65,212810,3574675,15.414437,23162.9,22900.0,22850,ATM-5,PUT,23100,2026-06-11
2026-06-11 09:51:00+05:30,64.15,64.7,62.2,63.15,202540,3567135,15.484819,23167.5,22900.0,22850,ATM-5,PUT,23100,2026-06-11
2026-06-11 09:52:00+05:30,63.3,65.1,62.6,63.15,116285,3573375,15.57572,23170.8,22900.0,22850,ATM-5,PUT,23100,2026-06-11
2026-06-11 09:53:00+05:30,63.0,64.4,62.15,63.05,112255,3588910,15.606102,23172.3,22900.0,22850,ATM-5,PUT,23100,2026-06-11
2026-06-11 09:54:00+05:30,62.9,66.95,62.9,66.65,127400,3598790,15.460746,23152.35,22900.0,22850,ATM-5,PUT,23100,2026-06-11
2026-06-11 09:55:00+05:30,66.8,69.55,66.1,68.4,291785,3587935,15.359376,23141.85,22900.0,22850,ATM-5,PUT,23100,2026-06-11
2026-06-11 09:56:00+05:30,68.55,69.15,66.3,68.95,147485,3631160,15.382078,23140.5,22900.0,22850,ATM-5,PUT,23100,2026-06-11
2026-06-11 09:57:00+05:30,69.55,71.65,68.85,71.35,239785,3603340,15.376363,23131.15,22900.0,22850,ATM-5,PUT,23100,2026-06-11
2026-06-11 09:58:00+05:30,58.8,61.15,58.75,61.1,167180,3056560,15.212908,23114.7,22850.0,22850,ATM-5,PUT,23100,2026-06-11
2026-06-11 09:59:00+05:30,60.7,61.95,59.25,60.6,136370,3049280,15.235595,23117.6,22850.0,22850,ATM-5,PUT,23100,2026-06-11
2026-06-11 10:00:00+05:30,73.85,74.15,69.55,70.4,186485,3611335,15.249368,23130.2,22900.0,22850,ATM-5,PUT,23100,2026-06-11
2026-06-11 10:01:00+05:30,69.55,70.65,68.25,69.95,131950,3595345,15.267411,23132.5,22900.0,22850,ATM-5,PUT,23100,2026-06-11
2026-06-11 10:02:00+05:30,57.1,59.75,57.1,58.85,72930,3063840,15.180178,23122.9,22850.0,22850,ATM-5,PUT,23100,2026-06-11
2026-06-11 10:03:00+05:30,58.75,60.55,56.75,59.85,65325,3091075,15.24106,23120.85,22850.0,22850,ATM-5,PUT,23100,2026-06-11
2026-06-11 10:04:00+05:30,59.8,62.65,59.0,62.5,97240,3088215,15.208384,23108.55,22850.0,22850,ATM-5,PUT,23100,2026-06-11
2026-06-11 10:05:00+05:30,62.8,63.6,60.3,60.9,113685,3097770,15.1237,23112.05,22850.0,22850,ATM-5,PUT,23100,2026-06-11
2026-06-11 10:06:00+05:30,74.15,74.9,67.2,67.9,280020,3728010,15.185441,23137.3,22900.0,22850,ATM-5,PUT,23100,2026-06-11
2026-06-11 10:07:00+05:30,68.05,69.15,64.0,64.55,241345,3727230,15.112196,23147.8,22900.0,22850,ATM-5,PUT,23100,2026-06-11
2026-06-11 10:08:00+05:30,64.6,65.7,62.0,62.2,189215,3689595,15.101679,23156.9,22900.0,22850,ATM-5,PUT,23100,2026-06-11
2026-06-11 10:09:00+05:30,62.2,63.65,61.3,63.4,152230,3733275,15.238898,23156.95,22900.0,22850,ATM-5,PUT,23100,2026-06-11
2026-06-11 10:10:00+05:30,63.2,63.95,60.85,62.35,137345,3751930,15.158722,23158.3,22900.0,22850,ATM-5,PUT,23100,2026-06-11
2026-06-11 10:11:00+05:30,62.45,62.65,60.55,61.5,105885,3763565,15.192054,23163.0,22900.0,22850,ATM-5,PUT,23100,2026-06-11
2026-06-11 10:12:00+05:30,61.15,63.7,60.85,63.2,96330,3772405,15.21071,23156.65,22900.0,22850,ATM-5,PUT,23100,2026-06-11
2026-06-11 10:13:00+05:30,63.05,63.5,61.8,62.35,108615,3751865,15.201054,23159.75,22900.0,22850,ATM-5,PUT,23100,2026-06-11
2026-06-11 10:14:00+05:30,62.5,65.4,61.65,64.45,117780,3766750,15.098601,23147.5,22900.0,22850,ATM-5,PUT,23100,2026-06-11
2026-06-11 10:15:00+05:30,64.8,64.9,61.95,62.5,111280,3767790,15.168871,23157.9,22900.0,22850,ATM-5,PUT,23100,2026-06-11
2026-06-11 10:16:00+05:30,62.2,62.5,60.0,61.45,206115,3783390,15.243815,23164.95,22900.0,22850,ATM-5,PUT,23100,2026-06-11
2026-06-11 10:17:00+05:30,61.4,61.65,59.35,59.85,109330,3763565,15.175929,23169.15,22900.0,22850,ATM-5,PUT,23100,2026-06-11
2026-06-11 10:18:00+05:30,60.05,61.75,58.95,59.35,172055,3733990,15.22321,23173.0,22900.0,22850,ATM-5,PUT,23100,2026-06-11
2026-06-11 10:19:00+05:30,71.75,71.95,69.25,69.55,153335,2044120,15.226955,23183.15,22950.0,22850,ATM-5,PUT,23100,2026-06-11
2026-06-11 10:20:00+05:30,69.2,70.9,68.3,68.85,138710,2043405,15.353362,23190.25,22950.0,22850,ATM-5,PUT,23100,2026-06-11
2026-06-11 10:21:00+05:30,69.2,71.8,68.85,71.3,109525,2045615,15.388879,23182.15,22950.0,22850,ATM-5,PUT,23100,2026-06-11
2026-06-11 10:22:00+05:30,71.5,72.55,70.75,72.15,76635,2041260,15.416446,23179.9,22950.0,22850,ATM-5,PUT,23100,2026-06-11
2026-06-11 10:23:00+05:30,72.2,72.5,70.95,71.95,83980,2035280,15.443251,23181.55,22950.0,22850,ATM-5,PUT,23100,2026-06-11
2026-06-11 10:24:00+05:30,71.9,73.05,71.35,72.55,55900,2026115,15.456701,23179.75,22950.0,22850,ATM-5,PUT,23100,2026-06-11
2026-06-11 10:25:00+05:30,72.45,73.2,71.95,72.45,39520,2022995,15.435332,23179.35,22950.0,22850,ATM-5,PUT,23100,2026-06-11
2026-06-11 10:26:00+05:30,72.45,72.5,68.75,69.05,99515,2025790,15.462292,23193.15,22950.0,22850,ATM-5,PUT,23100,2026-06-11
2026-06-11 10:27:00+05:30,69.15,69.3,65.5,65.7,170950,2009995,15.498207,23207.6,22950.0,22850,ATM-5,PUT,23100,2026-06-11
2026-06-11 10:28:00+05:30,65.95,68.9,65.35,68.4,106405,2001935,15.568904,23199.4,22950.0,22850,ATM-5,PUT,23100,2026-06-11
2026-06-11 10:29:00+05:30,68.2,68.85,67.0,68.15,75855,2017600,15.545112,23199.5,22950.0,22850,ATM-5,PUT,23100,2026-06-11
2026-06-11 10:30:00+05:30,68.0,71.55,66.65,70.75,87685,2023580,15.530012,23188.9,22950.0,22850,ATM-5,PUT,23100,2026-06-11
2026-06-11 10:31:00+05:30,71.15,71.5,67.3,67.75,104975,2021630,15.49304,23199.15,22950.0,22850,ATM-5,PUT,23100,2026-06-11
2026-06-11 10:32:00+05:30,67.8,68.85,65.95,66.6,55640,2037295,15.502486,23204.0,22950.0,22850,ATM-5,PUT,23100,2026-06-11
2026-06-11 10:33:00+05:30,67.15,69.45,66.6,67.95,54925,2047305,15.511158,23198.95,22950.0,22850,ATM-5,PUT,23100,2026-06-11
2026-06-11 10:34:00+05:30,68.15,68.95,67.75,68.55,44005,2056795,15.629919,23200.8,22950.0,22850,ATM-5,PUT,23100,2026-06-11
2026-06-11 10:35:00+05:30,68.5,68.65,66.9,68.55,61815,2060240,15.647635,23201.4,22950.0,22850,ATM-5,PUT,23100,2026-06-11
2026-06-11 10:36:00+05:30,68.55,70.8,68.55,69.9,82095,2074605,15.649935,23196.2,22950.0,22850,ATM-5,PUT,23100,2026-06-11
2026-06-11 10:37:00+05:30,69.75,71.35,69.0,70.75,49855,2090985,15.621442,23191.9,22950.0,22850,ATM-5,PUT,23100,2026-06-11
2026-06-11 10:38:00+05:30,69.45,70.75,68.5,68.5,46020,2097680,15.580154,23199.1,22950.0,22850,ATM-5,PUT,23100,2026-06-11
2026-06-11 10:39:00+05:30,68.0,69.0,66.45,67.1,64350,2103985,15.660104,23207.45,22950.0,22850,ATM-5,PUT,23100,2026-06-11
2026-06-11 10:40:00+05:30,67.2,68.15,66.15,66.45,65260,2117895,15.726135,23212.4,22950.0,22850,ATM-5,PUT,23100,2026-06-11
2026-06-11 10:41:00+05:30,66.6,69.35,66.05,69.3,62595,2119780,15.792928,23203.45,22950.0,22850,ATM-5,PUT,23100,2026-06-11
2026-06-11 10:42:00+05:30,69.05,69.75,68.0,68.2,58305,2112825,15.739867,23205.85,22950.0,22850,ATM-5,PUT,23100,2026-06-11
2026-06-11 10:43:00+05:30,68.25,69.45,67.75,69.0,29965,2118480,15.723788,23202.1,22950.0,22850,ATM-5,PUT,23100,2026-06-11
2026-06-11 10:44:00+05:30,69.15,70.35,68.4,68.75,57005,2118155,15.774327,23204.85,22950.0,22850,ATM-5,PUT,23100,2026-06-11
2026-06-11 10:45:00+05:30,68.85,71.0,68.5,68.5,47970,2121925,15.74064,23204.6,22950.0,22850,ATM-5,PUT,23100,2026-06-11
2026-06-11 10:46:00+05:30,68.65,69.0,67.1,69.0,34255,2130440,15.852702,23206.6,22950.0,22850,ATM-5,PUT,23100,2026-06-11
2026-06-11 10:47:00+05:30,68.8,69.45,67.7,67.75,46735,2137265,15.820046,23210.35,22950.0,22850,ATM-5,PUT,23100,2026-06-11
2026-06-11 10:48:00+05:30,67.55,70.0,67.05,68.7,73840,2144480,15.796171,23205.7,22950.0,22850,ATM-5,PUT,23100,2026-06-11
2026-06-11 10:49:00+05:30,69.05,71.0,68.65,71.0,41990,2144090,15.7117,23193.75,22950.0,22850,ATM-5,PUT,23100,2026-06-11
2026-06-11 10:50:00+05:30,70.95,72.3,70.25,71.85,109005,2149355,15.594902,23186.4,22950.0,22850,ATM-5,PUT,23100,2026-06-11
2026-06-11 10:51:00+05:30,71.55,71.85,69.0,70.8,76440,2159755,15.58499,23190.0,22950.0,22850,ATM-5,PUT,23100,2026-06-11
2026-06-11 10:52:00+05:30,70.6,71.3,69.35,71.1,40560,2166710,15.562751,23188.05,22950.0,22850,ATM-5,PUT,23100,2026-06-11
2026-06-11 10:53:00+05:30,59.2,61.0,59.1,60.9,160680,3703375,15.483247,23174.9,22900.0,22850,ATM-5,PUT,23100,2026-06-11
2026-06-11 10:54:00+05:30,60.9,61.2,59.9,60.55,258635,3717480,15.438403,23174.7,22900.0,22850,ATM-5,PUT,23100,2026-06-11
2026-06-11 10:55:00+05:30,60.5,61.75,60.2,60.85,153855,3684915,15.433128,23173.2,22900.0,22850,ATM-5,PUT,23100,2026-06-11
2026-06-11 10:56:00+05:30,73.25,73.75,71.5,71.95,82225,2189395,15.421255,23179.8,22950.0,22850,ATM-5,PUT,23100,2026-06-11
2026-06-11 10:57:00+05:30,72.05,73.65,71.9,72.65,38870,2168335,15.425054,23177.3,22950.0,22850,ATM-5,PUT,23100,2026-06-11
2026-06-11 10:58:00+05:30,73.15,73.9,71.75,73.4,27430,2175875,15.45833,23175.65,22950.0,22850,ATM-5,PUT,23100,2026-06-11
2026-06-11 10:59:00+05:30,73.15,74.2,71.1,71.1,78650,2181465,15.238805,23176.55,22950.0,22850,ATM-5,PUT,23100,2026-06-11
2026-06-11 11:00:00+05:30,59.25,61.0,57.95,60.75,90350,3705000,15.324072,23169.45,22900.0,22850,ATM-5,PUT,23100,2026-06-11
2026-06-11 11:01:00+05:30,60.75,61.95,59.75,61.45,145210,3728075,15.342378,23167.15,22900.0,22850,ATM-5,PUT,23100,2026-06-11
2026-06-11 11:02:00+05:30,61.45,61.95,60.15,60.55,139230,3741400,15.260666,23167.9,22900.0,22850,ATM-5,PUT,23100,2026-06-11
2026-06-11 11:03:00+05:30,73.65,73.95,70.35,70.35,65325,2225470,15.273544,23180.45,22950.0,22850,ATM-5,PUT,23100,2026-06-11
2026-06-11 11:04:00+05:30,70.0,70.45,68.6,70.4,152815,2210715,15.312781,23181.6,22950.0,22850,ATM-5,PUT,23100,2026-06-11
2026-06-11 11:05:00+05:30,69.5,70.4,64.7,65.1,197665,2195180,15.247287,23199.8,22950.0,22850,ATM-5,PUT,23100,2026-06-11
2026-06-11 11:06:00+05:30,64.95,67.5,64.1,64.6,83590,2193555,15.31482,23204.2,22950.0,22850,ATM-5,PUT,23100,2026-06-11
2026-06-11 11:07:00+05:30,64.3,68.15,63.65,67.7,91715,2185625,15.262157,23190.05,22950.0,22850,ATM-5,PUT,23100,2026-06-11
2026-06-11 11:08:00+05:30,67.7,68.4,65.3,66.65,57135,2182115,15.281532,23194.8,22950.0,22850,ATM-5,PUT,23100,2026-06-11
2026-06-11 11:09:00+05:30,66.7,70.15,66.65,67.4,83850,2174055,15.329795,23193.55,22950.0,22850,ATM-5,PUT,23100,2026-06-11
2026-06-11 11:10:00+05:30,67.35,69.05,66.85,66.85,41145,2181855,15.212348,23191.5,22950.0,22850,ATM-5,PUT,23100,2026-06-11
2026-06-11 11:11:00+05:30,67.3,68.6,66.5,68.0,34580,2188225,15.274358,23189.2,22950.0,22850,ATM-5,PUT,23100,2026-06-11
2026-06-11 11:12:00+05:30,68.0,69.35,67.75,68.5,42510,2190500,15.267416,23187.0,22950.0,22850,ATM-5,PUT,23100,2026-06-11
2026-06-11 11:13:00+05:30,68.35,69.2,67.0,68.4,63830,2195895,15.207585,23185.25,22950.0,22850,ATM-5,PUT,23100,2026-06-11
2026-06-11 11:14:00+05:30,68.35,69.75,67.4,68.75,43160,2189785,15.188137,23183.2,22950.0,22850,ATM-5,PUT,23100,2026-06-11
2026-06-11 11:15:00+05:30,68.8,69.75,67.45,67.95,43355,2195180,15.245368,23188.25,22950.0,22850,ATM-5,PUT,23100,2026-06-11
2026-06-11 11:16:00+05:30,67.85,69.15,67.45,67.65,27755,2192580,15.247374,23189.45,22950.0,22850,ATM-5,PUT,23100,2026-06-11
2026-06-11 11:17:00+05:30,67.75,69.2,66.2,66.8,43225,2197390,15.28186,23193.95,22950.0,22850,ATM-5,PUT,23100,2026-06-11
2026-06-11 11:18:00+05:30,66.8,67.35,63.7,63.7,74620,2206490,15.25065,23205.15,22950.0,22850,ATM-5,PUT,23100,2026-06-11
2026-06-11 11:19:00+05:30,63.55,65.1,62.7,64.9,101725,2211040,15.338673,23203.45,22950.0,22850,ATM-5,PUT,23100,2026-06-11
2026-06-11 11:20:00+05:30,64.85,66.0,62.4,62.4,69225,2206100,15.309737,23212.55,22950.0,22850,ATM-5,PUT,23100,2026-06-11
2026-06-11 11:21:00+05:30,62.35,62.8,60.85,60.9,108095,2188680,15.351299,23220.3,22950.0,22850,ATM-5,PUT,23100,2026-06-11
2026-06-11 11:22:00+05:30,61.25,63.4,60.9,63.15,53560,2177825,15.439008,23214.1,22950.0,22850,ATM-5,PUT,23100,2026-06-11
2026-06-11 11:23:00+05:30,63.35,63.4,61.4,63.15,52585,2177695,15.411006,23213.05,22950.0,22850,ATM-5,PUT,23100,2026-06-11
2026-06-11 11:24:00+05:30,63.15,64.2,61.85,62.0,50700,2177370,15.430627,23218.5,22950.0,22850,ATM-5,PUT,23100,2026-06-11
2026-06-11 11:25:00+05:30,62.15,62.75,61.0,62.3,39780,2178605,15.391813,23215.8,22950.0,22850,ATM-5,PUT,23100,2026-06-11
2026-06-11 11:26:00+05:30,75.65,75.85,71.65,71.65,317460,8860540,15.34618,23228.5,23000.0,22850,ATM-5,PUT,23100,2026-06-11
2026-06-11 11:27:00+05:30,71.45,71.65,69.6,69.7,604110,8833500,15.297198,23234.1,23000.0,22850,ATM-5,PUT,23100,2026-06-11
2026-06-11 11:28:00+05:30,69.45,70.0,68.45,68.85,292955,8946860,15.26129,23236.05,23000.0,22850,ATM-5,PUT,23100,2026-06-11
2026-06-11 11:29:00+05:30,69.25,71.5,68.85,69.4,363090,8959535,15.30486,23235.45,23000.0,22850,ATM-5,PUT,23100,2026-06-11
2026-06-11 11:30:00+05:30,69.6,70.8,68.25,70.8,242255,9005880,15.478951,23236.2,23000.0,22850,ATM-5,PUT,23100,2026-06-11
2026-06-11 11:31:00+05:30,70.25,72.45,69.55,71.25,307125,9007700,15.244071,23226.3,23000.0,22850,ATM-5,PUT,23100,2026-06-11
2026-06-11 11:32:00+05:30,71.8,73.2,71.25,72.2,244855,9062885,15.342506,23226.15,23000.0,22850,ATM-5,PUT,23100,2026-06-11
2026-06-11 11:33:00+05:30,72.15,72.2,70.05,71.1,183690,9059050,15.43812,23233.55,23000.0,22850,ATM-5,PUT,23100,2026-06-11
2026-06-11 11:34:00+05:30,71.4,73.55,71.1,73.55,132015,9066265,15.494441,23226.35,23000.0,22850,ATM-5,PUT,23100,2026-06-11
2026-06-11 11:35:00+05:30,73.4,74.2,71.3,71.3,220025,9073025,15.484397,23234.35,23000.0,22850,ATM-5,PUT,23100,2026-06-11
2026-06-11 11:36:00+05:30,59.2,61.65,59.0,61.5,62530,2012075,15.469847,23221.65,22950.0,22850,ATM-5,PUT,23100,2026-06-11
2026-06-11 11:37:00+05:30,61.35,61.6,60.65,61.6,62725,2012335,15.383983,23218.05,22950.0,22850,ATM-5,PUT,23100,2026-06-11
2026-06-11 11:38:00+05:30,61.8,62.8,61.1,62.6,64545,2012075,15.42351,23215.3,22950.0,22850,ATM-5,PUT,23100,2026-06-11
2026-06-11 11:39:00+05:30,62.8,63.0,60.95,61.15,61100,2011945,15.467689,23222.95,22950.0,22850,ATM-5,PUT,23100,2026-06-11
2026-06-11 11:40:00+05:30,61.3,61.95,60.2,61.55,47710,2002455,15.517205,23223.05,22950.0,22850,ATM-5,PUT,23100,2026-06-11
2026-06-11 11:41:00+05:30,74.2,74.7,71.75,72.1,115180,9121190,15.459369,23230.3,23000.0,22850,ATM-5,PUT,23100,2026-06-11
2026-06-11 11:42:00+05:30,72.15,72.5,67.55,67.65,315705,9158565,15.384197,23244.6,23000.0,22850,ATM-5,PUT,23100,2026-06-11
2026-06-11 11:43:00+05:30,68.45,70.65,67.65,70.4,243620,9168315,15.599513,23241.55,23000.0,22850,ATM-5,PUT,23100,2026-06-11
2026-06-11 11:44:00+05:30,70.55,70.55,66.75,66.75,305695,9250995,15.541986,23253.7,23000.0,22850,ATM-5,PUT,23100,2026-06-11
2026-06-11 11:45:00+05:30,66.55,68.3,66.1,68.0,515775,9225775,15.691141,23254.05,23000.0,22850,ATM-5,PUT,23100,2026-06-11
2026-06-11 11:46:00+05:30,67.75,68.35,67.05,67.1,254475,9261005,15.697119,23257.8,23000.0,22850,ATM-5,PUT,23100,2026-06-11
2026-06-11 11:47:00+05:30,67.2,68.1,64.25,64.25,520390,9300980,15.693959,23269.2,23000.0,22850,ATM-5,PUT,23100,2026-06-11
2026-06-11 11:48:00+05:30,64.0,66.75,63.9,65.0,780195,9412650,15.756188,23268.35,23000.0,22850,ATM-5,PUT,23100,2026-06-11
2026-06-11 11:49:00+05:30,65.0,66.45,65.0,66.0,296205,9445215,15.782586,23265.2,23000.0,22850,ATM-5,PUT,23100,2026-06-11
2026-06-11 11:50:00+05:30,65.8,66.0,64.25,64.45,256360,9522630,15.845481,23273.8,23000.0,22850,ATM-5,PUT,23100,2026-06-11
2026-06-11 11:51:00+05:30,64.4,65.3,64.0,65.2,628875,9576645,15.796576,23268.9,23000.0,22850,ATM-5,PUT,23100,2026-06-11
2026-06-11 11:52:00+05:30,65.2,66.1,64.55,65.0,300105,9628255,15.80794,23270.1,23000.0,22850,ATM-5,PUT,23100,2026-06-11
2026-06-11 11:53:00+05:30,65.05,65.5,64.2,64.7,313950,9731735,15.884759,23274.1,23000.0,22850,ATM-5,PUT,23100,2026-06-11
2026-06-11 11:54:00+05:30,64.45,64.95,63.2,64.5,281970,9766510,15.831447,23272.95,23000.0,22850,ATM-5,PUT,23100,2026-06-11
2026-06-11 11:55:00+05:30,64.4,64.65,63.5,64.5,134355,9807720,15.855654,23273.8,23000.0,22850,ATM-5,PUT,23100,2026-06-11
2026-06-11 11:56:00+05:30,76.45,77.15,72.6,72.9,240435,3673865,15.671002,23285.3,23050.0,22850,ATM-5,PUT,23100,2026-06-11
2026-06-11 11:57:00+05:30,72.95,74.0,72.65,73.05,176995,3584555,15.677948,23284.95,23050.0,22850,ATM-5,PUT,23100,2026-06-11
2026-06-11 11:58:00+05:30,73.3,73.3,70.5,72.35,206440,3546010,15.774032,23290.9,23050.0,22850,ATM-5,PUT,23100,2026-06-11
2026-06-11 11:59:00+05:30,72.45,74.3,72.35,73.9,93470,3520400,15.719055,23283.15,23050.0,22850,ATM-5,PUT,23100,2026-06-11
2026-06-11 12:00:00+05:30,73.3,73.9,71.9,73.55,176540,3590275,15.722793,23284.55,23050.0,22850,ATM-5,PUT,23100,2026-06-11
2026-06-11 12:01:00+05:30,73.75,74.05,72.6,73.05,47580,3599960,15.784948,23288.55,23050.0,22850,ATM-5,PUT,23100,2026-06-11
2026-06-11 12:02:00+05:30,73.2,74.2,72.7,73.75,35165,3601065,15.779183,23285.7,23050.0,22850,ATM-5,PUT,23100,2026-06-11
2026-06-11 12:03:00+05:30,73.85,73.95,72.45,73.0,30550,3610360,15.822936,23290.0,23050.0,22850,ATM-5,PUT,23100,2026-06-11
2026-06-11 12:04:00+05:30,73.2,74.2,73.0,73.6,26715,3617705,15.79365,23286.7,23050.0,22850,ATM-5,PUT,23100,2026-06-11
2026-06-11 12:05:00+05:30,73.5,75.6,73.05,74.75,84565,3631355,15.757449,23281.15,23050.0,22850,ATM-5,PUT,23100,2026-06-11
2026-06-11 12:06:00+05:30,74.6,75.2,73.9,74.6,137865,3680885,15.769834,23282.1,23050.0,22850,ATM-5,PUT,23100,2026-06-11
2026-06-11 12:07:00+05:30,74.15,74.6,72.4,72.55,99710,3715140,15.786505,23290.3,23050.0,22850,ATM-5,PUT,23100,2026-06-11
2026-06-11 12:08:00+05:30,72.8,74.85,72.4,73.8,59605,3712605,15.761061,23284.7,23050.0,22850,ATM-5,PUT,23100,2026-06-11
2026-06-11 12:09:00+05:30,74.0,75.15,73.4,74.85,46020,3716505,15.832552,23283.25,23050.0,22850,ATM-5,PUT,23100,2026-06-11
2026-06-11 12:10:00+05:30,74.55,75.5,74.3,75.2,60775,3733925,15.738756,23278.7,23050.0,22850,ATM-5,PUT,23100,2026-06-11
2026-06-11 12:11:00+05:30,75.05,76.4,74.55,75.4,76440,3744065,15.727469,23277.55,23050.0,22850,ATM-5,PUT,23100,2026-06-11
2026-06-11 12:12:00+05:30,75.0,75.65,74.2,74.25,62140,3759535,15.770995,23283.25,23050.0,22850,ATM-5,PUT,23100,2026-06-11
2026-06-11 12:13:00+05:30,73.75,74.55,73.4,73.6,43940,3756805,15.794483,23286.45,23050.0,22850,ATM-5,PUT,23100,2026-06-11
2026-06-11 12:14:00+05:30,74.2,74.8,73.2,73.2,34125,3750565,15.783977,23287.55,23050.0,22850,ATM-5,PUT,23100,2026-06-11
2026-06-11 12:15:00+05:30,73.1,73.2,69.05,70.6,286845,3699735,15.888963,23301.1,23050.0,22850,ATM-5,PUT,23100,2026-06-11
2026-06-11 12:16:00+05:30,69.65,72.2,69.0,69.2,111800,3682185,15.829157,23304.4,23050.0,22850,ATM-5,PUT,23100,2026-06-11
2026-06-11 12:17:00+05:30,69.2,71.65,68.3,71.4,162240,3627195,15.880345,23297.65,23050.0,22850,ATM-5,PUT,23100,2026-06-11
2026-06-11 12:18:00+05:30,71.35,72.5,70.95,72.15,58045,3627195,15.867411,23294.3,23050.0,22850,ATM-5,PUT,23100,2026-06-11
2026-06-11 12:19:00+05:30,72.25,73.75,71.85,73.75,51545,3628040,15.903816,23289.5,23050.0,22850,ATM-5,PUT,23100,2026-06-11
2026-06-11 12:20:00+05:30,73.1,74.7,72.65,74.6,75205,3628430,15.8359,23283.95,23050.0,22850,ATM-5,PUT,23100,2026-06-11
2026-06-11 12:21:00+05:30,73.95,75.15,73.5,73.8,74620,3630835,15.729306,23283.2,23050.0,22850,ATM-5,PUT,23100,2026-06-11
2026-06-11 12:22:00+05:30,73.95,74.4,73.15,73.8,34385,3642730,15.849992,23287.35,23050.0,22850,ATM-5,PUT,23100,2026-06-11
2026-06-11 12:23:00+05:30,73.75,74.4,72.4,73.1,45175,3645460,15.947742,23293.35,23050.0,22850,ATM-5,PUT,23100,2026-06-11
2026-06-11 12:24:00+05:30,73.35,74.2,73.0,73.0,28860,3655535,15.891965,23291.75,23050.0,22850,ATM-5,PUT,23100,2026-06-11
2026-06-11 12:25:00+05:30,72.9,75.0,72.9,74.1,36400,3651960,15.923894,23288.7,23050.0,22850,ATM-5,PUT,23100,2026-06-11
2026-06-11 12:26:00+05:30,74.1,74.1,72.2,73.8,35945,3640520,16.006081,23292.65,23050.0,22850,ATM-5,PUT,23100,2026-06-11
2026-06-11 12:27:00+05:30,73.5,73.9,72.8,73.2,24700,3642860,15.947855,23292.85,23050.0,22850,ATM-5,PUT,23100,2026-06-11
2026-06-11 12:28:00+05:30,73.15,74.0,71.65,72.1,50960,3645005,16.056216,23300.8,23050.0,22850,ATM-5,PUT,23100,2026-06-11
2026-06-11 12:29:00+05:30,72.1,73.05,71.8,72.3,32565,3644095,15.987813,23297.6,23050.0,22850,ATM-5,PUT,23100,2026-06-11
2026-06-11 12:30:00+05:30,72.25,72.3,70.1,71.05,99840,3647410,16.089071,23305.95,23050.0,22850,ATM-5,PUT,23100,2026-06-11
2026-06-11 12:31:00+05:30,71.5,72.15,68.8,68.95,216970,3639675,16.140085,23316.0,23050.0,22850,ATM-5,PUT,23100,2026-06-11
2026-06-11 12:32:00+05:30,69.05,69.2,67.15,67.4,234195,3592420,16.081931,23320.1,23050.0,22850,ATM-5,PUT,23100,2026-06-11
2026-06-11 12:33:00+05:30,67.4,68.9,67.2,67.3,60580,3511560,15.959264,23316.05,23050.0,22850,ATM-5,PUT,23100,2026-06-11
2026-06-11 12:34:00+05:30,67.05,67.6,66.4,66.4,87230,3511820,16.025339,23322.05,23050.0,22850,ATM-5,PUT,23100,2026-06-11
2026-06-11 12:35:00+05:30,66.25,69.6,65.7,68.75,195845,3516695,16.041921,23313.15,23050.0,22850,ATM-5,PUT,23100,2026-06-11
2026-06-11 12:36:00+05:30,68.75,69.0,68.3,68.7,43355,3458455,15.887461,23307.8,23050.0,22850,ATM-5,PUT,23100,2026-06-11
2026-06-11 12:37:00+05:30,68.65,70.0,68.1,69.4,66495,3466125,15.550446,23293.1,23050.0,22850,ATM-5,PUT,23100,2026-06-11
2026-06-11 12:38:00+05:30,69.15,71.4,68.9,70.85,101530,3468400,15.725363,23293.65,23050.0,22850,ATM-5,PUT,23100,2026-06-11
2026-06-11 12:39:00+05:30,70.9,71.0,69.1,69.2,62075,3489785,15.6593,23297.65,23050.0,22850,ATM-5,PUT,23100,2026-06-11
2026-06-11 12:40:00+05:30,69.2,70.4,69.05,70.1,40430,3485040,15.766023,23297.9,23050.0,22850,ATM-5,PUT,23100,2026-06-11
2026-06-11 12:41:00+05:30,69.85,71.15,69.85,70.95,37440,3484650,15.781702,23295.15,23050.0,22850,ATM-5,PUT,23100,2026-06-11
2026-06-11 12:42:00+05:30,70.7,72.0,70.25,71.45,48165,3475745,15.877047,23296.55,23050.0,22850,ATM-5,PUT,23100,2026-06-11
2026-06-11 12:43:00+05:30,71.25,73.05,70.75,71.55,64610,3474315,15.801818,23293.5,23050.0,22850,ATM-5,PUT,23100,2026-06-11
2026-06-11 12:44:00+05:30,71.65,71.9,70.6,71.1,34775,3478800,15.827832,23296.1,23050.0,22850,ATM-5,PUT,23100,2026-06-11
2026-06-11 12:45:00+05:30,71.25,72.3,70.95,71.3,48230,3479775,15.820625,23295.05,23050.0,22850,ATM-5,PUT,23100,2026-06-11
2026-06-11 12:46:00+05:30,70.85,71.3,69.15,69.7,55445,3482635,15.82662,23301.4,23050.0,22850,ATM-5,PUT,23100,2026-06-11
2026-06-11 12:47:00+05:30,70.0,72.05,69.2,71.65,62855,3474120,15.809152,23293.25,23050.0,22850,ATM-5,PUT,23100,2026-06-11
2026-06-11 12:48:00+05:30,71.7,73.55,71.55,73.25,69810,3465930,15.778007,23286.1,23050.0,22850,ATM-5,PUT,23100,2026-06-11
2026-06-11 12:49:00+05:30,73.15,74.8,72.7,74.6,102635,3474640,15.614625,23275.45,23050.0,22850,ATM-5,PUT,23100,2026-06-11
2026-06-11 12:50:00+05:30,74.25,74.6,72.7,73.1,93795,3466645,15.656714,23282.4,23050.0,22850,ATM-5,PUT,23100,2026-06-11
2026-06-11 12:51:00+05:30,72.5,73.6,71.6,73.6,56225,3477175,15.672262,23281.05,23050.0,22850,ATM-5,PUT,23100,2026-06-11
2026-06-11 12:52:00+05:30,73.4,74.15,73.15,73.95,41665,3477175,15.654087,23279.1,23050.0,22850,ATM-5,PUT,23100,2026-06-11
2026-06-11 12:53:00+05:30,72.8,73.95,72.25,72.8,27170,3483805,15.692079,23284.65,23050.0,22850,ATM-5,PUT,23100,2026-06-11
2026-06-11 12:54:00+05:30,73.4,73.4,72.4,72.4,10920,3480750,15.427961,23276.95,23050.0,22850,ATM-5,PUT,23100,2026-06-11
2026-06-11 12:55:00+05:30,72.4,72.4,72.4,72.4,0,3480750,15.427962,23276.95,23050.0,22850,ATM-5,PUT,23100,2026-06-11
2026-06-11 12:56:00+05:30,74.45,74.5,72.1,73.25,107120,3469830,15.694119,23282.95,23050.0,22850,ATM-5,PUT,23100,2026-06-11
2026-06-11 12:57:00+05:30,73.05,73.25,68.95,68.95,100230,3474510,15.686056,23299.0,23050.0,22850,ATM-5,PUT,23100,2026-06-11
2026-06-11 12:58:00+05:30,69.0,69.6,67.0,68.0,99970,3459625,15.717378,23303.8,23050.0,22850,ATM-5,PUT,23100,2026-06-11
2026-06-11 12:59:00+05:30,68.55,70.15,66.5,66.7,60125,3447145,15.698413,23308.25,23050.0,22850,ATM-5,PUT,23100,2026-06-11
2026-06-11 13:00:00+05:30,66.65,66.7,62.6,64.0,306020,3459495,15.835035,23324.15,23050.0,22850,ATM-5,PUT,23100,2026-06-11
2026-06-11 13:01:00+05:30,63.5,66.2,63.15,66.1,99580,3414450,15.79601,23314.1,23050.0,22850,ATM-5,PUT,23100,2026-06-11
2026-06-11 13:02:00+05:30,65.75,68.3,65.7,67.05,95550,3388905,15.698184,23306.75,23050.0,22850,ATM-5,PUT,23100,2026-06-11
2026-06-11 13:03:00+05:30,67.1,68.55,67.05,68.3,47320,3386760,15.764962,23304.15,23050.0,22850,ATM-5,PUT,23100,2026-06-11
2026-06-11 13:04:00+05:30,68.2,68.8,67.75,68.45,39325,3394300,15.710603,23301.6,23050.0,22850,ATM-5,PUT,23100,2026-06-11
2026-06-11 13:05:00+05:30,69.2,69.25,68.0,68.45,56810,3382405,15.742524,23302.7,23050.0,22850,ATM-5,PUT,23100,2026-06-11
2026-06-11 13:06:00+05:30,68.0,69.1,68.0,68.65,40235,3384485,15.73168,23301.5,23050.0,22850,ATM-5,PUT,23100,2026-06-11
2026-06-11 13:07:00+05:30,68.75,69.6,68.4,69.6,23855,3391830,15.768,23299.05,23050.0,22850,ATM-5,PUT,23100,2026-06-11
2026-06-11 13:08:00+05:30,69.45,71.2,69.35,70.4,72605,3387735,15.653096,23291.9,23050.0,22850,ATM-5,PUT,23100,2026-06-11
2026-06-11 13:09:00+05:30,70.1,73.15,70.1,73.0,97305,3373890,15.612131,23280.65,23050.0,22850,ATM-5,PUT,23100,2026-06-11
2026-06-11 13:10:00+05:30,72.45,73.0,71.65,71.85,70720,3371550,15.542474,23282.5,23050.0,22850,ATM-5,PUT,23100,2026-06-11
2026-06-11 13:11:00+05:30,71.55,73.75,71.55,72.35,44720,3383315,15.494595,23278.95,23050.0,22850,ATM-5,PUT,23100,2026-06-11
2026-06-11 13:12:00+05:30,61.0,63.8,60.85,62.6,450450,10372050,15.533901,23267.45,23000.0,22850,ATM-5,PUT,23100,2026-06-11
2026-06-11 13:13:00+05:30,62.85,63.85,62.55,63.8,329355,10308220,15.475016,23260.35,23000.0,22850,ATM-5,PUT,23100,2026-06-11
2026-06-11 13:14:00+05:30,63.7,63.8,62.8,63.2,273455,10319205,15.382972,23259.45,23000.0,22850,ATM-5,PUT,23100,2026-06-11
2026-06-11 13:15:00+05:30,63.35,63.95,62.85,63.7,585780,10323495,15.46269,23260.25,23000.0,22850,ATM-5,PUT,23100,2026-06-11
2026-06-11 13:16:00+05:30,62.45,64.4,62.35,64.1,372125,10255115,15.368272,23255.2,23000.0,22850,ATM-5,PUT,23100,2026-06-11
2026-06-11 13:17:00+05:30,64.0,65.4,62.15,62.95,474240,10212150,15.462413,23263.25,23000.0,22850,ATM-5,PUT,23100,2026-06-11
2026-06-11 13:18:00+05:30,63.3,64.7,62.95,64.1,189410,10257390,15.32957,23253.75,23000.0,22850,ATM-5,PUT,23100,2026-06-11
2026-06-11 13:19:00+05:30,64.1,65.35,63.6,65.2,210470,10270260,15.463866,23254.1,23000.0,22850,ATM-5,PUT,23100,2026-06-11
2026-06-11 13:20:00+05:30,64.9,66.7,64.25,66.45,405340,10228075,15.50063,23250.4,23000.0,22850,ATM-5,PUT,23100,2026-06-11
2026-06-11 13:21:00+05:30,66.55,68.85,66.45,68.25,546910,10133240,15.371796,23238.8,23000.0,22850,ATM-5,PUT,23100,2026-06-11
2026-06-11 13:22:00+05:30,68.65,69.6,67.8,69.35,432315,10102820,15.194432,23228.4,23000.0,22850,ATM-5,PUT,23100,2026-06-11
2026-06-11 13:23:00+05:30,69.2,69.6,64.25,66.2,429390,10039380,15.289104,23243.8,23000.0,22850,ATM-5,PUT,23100,2026-06-11
2026-06-11 13:24:00+05:30,66.3,67.25,65.15,66.0,290225,10018060,15.140277,23239.3,23000.0,22850,ATM-5,PUT,23100,2026-06-11
2026-06-11 13:25:00+05:30,65.7,68.5,65.3,68.2,277420,10039250,15.198056,23232.8,23000.0,22850,ATM-5,PUT,23100,2026-06-11
2026-06-11 13:26:00+05:30,68.3,70.6,68.2,69.3,426400,10039705,15.097043,23225.1,23000.0,22850,ATM-5,PUT,23100,2026-06-11
2026-06-11 13:27:00+05:30,69.25,69.5,67.55,68.25,278005,9969115,15.142081,23230.6,23000.0,22850,ATM-5,PUT,23100,2026-06-11
2026-06-11 13:28:00+05:30,68.2,68.95,66.55,67.55,373945,9938370,15.160851,23233.9,23000.0,22850,ATM-5,PUT,23100,2026-06-11
2026-06-11 13:29:00+05:30,67.45,67.55,65.85,66.1,186355,9930375,15.257749,23242.9,23000.0,22850,ATM-5,PUT,23100,2026-06-11
2026-06-11 13:30:00+05:30,66.2,66.2,60.75,62.6,563355,9923810,15.274852,23257.5,23000.0,22850,ATM-5,PUT,23100,2026-06-11
2026-06-11 13:31:00+05:30,62.3,64.6,62.3,63.45,223925,9879935,15.349842,23256.7,23000.0,22850,ATM-5,PUT,23100,2026-06-11
2026-06-11 13:32:00+05:30,61.75,63.45,59.9,60.35,298740,9906390,15.165877,23262.8,23000.0,22850,ATM-5,PUT,23100,2026-06-11
2026-06-11 13:33:00+05:30,60.65,61.35,58.5,61.35,334165,9860370,15.169753,23258.75,23000.0,22850,ATM-5,PUT,23100,2026-06-11
2026-06-11 13:34:00+05:30,61.2,64.35,61.2,64.2,310505,9839830,15.071501,23243.65,23000.0,22850,ATM-5,PUT,23100,2026-06-11
2026-06-11 13:35:00+05:30,63.5,64.5,61.75,62.65,197990,9935315,15.048259,23249.0,23000.0,22850,ATM-5,PUT,23100,2026-06-11
2026-06-11 13:36:00+05:30,62.5,62.9,60.5,60.5,158795,9995505,15.007579,23256.3,23000.0,22850,ATM-5,PUT,23100,2026-06-11
2026-06-11 13:37:00+05:30,60.3,62.35,60.3,61.45,108030,9988030,14.972653,23251.1,23000.0,22850,ATM-5,PUT,23100,2026-06-11
2026-06-11 13:38:00+05:30,61.8,65.4,61.45,65.0,219050,10000120,15.129012,23242.4,23000.0,22850,ATM-5,PUT,23100,2026-06-11
2026-06-11 13:39:00+05:30,64.35,67.2,64.35,66.35,360945,9984325,15.003907,23232.7,23000.0,22850,ATM-5,PUT,23100,2026-06-11
2026-06-11 13:40:00+05:30,66.3,67.5,64.3,67.5,216840,9959885,15.132769,23232.75,23000.0,22850,ATM-5,PUT,23100,2026-06-11
2026-06-11 13:41:00+05:30,67.5,67.9,66.65,67.15,212680,9971065,15.001959,23229.5,23000.0,22850,ATM-5,PUT,23100,2026-06-11
2026-06-11 13:42:00+05:30,66.8,67.15,65.1,66.75,162760,9969895,14.96462,23229.7,23000.0,22850,ATM-5,PUT,23100,2026-06-11
2026-06-11 13:43:00+05:30,54.95,56.85,54.6,56.0,56225,2482220,14.880942,23219.45,22950.0,22850,ATM-5,PUT,23100,2026-06-11
2026-06-11 13:44:00+05:30,55.9,57.0,54.35,54.65,58240,2480660,14.841837,23223.9,22950.0,22850,ATM-5,PUT,23100,2026-06-11
2026-06-11 13:45:00+05:30,54.9,56.0,54.6,56.0,49140,2477150,14.928591,23221.15,22950.0,22850,ATM-5,PUT,23100,2026-06-11
2026-06-11 13:46:00+05:30,67.6,69.3,66.0,66.0,267150,9946040,14.828202,23227.7,23000.0,22850,ATM-5,PUT,23100,2026-06-11
2026-06-11 13:47:00+05:30,65.95,66.0,62.95,65.0,333320,9877335,14.862962,23232.75,23000.0,22850,ATM-5,PUT,23100,2026-06-11
2026-06-11 13:48:00+05:30,65.0,65.5,63.0,65.5,131560,9894950,14.896322,23231.95,23000.0,22850,ATM-5,PUT,23100,2026-06-11
2026-06-11 13:49:00+05:30,65.15,66.55,64.6,65.5,174395,9890270,14.851479,23230.35,23000.0,22850,ATM-5,PUT,23100,2026-06-11
2026-06-11 13:50:00+05:30,53.65,55.3,53.65,55.1,52455,2419885,14.908507,23224.2,22950.0,22850,ATM-5,PUT,23100,2026-06-11
2026-06-11 13:51:00+05:30,66.35,67.3,65.15,65.55,151450,9955075,14.739879,23226.2,23000.0,22850,ATM-5,PUT,23100,2026-06-11
2026-06-11 13:52:00+05:30,65.6,67.45,64.3,64.3,137150,9960665,14.709863,23229.95,23000.0,22850,ATM-5,PUT,23100,2026-06-11
2026-06-11 13:53:00+05:30,64.55,65.0,63.2,63.9,221325,9935380,14.833898,23235.85,23000.0,22850,ATM-5,PUT,23100,2026-06-11
2026-06-11 13:54:00+05:30,63.85,65.35,63.6,64.5,133510,9911070,14.863205,23234.5,23000.0,22850,ATM-5,PUT,23100,2026-06-11
2026-06-11 13:55:00+05:30,64.45,65.8,63.4,63.5,107965,9909575,14.795227,23236.0,23000.0,22850,ATM-5,PUT,23100,2026-06-11
2026-06-11 13:56:00+05:30,63.9,64.55,62.5,62.9,127985,9920040,14.850339,23240.3,23000.0,22850,ATM-5,PUT,23100,2026-06-11
2026-06-11 13:57:00+05:30,62.9,64.1,61.8,63.55,223860,9889490,14.895803,23239.3,23000.0,22850,ATM-5,PUT,23100,2026-06-11
2026-06-11 13:58:00+05:30,63.2,63.55,60.55,61.1,197925,9902815,14.865973,23248.05,23000.0,22850,ATM-5,PUT,23100,2026-06-11
2026-06-11 13:59:00+05:30,61.4,65.45,61.1,64.5,226850,9896510,14.824783,23233.0,23000.0,22850,ATM-5,PUT,23100,2026-06-11
2026-06-11 14:00:00+05:30,64.5,65.25,62.0,62.35,175240,9884615,14.789146,23240.2,23000.0,22850,ATM-5,PUT,23100,2026-06-11
2026-06-11 14:01:00+05:30,62.5,63.85,62.15,63.05,82810,9898915,14.745774,23235.85,23000.0,22850,ATM-5,PUT,23100,2026-06-11
2026-06-11 14:02:00+05:30,63.45,63.85,62.9,63.3,105625,9908080,14.688134,23232.8,23000.0,22850,ATM-5,PUT,23100,2026-06-11
2026-06-11 14:03:00+05:30,63.05,63.8,62.45,63.45,76375,9923030,14.803478,23236.25,23000.0,22850,ATM-5,PUT,23100,2026-06-11
2026-06-11 14:04:00+05:30,63.8,64.25,62.25,63.05,143975,9911850,14.76244,23236.35,23000.0,22850,ATM-5,PUT,23100,2026-06-11
2026-06-11 14:05:00+05:30,63.25,65.75,62.8,63.75,177385,9909315,14.725148,23232.25,23000.0,22850,ATM-5,PUT,23100,2026-06-11
2026-06-11 14:06:00+05:30,63.65,64.55,62.85,63.15,81055,9915685,14.676176,23232.85,23000.0,22850,ATM-5,PUT,23100,2026-06-11
2026-06-11 14:07:00+05:30,51.8,55.8,51.8,55.8,77545,2414165,14.89275,23220.0,22950.0,22850,ATM-5,PUT,23100,2026-06-11
2026-06-11 14:08:00+05:30,55.8,57.6,55.2,57.6,84175,2417285,14.833818,23210.05,22950.0,22850,ATM-5,PUT,23100,2026-06-11
2026-06-11 14:09:00+05:30,57.55,58.95,55.8,56.2,149305,2412995,14.74072,23212.6,22950.0,22850,ATM-5,PUT,23100,2026-06-11
2026-06-11 14:10:00+05:30,56.8,56.8,54.5,56.5,66040,2419885,14.831218,23214.6,22950.0,22850,ATM-5,PUT,23100,2026-06-11
2026-06-11 14:11:00+05:30,56.7,57.7,55.7,56.3,71175,2416505,14.767762,23213.1,22950.0,22850,ATM-5,PUT,23100,2026-06-11
2026-06-11 14:12:00+05:30,56.35,57.2,55.25,56.5,45760,2421380,14.71842,23210.4,22950.0,22850,ATM-5,PUT,23100,2026-06-11
2026-06-11 14:13:00+05:30,56.6,56.7,53.15,53.55,77220,2424110,14.717813,23223.25,22950.0,22850,ATM-5,PUT,23100,2026-06-11
2026-06-11 14:14:00+05:30,53.3,55.0,52.6,54.9,71695,2391870,14.786763,23219.8,22950.0,22850,ATM-5,PUT,23100,2026-06-11
2026-06-11 14:15:00+05:30,54.8,55.7,53.9,54.8,60580,2390245,14.651452,23215.2,22950.0,22850,ATM-5,PUT,23100,2026-06-11
2026-06-11 14:16:00+05:30,54.35,54.9,53.55,54.85,27170,2407405,14.687972,23216.3,22950.0,22850,ATM-5,PUT,23100,2026-06-11
2026-06-11 14:17:00+05:30,55.25,56.0,54.85,55.55,45175,2405000,14.715936,23214.25,22950.0,22850,ATM-5,PUT,23100,2026-06-11
2026-06-11 14:18:00+05:30,55.6,57.6,55.55,57.6,39130,2402205,14.7861,23208.0,22950.0,22850,ATM-5,PUT,23100,2026-06-11
2026-06-11 14:19:00+05:30,57.15,57.85,55.45,55.95,74295,2404350,14.834013,23216.8,22950.0,22850,ATM-5,PUT,23100,2026-06-11
2026-06-11 14:20:00+05:30,54.65,55.95,53.15,53.55,83200,2383225,14.717051,23223.0,22950.0,22850,ATM-5,PUT,23100,2026-06-11
2026-06-11 14:21:00+05:30,53.65,54.75,52.9,53.8,248300,2350725,14.660489,23219.75,22950.0,22850,ATM-5,PUT,23100,2026-06-11
2026-06-11 14:22:00+05:30,55.15,55.15,53.35,54.85,175370,2239640,14.793044,23220.0,22950.0,22850,ATM-5,PUT,23100,2026-06-11
2026-06-11 14:23:00+05:30,54.55,57.35,54.05,57.2,67730,2171195,14.778058,23209.25,22950.0,22850,ATM-5,PUT,23100,2026-06-11
2026-06-11 14:24:00+05:30,57.0,57.3,56.35,56.6,64870,2177890,14.630796,23206.4,22950.0,22850,ATM-5,PUT,23100,2026-06-11
2026-06-11 14:25:00+05:30,56.65,56.65,54.7,54.7,38480,2163395,14.684577,23216.55,22950.0,22850,ATM-5,PUT,23100,2026-06-11
2026-06-11 14:26:00+05:30,66.5,67.1,64.05,64.25,245115,9587890,14.592685,23225.05,23000.0,22850,ATM-5,PUT,23100,2026-06-11
2026-06-11 14:27:00+05:30,64.45,64.8,63.25,63.75,280605,9520290,14.575339,23226.35,23000.0,22850,ATM-5,PUT,23100,2026-06-11
2026-06-11 14:28:00+05:30,62.5,63.75,57.75,58.05,640900,9482460,14.639344,23251.55,23000.0,22850,ATM-5,PUT,23100,2026-06-11
2026-06-11 14:29:00+05:30,57.95,61.85,57.5,61.55,315900,9457305,14.750206,23241.15,23000.0,22850,ATM-5,PUT,23100,2026-06-11
2026-06-11 14:30:00+05:30,61.7,63.65,59.75,59.8,421070,9483695,14.672672,23245.45,23000.0,22850,ATM-5,PUT,23100,2026-06-11
2026-06-11 14:31:00+05:30,59.85,61.25,59.55,60.85,206895,9524190,14.643237,23240.1,23000.0,22850,ATM-5,PUT,23100,2026-06-11
2026-06-11 14:32:00+05:30,60.95,62.25,59.8,59.8,156455,9508525,14.618588,23243.45,23000.0,22850,ATM-5,PUT,23100,2026-06-11
2026-06-11 14:33:00+05:30,59.95,64.0,59.8,63.65,160745,9511515,14.646374,23229.05,23000.0,22850,ATM-5,PUT,23100,2026-06-11
2026-06-11 14:34:00+05:30,63.6,64.45,62.7,63.3,162955,9520485,14.683732,23231.7,23000.0,22850,ATM-5,PUT,23100,2026-06-11
2026-06-11 14:35:00+05:30,63.25,63.35,61.0,62.95,127075,9506445,14.802931,23237.25,23000.0,22850,ATM-5,PUT,23100,2026-06-11
2026-06-11 14:36:00+05:30,51.45,54.75,51.4,54.6,54145,2143505,14.593991,23213.3,22950.0,22850,ATM-5,PUT,23100,2026-06-11
2026-06-11 14:37:00+05:30,66.75,70.25,65.35,66.3,611065,9272315,14.856988,23226.05,23000.0,22850,ATM-5,PUT,23100,2026-06-11
2026-06-11 14:38:00+05:30,53.85,56.65,53.4,56.0,48945,2134145,14.89966,23218.4,22950.0,22850,ATM-5,PUT,23100,2026-06-11
2026-06-11 14:39:00+05:30,55.95,58.8,55.95,57.1,149435,2143700,14.994739,23217.1,22950.0,22850,ATM-5,PUT,23100,2026-06-11
2026-06-11 14:40:00+05:30,57.0,58.3,56.45,57.85,84565,2141490,14.840827,23208.25,22950.0,22850,ATM-5,PUT,23100,2026-06-11
2026-06-11 14:41:00+05:30,57.8,59.1,56.95,57.1,101855,2151565,14.906335,23213.8,22950.0,22850,ATM-5,PUT,23100,2026-06-11
2026-06-11 14:42:00+05:30,56.8,58.5,56.4,58.3,85540,2159300,14.960953,23210.65,22950.0,22850,ATM-5,PUT,23100,2026-06-11
2026-06-11 14:43:00+05:30,58.35,61.5,57.55,61.45,172510,2149680,14.953576,23197.3,22950.0,22850,ATM-5,PUT,23100,2026-06-11
2026-06-11 14:44:00+05:30,61.65,62.0,59.65,60.5,121745,2125305,14.927075,23200.2,22950.0,22850,ATM-5,PUT,23100,2026-06-11
2026-06-11 14:45:00+05:30,59.4,62.35,59.4,61.75,162110,2115880,14.988053,23197.25,22950.0,22850,ATM-5,PUT,23100,2026-06-11
2026-06-11 14:46:00+05:30,62.0,63.1,59.2,62.95,142155,2117440,14.976947,23192.0,22950.0,22850,ATM-5,PUT,23100,2026-06-11
2026-06-11 14:47:00+05:30,52.2,57.2,51.55,56.25,598845,4142905,14.931948,23167.1,22900.0,22850,ATM-5,PUT,23100,2026-06-11
2026-06-11 14:48:00+05:30,68.45,68.9,63.7,64.55,154765,2086695,14.826233,23180.35,22950.0,22850,ATM-5,PUT,23100,2026-06-11
2026-06-11 14:49:00+05:30,63.75,64.8,62.0,62.8,152360,2108600,14.993695,23193.1,22950.0,22850,ATM-5,PUT,23100,2026-06-11
2026-06-11 14:50:00+05:30,52.35,55.45,51.55,54.8,347425,4196075,14.915684,23172.75,22900.0,22850,ATM-5,PUT,23100,2026-06-11
2026-06-11 14:51:00+05:30,54.5,54.9,52.75,54.35,205465,4174365,14.853263,23172.4,22900.0,22850,ATM-5,PUT,23100,2026-06-11
2026-06-11 14:52:00+05:30,54.0,54.85,53.6,54.25,117650,4208815,14.807024,23171.1,22900.0,22850,ATM-5,PUT,23100,2026-06-11
2026-06-11 14:53:00+05:30,54.0,54.35,52.85,52.95,108550,4206605,14.729839,23174.0,22900.0,22850,ATM-5,PUT,23100,2026-06-11
2026-06-11 14:54:00+05:30,52.95,54.05,52.8,53.3,78845,4197440,14.710979,23171.7,22900.0,22850,ATM-5,PUT,23100,2026-06-11
2026-06-11 14:55:00+05:30,53.5,54.35,52.45,52.95,144105,4195100,14.693919,23172.6,22900.0,22850,ATM-5,PUT,23100,2026-06-11
2026-06-11 14:56:00+05:30,52.75,54.0,52.4,53.8,170170,4170205,14.736294,23170.35,22900.0,22850,ATM-5,PUT,23100,2026-06-11
2026-06-11 14:57:00+05:30,53.95,54.6,52.7,53.45,187785,4155775,14.583039,23166.2,22900.0,22850,ATM-5,PUT,23100,2026-06-11
2026-06-11 14:58:00+05:30,53.55,53.6,52.75,53.05,128050,4163835,14.705837,23172.5,22900.0,22850,ATM-5,PUT,23100,2026-06-11
2026-06-11 14:59:00+05:30,63.7,66.15,63.25,65.25,325650,2007395,14.818524,23177.05,22950.0,22850,ATM-5,PUT,23100,2026-06-11
2026-06-11 15:00:00+05:30,52.8,55.7,48.7,55.6,557635,4009850,14.507667,23154.0,22900.0,22850,ATM-5,PUT,23100,2026-06-11
2026-06-11 15:01:00+05:30,55.95,57.3,54.75,55.1,310505,3989570,14.426382,23153.15,22900.0,22850,ATM-5,PUT,23100,2026-06-11
2026-06-11 15:02:00+05:30,55.0,57.3,53.6,55.3,330330,3971825,14.605717,23158.8,22900.0,22850,ATM-5,PUT,23100,2026-06-11
2026-06-11 15:03:00+05:30,55.45,57.0,55.1,56.15,205400,3965455,14.691624,23158.25,22900.0,22850,ATM-5,PUT,23100,2026-06-11
2026-06-11 15:04:00+05:30,56.1,57.2,55.4,57.0,157170,3971955,14.425536,23145.0,22900.0,22850,ATM-5,PUT,23100,2026-06-11
2026-06-11 15:05:00+05:30,57.3,58.25,55.95,56.25,267670,3945240,14.409921,23147.55,22900.0,22850,ATM-5,PUT,23100,2026-06-11
2026-06-11 15:06:00+05:30,56.2,58.7,55.75,58.2,269945,3902405,14.407998,23139.35,22900.0,22850,ATM-5,PUT,23100,2026-06-11
2026-06-11 15:07:00+05:30,58.55,58.75,56.2,56.2,258765,3879785,14.420979,23148.1,22900.0,22850,ATM-5,PUT,23100,2026-06-11
2026-06-11 15:08:00+05:30,55.65,57.2,55.05,57.2,196885,3891290,14.211916,23136.4,22900.0,22850,ATM-5,PUT,23100,2026-06-11
2026-06-11 15:09:00+05:30,57.65,57.7,55.95,56.3,176735,3879915,14.316436,23143.85,22900.0,22850,ATM-5,PUT,23100,2026-06-11
2026-06-11 15:10:00+05:30,56.35,56.35,53.4,53.4,184080,3884660,14.194821,23151.75,22900.0,22850,ATM-5,PUT,23100,2026-06-11
2026-06-11 15:11:00+05:30,53.4,55.3,52.5,55.1,157560,3867435,14.18516,23144.1,22900.0,22850,ATM-5,PUT,23100,2026-06-11
2026-06-11 15:12:00+05:30,55.05,56.1,54.0,54.25,151190,3894345,14.291446,23151.55,22900.0,22850,ATM-5,PUT,23100,2026-06-11
2026-06-11 15:13:00+05:30,54.2,54.25,52.1,52.2,154700,3916445,14.328923,23161.85,22900.0,22850,ATM-5,PUT,23100,2026-06-11
2026-06-11 15:14:00+05:30,52.15,53.75,51.55,53.6,241410,3882060,14.604525,23165.8,22900.0,22850,ATM-5,PUT,23100,2026-06-11
2026-06-11 15:15:00+05:30,53.7,55.65,53.4,53.6,248690,3854370,14.621636,23166.4,22900.0,22850,ATM-5,PUT,23100,2026-06-11
2026-06-11 15:16:00+05:30,65.7,65.85,60.8,60.8,156715,1668940,14.434924,23180.55,22950.0,22850,ATM-5,PUT,23100,2026-06-11
2026-06-11 15:17:00+05:30,61.2,61.75,59.9,60.75,107445,1663805,14.468438,23181.9,22950.0,22850,ATM-5,PUT,23100,2026-06-11
2026-06-11 15:18:00+05:30,60.75,64.9,60.7,64.4,77415,1647425,14.858084,23181.15,22950.0,22850,ATM-5,PUT,23100,2026-06-11
2026-06-11 15:19:00+05:30,52.4,54.35,52.4,53.1,289055,3853135,14.716334,23172.0,22900.0,22850,ATM-5,PUT,23100,2026-06-11
2026-06-11 15:20:00+05:30,65.6,65.6,63.8,64.0,71435,1622530,14.730389,23178.2,22950.0,22850,ATM-5,PUT,23100,2026-06-11
2026-06-11 15:21:00+05:30,64.25,64.8,62.35,64.65,92430,1608685,14.759052,23176.65,22950.0,22850,ATM-5,PUT,23100,2026-06-11
2026-06-11 15:22:00+05:30,52.25,53.65,51.8,53.0,212810,3886610,14.650197,23169.9,22900.0,22850,ATM-5,PUT,23100,2026-06-11
2026-06-11 15:23:00+05:30,53.05,53.95,52.25,52.3,175760,3876405,14.593512,23170.9,22900.0,22850,ATM-5,PUT,23100,2026-06-11
2026-06-11 15:24:00+05:30,52.15,52.55,51.45,52.05,171990,3901625,14.636636,23173.6,22900.0,22850,ATM-5,PUT,23100,2026-06-11
2026-06-11 15:25:00+05:30,52.45,52.45,50.0,50.1,209430,3934515,14.421017,23174.4,22900.0,22850,ATM-5,PUT,23100,2026-06-11
2026-06-11 15:26:00+05:30,61.5,62.0,59.05,59.4,134550,1493375,14.172624,23176.6,22950.0,22850,ATM-5,PUT,23100,2026-06-11
2026-06-11 15:27:00+05:30,59.75,61.6,58.75,60.8,101660,1462305,14.402815,23179.1,22950.0,22850,ATM-5,PUT,23100,2026-06-11
2026-06-11 15:28:00+05:30,60.9,61.55,60.4,61.05,130910,1449695,14.458916,23180.05,22950.0,22850,ATM-5,PUT,23100,2026-06-11
2026-06-11 15:29:00+05:30,61.0,61.2,59.2,59.4,159835,1428700,14.456585,23186.55,22950.0,22850,ATM-5,PUT,23100,2026-06-11
2026-06-11 09:15:00+05:30,250.1,318.4,250.1,305.15,76505,187655,14.036373,23104.4,22900.0,22900,ATM-4,CALL,23100,2026-06-11
2026-06-11 09:16:00+05:30,300.15,305.15,279.6,281.45,86385,204425,13.226043,23082.3,22900.0,22900,ATM-4,CALL,23100,2026-06-11
2026-06-11 09:17:00+05:30,281.35,287.95,276.0,287.95,54015,236990,13.097692,23092.9,22900.0,22900,ATM-4,CALL,23100,2026-06-11
2026-06-11 09:18:00+05:30,287.95,297.8,287.8,292.05,61490,257920,12.967399,23100.1,22900.0,22900,ATM-4,CALL,23100,2026-06-11
2026-06-11 09:19:00+05:30,292.5,301.3,291.65,300.2,64935,271505,12.555593,23115.85,22900.0,22900,ATM-4,CALL,23100,2026-06-11
2026-06-11 09:20:00+05:30,265.65,273.25,259.75,273.25,36790,125905,12.613096,23128.6,22950.0,22900,ATM-4,CALL,23100,2026-06-11
2026-06-11 09:21:00+05:30,272.05,285.0,271.55,281.95,43680,123305,12.454043,23142.45,22950.0,22900,ATM-4,CALL,23100,2026-06-11
2026-06-11 09:22:00+05:30,280.3,284.4,275.6,282.85,26845,120705,12.517016,23142.9,22950.0,22900,ATM-4,CALL,23100,2026-06-11
2026-06-11 09:23:00+05:30,283.65,287.2,275.5,277.9,24830,121940,12.593886,23135.25,22950.0,22900,ATM-4,CALL,23100,2026-06-11
2026-06-11 09:24:00+05:30,313.1,317.15,300.75,302.55,25415,274820,12.746742,23116.8,22900.0,22900,ATM-4,CALL,23100,2026-06-11
2026-06-11 09:25:00+05:30,299.75,303.35,296.4,297.45,23205,278850,12.837737,23109.0,22900.0,22900,ATM-4,CALL,23100,2026-06-11
2026-06-11 09:26:00+05:30,297.85,302.15,293.9,299.65,25740,282425,13.206881,23107.5,22900.0,22900,ATM-4,CALL,23100,2026-06-11
2026-06-11 09:27:00+05:30,300.2,303.2,288.4,294.9,52910,290810,13.17979,23101.45,22900.0,22900,ATM-4,CALL,23100,2026-06-11
2026-06-11 09:28:00+05:30,294.45,305.0,294.45,304.25,42900,305955,12.875385,23117.6,22900.0,22900,ATM-4,CALL,23100,2026-06-11
2026-06-11 09:29:00+05:30,305.25,310.0,301.95,306.45,44005,310310,12.754001,23121.9,22900.0,22900,ATM-4,CALL,23100,2026-06-11
2026-06-11 09:30:00+05:30,306.9,306.95,293.05,295.15,32305,302510,12.470046,23110.35,22900.0,22900,ATM-4,CALL,23100,2026-06-11
2026-06-11 09:31:00+05:30,295.55,300.8,289.6,300.8,28535,309010,12.546626,23116.9,22900.0,22900,ATM-4,CALL,23100,2026-06-11
2026-06-11 09:32:00+05:30,301.35,308.3,299.2,299.2,33345,314860,12.621689,23113.95,22900.0,22900,ATM-4,CALL,23100,2026-06-11
2026-06-11 09:33:00+05:30,296.0,299.2,285.8,286.3,29835,322920,12.222488,23101.6,22900.0,22900,ATM-4,CALL,23100,2026-06-11
2026-06-11 09:34:00+05:30,286.65,295.2,286.3,293.25,18330,329550,12.319123,23109.65,22900.0,22900,ATM-4,CALL,23100,2026-06-11
2026-06-11 09:35:00+05:30,292.15,293.25,282.0,282.4,33215,333775,12.180637,23096.95,22900.0,22900,ATM-4,CALL,23100,2026-06-11
2026-06-11 09:36:00+05:30,283.7,293.8,282.4,293.8,22815,352300,12.147798,23112.35,22900.0,22900,ATM-4,CALL,23100,2026-06-11
2026-06-11 09:37:00+05:30,294.15,301.1,292.7,297.85,25350,361660,11.991335,23119.35,22900.0,22900,ATM-4,CALL,23100,2026-06-11
2026-06-11 09:38:00+05:30,264.65,273.75,263.15,270.9,25480,193830,12.276432,23129.95,22950.0,22900,ATM-4,CALL,23100,2026-06-11
2026-06-11 09:39:00+05:30,270.25,276.25,270.25,273.1,30355,186225,12.324493,23132.35,22950.0,22900,ATM-4,CALL,23100,2026-06-11
2026-06-11 09:40:00+05:30,309.5,310.55,298.9,298.9,29575,354705,12.082027,23119.75,22900.0,22900,ATM-4,CALL,23100,2026-06-11
2026-06-11 09:41:00+05:30,298.05,301.95,295.9,298.85,17940,357695,12.022415,23120.35,22900.0,22900,ATM-4,CALL,23100,2026-06-11
2026-06-11 09:42:00+05:30,299.0,301.35,293.5,297.0,18330,361140,11.836332,23120.0,22900.0,22900,ATM-4,CALL,23100,2026-06-11
2026-06-11 09:43:00+05:30,261.65,278.6,261.65,277.4,18070,186160,12.072599,23141.3,22950.0,22900,ATM-4,CALL,23100,2026-06-11
2026-06-11 09:44:00+05:30,281.0,282.1,277.4,279.05,27040,185965,12.010947,23144.25,22950.0,22900,ATM-4,CALL,23100,2026-06-11
2026-06-11 09:45:00+05:30,279.3,285.35,274.05,281.3,26845,188695,12.145635,23145.65,22950.0,22900,ATM-4,CALL,23100,2026-06-11
2026-06-11 09:46:00+05:30,281.15,285.05,276.65,285.0,13130,187980,11.810105,23154.45,22950.0,22900,ATM-4,CALL,23100,2026-06-11
2026-06-11 09:47:00+05:30,284.65,285.0,279.6,279.95,22035,187655,11.648566,23149.7,22950.0,22900,ATM-4,CALL,23100,2026-06-11
2026-06-11 09:48:00+05:30,280.7,282.4,275.1,275.85,10595,187720,11.889145,23141.5,22950.0,22900,ATM-4,CALL,23100,2026-06-11
2026-06-11 09:49:00+05:30,273.6,284.0,273.35,283.75,16965,187265,11.770991,23153.3,22950.0,22900,ATM-4,CALL,23100,2026-06-11
2026-06-11 09:50:00+05:30,283.45,294.7,277.2,293.55,36660,195780,12.053264,23162.9,22950.0,22900,ATM-4,CALL,23100,2026-06-11
2026-06-11 09:51:00+05:30,291.85,296.6,289.3,294.85,30810,197015,11.789985,23167.5,22950.0,22900,ATM-4,CALL,23100,2026-06-11
2026-06-11 09:52:00+05:30,295.05,297.25,289.55,294.55,22100,188305,11.44528,23170.8,22950.0,22900,ATM-4,CALL,23100,2026-06-11
2026-06-11 09:53:00+05:30,296.05,298.85,293.05,296.0,17940,184470,11.479064,23172.3,22950.0,22900,ATM-4,CALL,23100,2026-06-11
2026-06-11 09:54:00+05:30,296.45,296.5,283.3,284.25,17745,178425,11.916942,23152.35,22950.0,22900,ATM-4,CALL,23100,2026-06-11
2026-06-11 09:55:00+05:30,286.8,286.85,275.15,277.5,22035,172380,12.051495,23141.85,22950.0,22900,ATM-4,CALL,23100,2026-06-11
2026-06-11 09:56:00+05:30,276.5,284.2,274.55,274.55,15015,171275,11.836912,23140.5,22950.0,22900,ATM-4,CALL,23100,2026-06-11
2026-06-11 09:57:00+05:30,275.05,275.75,266.55,268.8,20540,174070,11.97393,23131.15,22950.0,22900,ATM-4,CALL,23100,2026-06-11
2026-06-11 09:58:00+05:30,304.25,304.25,293.35,294.4,36270,329680,12.032928,23114.7,22900.0,22900,ATM-4,CALL,23100,2026-06-11
2026-06-11 09:59:00+05:30,293.3,299.65,290.35,293.8,45435,339755,11.697351,23117.6,22900.0,22900,ATM-4,CALL,23100,2026-06-11
2026-06-11 10:00:00+05:30,258.45,269.0,258.45,267.0,29705,199940,11.857494,23130.2,22950.0,22900,ATM-4,CALL,23100,2026-06-11
2026-06-11 10:01:00+05:30,268.5,270.6,266.4,268.15,18330,204035,11.797039,23132.5,22950.0,22900,ATM-4,CALL,23100,2026-06-11
2026-06-11 10:02:00+05:30,303.4,303.4,295.75,297.95,15860,357825,11.701115,23122.9,22900.0,22900,ATM-4,CALL,23100,2026-06-11
2026-06-11 10:03:00+05:30,297.9,304.1,292.45,295.5,12415,359320,11.600486,23120.85,22900.0,22900,ATM-4,CALL,23100,2026-06-11
2026-06-11 10:04:00+05:30,295.0,298.05,286.8,286.8,31785,361465,11.705819,23108.55,22900.0,22900,ATM-4,CALL,23100,2026-06-11
2026-06-11 10:05:00+05:30,287.2,292.95,283.0,291.55,31980,369265,11.946739,23112.05,22900.0,22900,ATM-4,CALL,23100,2026-06-11
2026-06-11 10:06:00+05:30,257.55,273.55,256.35,271.6,35880,217230,11.787156,23137.3,22950.0,22900,ATM-4,CALL,23100,2026-06-11
2026-06-11 10:07:00+05:30,270.3,280.5,268.25,279.25,45305,224185,11.756534,23147.8,22950.0,22900,ATM-4,CALL,23100,2026-06-11
2026-06-11 10:08:00+05:30,277.2,288.45,276.9,287.5,31850,214500,11.906905,23156.9,22950.0,22900,ATM-4,CALL,23100,2026-06-11
2026-06-11 10:09:00+05:30,288.9,291.4,284.7,285.35,23400,209300,11.654211,23156.95,22950.0,22900,ATM-4,CALL,23100,2026-06-11
2026-06-11 10:10:00+05:30,283.0,291.3,283.0,286.15,15860,206830,11.627038,23158.3,22950.0,22900,ATM-4,CALL,23100,2026-06-11
2026-06-11 10:11:00+05:30,286.45,292.15,286.15,290.2,11635,207285,11.676409,23163.0,22950.0,22900,ATM-4,CALL,23100,2026-06-11
2026-06-11 10:12:00+05:30,291.2,291.75,284.2,284.95,17550,202670,11.637927,23156.65,22950.0,22900,ATM-4,CALL,23100,2026-06-11
2026-06-11 10:13:00+05:30,285.2,289.6,284.8,289.6,9165,198315,11.902467,23159.75,22950.0,22900,ATM-4,CALL,23100,2026-06-11
2026-06-11 10:14:00+05:30,288.8,291.0,277.65,278.15,12870,193505,11.664963,23147.5,22950.0,22900,ATM-4,CALL,23100,2026-06-11
2026-06-11 10:15:00+05:30,279.7,288.6,278.15,286.85,11570,190060,11.750534,23157.9,22950.0,22900,ATM-4,CALL,23100,2026-06-11
2026-06-11 10:16:00+05:30,289.65,295.2,286.85,290.85,24375,193895,11.579175,23164.95,22950.0,22900,ATM-4,CALL,23100,2026-06-11
2026-06-11 10:17:00+05:30,291.8,297.65,290.0,296.7,15730,189540,11.887157,23169.15,22950.0,22900,ATM-4,CALL,23100,2026-06-11
2026-06-11 10:18:00+05:30,295.5,302.4,290.9,300.1,18915,183300,11.936034,23173.0,22950.0,22900,ATM-4,CALL,23100,2026-06-11
2026-06-11 10:19:00+05:30,265.0,271.8,263.8,271.8,272350,2161250,12.132015,23183.15,23000.0,22900,ATM-4,CALL,23100,2026-06-11
2026-06-11 10:20:00+05:30,272.1,278.8,266.7,278.6,234975,2075710,12.300612,23190.25,23000.0,22900,ATM-4,CALL,23100,2026-06-11
2026-06-11 10:21:00+05:30,276.25,278.6,266.1,267.4,159445,2056340,11.733653,23182.15,23000.0,22900,ATM-4,CALL,23100,2026-06-11
2026-06-11 10:22:00+05:30,267.4,271.0,265.7,268.0,114465,2058680,11.983438,23179.9,23000.0,22900,ATM-4,CALL,23100,2026-06-11
2026-06-11 10:23:00+05:30,267.2,272.25,266.9,271.15,51350,2000765,12.194303,23181.55,23000.0,22900,ATM-4,CALL,23100,2026-06-11
2026-06-11 10:24:00+05:30,269.3,271.15,263.35,267.7,76895,2009475,11.965089,23179.75,23000.0,22900,ATM-4,CALL,23100,2026-06-11
2026-06-11 10:25:00+05:30,268.2,268.75,264.45,265.45,67210,2039635,11.752843,23179.35,23000.0,22900,ATM-4,CALL,23100,2026-06-11
2026-06-11 10:26:00+05:30,266.4,278.25,265.45,276.95,123565,2035995,11.883836,23193.15,23000.0,22900,ATM-4,CALL,23100,2026-06-11
2026-06-11 10:27:00+05:30,277.35,289.45,276.5,288.75,285350,2003430,11.978424,23207.6,23000.0,22900,ATM-4,CALL,23100,2026-06-11
2026-06-11 10:28:00+05:30,288.6,290.65,278.25,282.1,149305,1950325,11.933795,23199.4,23000.0,22900,ATM-4,CALL,23100,2026-06-11
2026-06-11 10:29:00+05:30,281.85,286.55,280.35,283.2,76570,1955525,12.050685,23199.5,23000.0,22900,ATM-4,CALL,23100,2026-06-11
2026-06-11 10:30:00+05:30,283.5,287.7,271.05,274.05,126425,1950585,11.921089,23188.9,23000.0,22900,ATM-4,CALL,23100,2026-06-11
2026-06-11 10:31:00+05:30,272.85,280.95,270.9,280.3,98930,1938820,11.754193,23199.15,23000.0,22900,ATM-4,CALL,23100,2026-06-11
2026-06-11 10:32:00+05:30,279.7,287.5,276.85,283.55,82290,1951755,11.702764,23204.0,23000.0,22900,ATM-4,CALL,23100,2026-06-11
2026-06-11 10:33:00+05:30,282.5,283.55,276.7,281.5,59085,1954615,11.910176,23198.95,23000.0,22900,ATM-4,CALL,23100,2026-06-11
2026-06-11 10:34:00+05:30,280.25,282.4,278.95,279.5,60515,1969110,11.520721,23200.8,23000.0,22900,ATM-4,CALL,23100,2026-06-11
2026-06-11 10:35:00+05:30,280.95,286.25,279.5,281.05,57720,1980095,11.647671,23201.4,23000.0,22900,ATM-4,CALL,23100,2026-06-11
2026-06-11 10:36:00+05:30,279.55,281.05,273.85,278.2,59410,1967875,11.776047,23196.2,23000.0,22900,ATM-4,CALL,23100,2026-06-11
2026-06-11 10:37:00+05:30,279.3,280.8,272.55,275.0,41080,1971060,11.783189,23191.9,23000.0,22900,ATM-4,CALL,23100,2026-06-11
2026-06-11 10:38:00+05:30,277.85,281.4,275.0,281.3,38480,1966315,11.880245,23199.1,23000.0,22900,ATM-4,CALL,23100,2026-06-11
2026-06-11 10:39:00+05:30,283.45,288.95,280.45,286.5,134745,1905085,11.74535,23207.45,23000.0,22900,ATM-4,CALL,23100,2026-06-11
2026-06-11 10:40:00+05:30,286.55,290.0,282.9,290.0,90805,1902095,11.708732,23212.4,23000.0,22900,ATM-4,CALL,23100,2026-06-11
2026-06-11 10:41:00+05:30,289.2,290.25,281.4,281.4,93600,1892215,11.512569,23203.45,23000.0,22900,ATM-4,CALL,23100,2026-06-11
2026-06-11 10:42:00+05:30,282.0,285.25,278.55,285.25,63180,1887340,11.746479,23205.85,23000.0,22900,ATM-4,CALL,23100,2026-06-11
2026-06-11 10:43:00+05:30,285.05,286.15,280.6,282.0,37180,1884545,11.704392,23202.1,23000.0,22900,ATM-4,CALL,23100,2026-06-11
2026-06-11 10:44:00+05:30,282.15,285.0,278.0,285.0,45045,1886105,11.808541,23204.85,23000.0,22900,ATM-4,CALL,23100,2026-06-11
2026-06-11 10:45:00+05:30,284.35,285.0,276.8,283.8,30615,1888900,11.693136,23204.6,23000.0,22900,ATM-4,CALL,23100,2026-06-11
2026-06-11 10:46:00+05:30,283.0,288.65,281.9,283.05,62010,1889745,11.426337,23206.6,23000.0,22900,ATM-4,CALL,23100,2026-06-11
2026-06-11 10:47:00+05:30,282.7,288.0,281.95,287.65,43745,1892215,11.627052,23210.35,23000.0,22900,ATM-4,CALL,23100,2026-06-11
2026-06-11 10:48:00+05:30,287.95,289.9,279.65,283.1,110240,1907100,11.51629,23205.7,23000.0,22900,ATM-4,CALL,23100,2026-06-11
2026-06-11 10:49:00+05:30,284.05,284.15,275.05,275.05,72605,1898325,11.644234,23193.75,23000.0,22900,ATM-4,CALL,23100,2026-06-11
2026-06-11 10:50:00+05:30,275.05,275.85,269.0,270.8,90675,1889550,11.790521,23186.4,23000.0,22900,ATM-4,CALL,23100,2026-06-11
2026-06-11 10:51:00+05:30,271.0,280.05,270.8,274.75,66300,1886235,11.930845,23190.0,23000.0,22900,ATM-4,CALL,23100,2026-06-11
2026-06-11 10:52:00+05:30,274.95,279.7,273.0,273.55,31915,1886820,11.960933,23188.05,23000.0,22900,ATM-4,CALL,23100,2026-06-11
2026-06-11 10:53:00+05:30,308.55,309.7,299.0,299.65,10465,160485,11.743477,23174.9,22950.0,22900,ATM-4,CALL,23100,2026-06-11
2026-06-11 10:54:00+05:30,299.95,302.4,297.0,301.7,5720,163020,12.010833,23174.7,22950.0,22900,ATM-4,CALL,23100,2026-06-11
2026-06-11 10:55:00+05:30,298.85,302.4,296.2,300.6,6890,163085,12.020365,23173.2,22950.0,22900,ATM-4,CALL,23100,2026-06-11
2026-06-11 10:56:00+05:30,264.35,269.8,262.85,268.55,51870,1890590,12.089307,23179.8,23000.0,22900,ATM-4,CALL,23100,2026-06-11
2026-06-11 10:57:00+05:30,268.1,269.05,263.05,265.5,46735,1893515,11.959393,23177.3,23000.0,22900,ATM-4,CALL,23100,2026-06-11
2026-06-11 10:58:00+05:30,266.2,268.65,261.0,262.7,41470,1891370,11.788367,23175.65,23000.0,22900,ATM-4,CALL,23100,2026-06-11
2026-06-11 10:59:00+05:30,262.65,267.75,259.7,266.1,64155,1908400,12.086509,23176.55,23000.0,22900,ATM-4,CALL,23100,2026-06-11
2026-06-11 11:00:00+05:30,305.5,305.5,294.7,294.7,3120,165360,11.669852,23169.45,22950.0,22900,ATM-4,CALL,23100,2026-06-11
2026-06-11 11:01:00+05:30,291.65,300.05,291.65,293.4,13065,164840,11.730551,23167.15,22950.0,22900,ATM-4,CALL,23100,2026-06-11
2026-06-11 11:02:00+05:30,295.0,297.65,293.0,295.8,9165,165945,11.947834,23167.9,22950.0,22900,ATM-4,CALL,23100,2026-06-11
2026-06-11 11:03:00+05:30,258.8,268.0,257.2,268.0,44200,1921270,11.984857,23180.45,23000.0,22900,ATM-4,CALL,23100,2026-06-11
2026-06-11 11:04:00+05:30,268.7,272.65,265.6,267.05,172770,1911910,11.787956,23181.6,23000.0,22900,ATM-4,CALL,23100,2026-06-11
2026-06-11 11:05:00+05:30,268.75,282.05,267.05,280.65,162890,1886625,11.776051,23199.8,23000.0,22900,ATM-4,CALL,23100,2026-06-11
2026-06-11 11:06:00+05:30,282.0,284.25,275.45,281.85,115180,1873040,11.525843,23204.2,23000.0,22900,ATM-4,CALL,23100,2026-06-11
2026-06-11 11:07:00+05:30,283.5,286.6,271.7,271.7,126100,1872000,11.602429,23190.05,23000.0,22900,ATM-4,CALL,23100,2026-06-11
2026-06-11 11:08:00+05:30,271.95,280.0,270.05,276.0,72930,1864005,11.682934,23194.8,23000.0,22900,ATM-4,CALL,23100,2026-06-11
2026-06-11 11:09:00+05:30,274.25,276.0,265.6,274.05,82030,1879670,11.57016,23193.55,23000.0,22900,ATM-4,CALL,23100,2026-06-11
2026-06-11 11:10:00+05:30,273.85,274.4,269.1,274.2,24050,1884545,11.764217,23191.5,23000.0,22900,ATM-4,CALL,23100,2026-06-11
2026-06-11 11:11:00+05:30,273.1,275.85,270.25,271.7,39845,1885130,11.679265,23189.2,23000.0,22900,ATM-4,CALL,23100,2026-06-11
2026-06-11 11:12:00+05:30,272.55,272.95,268.65,272.25,25350,1890070,11.926354,23187.0,23000.0,22900,ATM-4,CALL,23100,2026-06-11
2026-06-11 11:13:00+05:30,270.8,275.35,269.25,271.6,40625,1894490,12.00003,23185.25,23000.0,22900,ATM-4,CALL,23100,2026-06-11
2026-06-11 11:14:00+05:30,272.3,274.45,267.1,269.6,47190,1904630,11.948882,23183.2,23000.0,22900,ATM-4,CALL,23100,2026-06-11
2026-06-11 11:15:00+05:30,270.05,274.65,267.5,272.7,37765,1900535,11.8757,23188.25,23000.0,22900,ATM-4,CALL,23100,2026-06-11
2026-06-11 11:16:00+05:30,271.9,274.05,269.75,273.5,16705,1898780,11.865608,23189.45,23000.0,22900,ATM-4,CALL,23100,2026-06-11
2026-06-11 11:17:00+05:30,269.0,277.05,269.0,275.35,62205,1903395,11.692502,23193.95,23000.0,22900,ATM-4,CALL,23100,2026-06-11
2026-06-11 11:18:00+05:30,275.3,285.25,273.95,283.45,79170,1899495,11.640795,23205.15,23000.0,22900,ATM-4,CALL,23100,2026-06-11
2026-06-11 11:19:00+05:30,285.8,287.3,280.0,281.4,102895,1890070,11.555493,23203.45,23000.0,22900,ATM-4,CALL,23100,2026-06-11
2026-06-11 11:20:00+05:30,282.0,289.25,278.35,289.0,85995,1893970,11.622623,23212.55,23000.0,22900,ATM-4,CALL,23100,2026-06-11
2026-06-11 11:21:00+05:30,289.75,297.15,288.75,295.4,180310,1875900,11.666109,23220.3,23000.0,22900,ATM-4,CALL,23100,2026-06-11
2026-06-11 11:22:00+05:30,296.4,297.15,290.3,291.0,88920,1865630,11.719344,23214.1,23000.0,22900,ATM-4,CALL,23100,2026-06-11
2026-06-11 11:23:00+05:30,290.65,297.0,287.8,287.8,80730,1857245,11.436377,23213.05,23000.0,22900,ATM-4,CALL,23100,2026-06-11
2026-06-11 11:24:00+05:30,288.55,294.5,286.0,294.0,56940,1859780,11.670583,23218.5,23000.0,22900,ATM-4,CALL,23100,2026-06-11
2026-06-11 11:25:00+05:30,294.05,297.1,292.0,293.45,90025,1856205,11.856699,23215.8,23000.0,22900,ATM-4,CALL,23100,2026-06-11
2026-06-11 11:26:00+05:30,257.45,269.5,257.4,268.55,63635,732095,12.194671,23228.5,23050.0,22900,ATM-4,CALL,23100,2026-06-11
2026-06-11 11:27:00+05:30,269.0,278.0,268.55,275.8,83720,705575,12.534486,23234.1,23050.0,22900,ATM-4,CALL,23100,2026-06-11
2026-06-11 11:28:00+05:30,277.5,277.85,271.35,274.8,41860,701740,12.270838,23236.05,23050.0,22900,ATM-4,CALL,23100,2026-06-11
2026-06-11 11:29:00+05:30,274.1,276.2,268.45,276.2,35750,694200,12.472607,23235.45,23050.0,22900,ATM-4,CALL,23100,2026-06-11
2026-06-11 11:30:00+05:30,275.45,281.55,272.85,273.9,61035,688610,12.162404,23236.2,23050.0,22900,ATM-4,CALL,23100,2026-06-11
2026-06-11 11:31:00+05:30,275.9,275.9,266.6,270.25,36985,691990,12.555147,23226.3,23050.0,22900,ATM-4,CALL,23100,2026-06-11
2026-06-11 11:32:00+05:30,269.55,270.25,264.6,267.65,22230,700830,12.289999,23226.15,23050.0,22900,ATM-4,CALL,23100,2026-06-11
2026-06-11 11:33:00+05:30,268.45,276.2,267.65,271.5,19045,706355,12.118237,23233.55,23050.0,22900,ATM-4,CALL,23100,2026-06-11
2026-06-11 11:34:00+05:30,273.3,273.3,265.2,265.2,16445,710645,12.012298,23226.35,23050.0,22900,ATM-4,CALL,23100,2026-06-11
2026-06-11 11:35:00+05:30,264.9,272.6,262.55,272.6,26715,712985,12.175983,23234.35,23050.0,22900,ATM-4,CALL,23100,2026-06-11
2026-06-11 11:36:00+05:30,307.85,308.7,296.4,297.35,42965,1791985,11.791194,23221.65,23000.0,22900,ATM-4,CALL,23100,2026-06-11
2026-06-11 11:37:00+05:30,297.9,300.75,297.0,297.0,37505,1799265,12.083972,23218.05,23000.0,22900,ATM-4,CALL,23100,2026-06-11
2026-06-11 11:38:00+05:30,297.0,298.6,292.45,292.45,56875,1795885,11.799305,23215.3,23000.0,22900,ATM-4,CALL,23100,2026-06-11
2026-06-11 11:39:00+05:30,292.0,298.85,289.85,298.5,57525,1792700,11.810688,23222.95,23000.0,22900,ATM-4,CALL,23100,2026-06-11
2026-06-11 11:40:00+05:30,298.0,301.1,295.0,297.2,68185,1795235,11.644837,23223.05,23000.0,22900,ATM-4,CALL,23100,2026-06-11
2026-06-11 11:41:00+05:30,260.45,268.95,259.9,268.35,12935,715650,12.045923,23230.3,23050.0,22900,ATM-4,CALL,23100,2026-06-11
2026-06-11 11:42:00+05:30,268.0,282.05,266.4,281.6,59345,704925,12.335076,23244.6,23050.0,22900,ATM-4,CALL,23100,2026-06-11
2026-06-11 11:43:00+05:30,280.0,281.6,275.7,276.5,35750,700375,12.023132,23241.55,23050.0,22900,ATM-4,CALL,23100,2026-06-11
2026-06-11 11:44:00+05:30,277.75,289.0,276.5,288.8,46280,693875,12.377879,23253.7,23050.0,22900,ATM-4,CALL,23100,2026-06-11
2026-06-11 11:45:00+05:30,289.25,293.65,286.15,289.75,61685,688870,12.456236,23254.05,23050.0,22900,ATM-4,CALL,23100,2026-06-11
2026-06-11 11:46:00+05:30,288.5,292.6,286.45,292.6,25350,688610,12.459183,23257.8,23050.0,22900,ATM-4,CALL,23100,2026-06-11
2026-06-11 11:47:00+05:30,292.35,305.0,289.0,304.6,62985,684255,12.840533,23269.2,23050.0,22900,ATM-4,CALL,23100,2026-06-11
2026-06-11 11:48:00+05:30,306.0,306.55,296.1,299.8,48165,666900,12.364204,23268.35,23050.0,22900,ATM-4,CALL,23100,2026-06-11
2026-06-11 11:49:00+05:30,299.35,299.8,292.95,296.65,35880,655460,12.28058,23265.2,23050.0,22900,ATM-4,CALL,23100,2026-06-11
2026-06-11 11:50:00+05:30,297.6,303.45,296.65,302.45,23595,659295,12.183714,23273.8,23050.0,22900,ATM-4,CALL,23100,2026-06-11
2026-06-11 11:51:00+05:30,302.05,304.55,298.35,299.2,17485,659295,12.248561,23268.9,23050.0,22900,ATM-4,CALL,23100,2026-06-11
2026-06-11 11:52:00+05:30,298.45,302.4,295.8,302.4,22100,660530,12.51464,23270.1,23050.0,22900,ATM-4,CALL,23100,2026-06-11
2026-06-11 11:53:00+05:30,302.05,302.85,298.85,301.95,8190,656240,12.100236,23274.1,23050.0,22900,ATM-4,CALL,23100,2026-06-11
2026-06-11 11:54:00+05:30,303.0,307.65,299.05,300.35,21450,654875,12.017498,23272.95,23050.0,22900,ATM-4,CALL,23100,2026-06-11
2026-06-11 11:55:00+05:30,302.65,306.4,300.35,300.9,14495,654420,12.005267,23273.8,23050.0,22900,ATM-4,CALL,23100,2026-06-11
2026-06-11 11:56:00+05:30,266.1,282.1,263.7,280.15,336830,2681900,12.907956,23285.3,23100.0,22900,ATM-4,CALL,23100,2026-06-11
2026-06-11 11:57:00+05:30,279.2,280.15,274.6,278.8,187850,2610725,12.791925,23284.95,23100.0,22900,ATM-4,CALL,23100,2026-06-11
2026-06-11 11:58:00+05:30,278.5,284.9,277.2,278.9,169260,2569190,12.327478,23290.9,23100.0,22900,ATM-4,CALL,23100,2026-06-11
2026-06-11 11:59:00+05:30,278.85,279.15,272.05,272.6,96850,2558725,12.267718,23283.15,23100.0,22900,ATM-4,CALL,23100,2026-06-11
2026-06-11 12:00:00+05:30,275.15,279.9,272.6,273.8,75595,2550600,12.286944,23284.55,23100.0,22900,ATM-4,CALL,23100,2026-06-11
2026-06-11 12:01:00+05:30,273.8,280.65,273.8,278.0,62660,2549170,12.423452,23288.55,23100.0,22900,ATM-4,CALL,23100,2026-06-11
2026-06-11 12:02:00+05:30,278.4,279.8,274.5,276.0,34255,2551120,12.436148,23285.7,23100.0,22900,ATM-4,CALL,23100,2026-06-11
2026-06-11 12:03:00+05:30,275.55,280.45,274.6,278.7,43030,2554760,12.384738,23290.0,23100.0,22900,ATM-4,CALL,23100,2026-06-11
2026-06-11 12:04:00+05:30,278.7,278.7,274.35,274.4,57655,2561390,12.183026,23286.7,23100.0,22900,ATM-4,CALL,23100,2026-06-11
2026-06-11 12:05:00+05:30,276.0,277.45,266.8,269.2,114140,2538575,12.065252,23281.15,23100.0,22900,ATM-4,CALL,23100,2026-06-11
2026-06-11 12:06:00+05:30,271.5,274.15,268.35,273.65,52325,2532530,12.473013,23282.1,23100.0,22900,ATM-4,CALL,23100,2026-06-11
2026-06-11 12:07:00+05:30,273.65,281.65,272.85,280.65,101075,2526810,12.57826,23290.3,23100.0,22900,ATM-4,CALL,23100,2026-06-11
2026-06-11 12:08:00+05:30,281.2,281.25,272.9,275.0,94445,2503345,12.414541,23284.7,23100.0,22900,ATM-4,CALL,23100,2026-06-11
2026-06-11 12:09:00+05:30,276.15,277.2,272.25,272.9,28470,2506010,12.303735,23283.25,23100.0,22900,ATM-4,CALL,23100,2026-06-11
2026-06-11 12:10:00+05:30,274.1,274.3,269.0,270.45,62075,2486705,12.401279,23278.7,23100.0,22900,ATM-4,CALL,23100,2026-06-11
2026-06-11 12:11:00+05:30,271.3,272.8,266.0,268.7,55445,2479100,12.304756,23277.55,23100.0,22900,ATM-4,CALL,23100,2026-06-11
2026-06-11 12:12:00+05:30,270.0,272.7,266.5,271.95,29965,2476110,12.203773,23283.25,23100.0,22900,ATM-4,CALL,23100,2026-06-11
2026-06-11 12:13:00+05:30,271.8,275.75,270.0,274.15,37570,2474680,12.186255,23286.45,23100.0,22900,ATM-4,CALL,23100,2026-06-11
2026-06-11 12:14:00+05:30,272.0,276.45,269.95,276.45,36010,2477930,12.35,23287.55,23100.0,22900,ATM-4,CALL,23100,2026-06-11
2026-06-11 12:15:00+05:30,276.5,291.3,276.45,286.55,250770,2429115,12.348697,23301.1,23100.0,22900,ATM-4,CALL,23100,2026-06-11
2026-06-11 12:16:00+05:30,288.0,291.6,279.5,290.25,133315,2400125,12.486067,23304.4,23100.0,22900,ATM-4,CALL,23100,2026-06-11
2026-06-11 12:17:00+05:30,290.0,292.95,281.75,283.4,125255,2374710,12.288903,23297.65,23100.0,22900,ATM-4,CALL,23100,2026-06-11
2026-06-11 12:18:00+05:30,283.1,284.25,278.45,279.9,65065,2372955,12.180081,23294.3,23100.0,22900,ATM-4,CALL,23100,2026-06-11
2026-06-11 12:19:00+05:30,280.1,281.3,275.1,275.1,49790,2360930,12.04717,23289.5,23100.0,22900,ATM-4,CALL,23100,2026-06-11
2026-06-11 12:20:00+05:30,274.6,278.6,271.0,272.3,102180,2370810,12.194602,23283.95,23100.0,22900,ATM-4,CALL,23100,2026-06-11
2026-06-11 12:21:00+05:30,272.05,275.1,269.0,273.65,63115,2356640,12.4029,23283.2,23100.0,22900,ATM-4,CALL,23100,2026-06-11
2026-06-11 12:22:00+05:30,273.95,278.0,272.9,276.2,40040,2359435,12.348083,23287.35,23100.0,22900,ATM-4,CALL,23100,2026-06-11
2026-06-11 12:23:00+05:30,275.75,282.9,274.0,280.75,44005,2351960,12.359108,23293.35,23100.0,22900,ATM-4,CALL,23100,2026-06-11
2026-06-11 12:24:00+05:30,280.05,280.75,275.8,280.45,30875,2346240,12.458513,23291.75,23100.0,22900,ATM-4,CALL,23100,2026-06-11
2026-06-11 12:25:00+05:30,279.55,280.45,273.75,276.4,41860,2335840,12.263582,23288.7,23100.0,22900,ATM-4,CALL,23100,2026-06-11
2026-06-11 12:26:00+05:30,276.75,283.95,276.4,278.0,44265,2335125,12.11542,23292.65,23100.0,22900,ATM-4,CALL,23100,2026-06-11
2026-06-11 12:27:00+05:30,278.35,282.0,278.0,280.25,47385,2337985,12.349701,23292.85,23100.0,22900,ATM-4,CALL,23100,2026-06-11
2026-06-11 12:28:00+05:30,280.3,286.25,276.75,284.95,51870,2333370,12.209305,23300.8,23100.0,22900,ATM-4,CALL,23100,2026-06-11
2026-06-11 12:29:00+05:30,284.0,287.1,281.4,282.8,41275,2332330,12.239929,23297.6,23100.0,22900,ATM-4,CALL,23100,2026-06-11
2026-06-11 12:30:00+05:30,283.1,296.5,282.8,291.3,190255,2332330,12.489116,23305.95,23100.0,22900,ATM-4,CALL,23100,2026-06-11
2026-06-11 12:31:00+05:30,291.2,301.35,288.0,299.6,162825,2284750,12.566596,23316.0,23100.0,22900,ATM-4,CALL,23100,2026-06-11
2026-06-11 12:32:00+05:30,299.75,305.0,298.35,302.95,145860,2258035,12.592635,23320.1,23100.0,22900,ATM-4,CALL,23100,2026-06-11
2026-06-11 12:33:00+05:30,302.3,302.95,298.0,300.95,64415,2206490,12.719011,23316.05,23100.0,22900,ATM-4,CALL,23100,2026-06-11
2026-06-11 12:34:00+05:30,300.35,303.0,297.6,302.5,59995,2198820,12.368376,23322.05,23100.0,22900,ATM-4,CALL,23100,2026-06-11
2026-06-11 12:35:00+05:30,305.9,307.9,289.5,294.7,173550,2195050,12.258117,23313.15,23100.0,22900,ATM-4,CALL,23100,2026-06-11
2026-06-11 12:36:00+05:30,296.05,296.5,290.35,292.45,91325,2150460,12.468029,23307.8,23100.0,22900,ATM-4,CALL,23100,2026-06-11
2026-06-11 12:37:00+05:30,294.3,294.6,285.2,286.5,90285,2125890,13.024988,23293.1,23100.0,22900,ATM-4,CALL,23100,2026-06-11
2026-06-11 12:38:00+05:30,286.65,288.95,281.25,283.15,108030,2126085,12.616501,23293.65,23100.0,22900,ATM-4,CALL,23100,2026-06-11
2026-06-11 12:39:00+05:30,282.55,290.15,282.55,289.9,64545,2105415,13.032337,23297.65,23100.0,22900,ATM-4,CALL,23100,2026-06-11
2026-06-11 12:40:00+05:30,289.95,290.45,285.1,287.2,36660,2104830,12.716914,23297.9,23100.0,22900,ATM-4,CALL,23100,2026-06-11
2026-06-11 12:41:00+05:30,286.45,289.9,284.2,284.2,67275,2106715,12.612943,23295.15,23100.0,22900,ATM-4,CALL,23100,2026-06-11
2026-06-11 12:42:00+05:30,285.25,288.7,281.5,285.4,52975,2108600,12.631562,23296.55,23100.0,22900,ATM-4,CALL,23100,2026-06-11
2026-06-11 12:43:00+05:30,285.35,287.45,278.1,284.65,72735,2101255,12.798836,23293.5,23100.0,22900,ATM-4,CALL,23100,2026-06-11
2026-06-11 12:44:00+05:30,285.4,289.0,283.35,287.2,32825,2092415,12.868514,23296.1,23100.0,22900,ATM-4,CALL,23100,2026-06-11
2026-06-11 12:45:00+05:30,286.0,287.5,283.35,286.65,27300,2100020,12.894494,23295.05,23100.0,22900,ATM-4,CALL,23100,2026-06-11
2026-06-11 12:46:00+05:30,289.95,296.0,286.65,293.85,78520,2095925,13.16927,23301.4,23100.0,22900,ATM-4,CALL,23100,2026-06-11
2026-06-11 12:47:00+05:30,293.5,295.3,284.25,287.3,52780,2103725,13.111615,23293.25,23100.0,22900,ATM-4,CALL,23100,2026-06-11
2026-06-11 12:48:00+05:30,287.55,287.55,279.1,280.8,67925,2104440,12.976368,23286.1,23100.0,22900,ATM-4,CALL,23100,2026-06-11
2026-06-11 12:49:00+05:30,279.9,282.75,270.85,271.8,77610,2103010,12.842323,23275.45,23100.0,22900,ATM-4,CALL,23100,2026-06-11
2026-06-11 12:50:00+05:30,272.5,280.05,271.8,279.55,33865,2092285,13.132501,23282.4,23100.0,22900,ATM-4,CALL,23100,2026-06-11
2026-06-11 12:51:00+05:30,280.2,285.0,274.7,275.65,56680,2092740,12.822413,23281.05,23100.0,22900,ATM-4,CALL,23100,2026-06-11
2026-06-11 12:52:00+05:30,276.1,277.7,273.55,275.25,23920,2113605,12.931843,23279.1,23100.0,22900,ATM-4,CALL,23100,2026-06-11
2026-06-11 12:53:00+05:30,275.25,281.7,275.25,279.55,29900,2118740,12.961644,23284.65,23100.0,22900,ATM-4,CALL,23100,2026-06-11
2026-06-11 12:54:00+05:30,278.8,281.0,277.9,281.0,7735,2125760,13.702022,23276.95,23100.0,22900,ATM-4,CALL,23100,2026-06-11
2026-06-11 12:55:00+05:30,281.0,281.0,281.0,281.0,0,2125760,13.702023,23276.95,23100.0,22900,ATM-4,CALL,23100,2026-06-11
2026-06-11 12:56:00+05:30,275.6,283.2,275.6,277.75,85670,2124330,12.905023,23282.95,23100.0,22900,ATM-4,CALL,23100,2026-06-11
2026-06-11 12:57:00+05:30,278.25,294.05,277.75,293.25,92105,2126475,13.310417,23299.0,23100.0,22900,ATM-4,CALL,23100,2026-06-11
2026-06-11 12:58:00+05:30,293.85,300.1,292.6,297.55,148525,2119910,13.394321,23303.8,23100.0,22900,ATM-4,CALL,23100,2026-06-11
2026-06-11 12:59:00+05:30,296.55,303.0,290.9,303.0,89440,2100215,13.631603,23308.25,23100.0,22900,ATM-4,CALL,23100,2026-06-11
2026-06-11 13:00:00+05:30,302.0,316.95,302.0,313.2,262405,2079090,13.445604,23324.15,23100.0,22900,ATM-4,CALL,23100,2026-06-11
2026-06-11 13:01:00+05:30,314.75,316.0,303.0,303.0,83590,2040415,13.151396,23314.1,23100.0,22900,ATM-4,CALL,23100,2026-06-11
2026-06-11 13:02:00+05:30,305.65,305.65,294.05,300.45,68640,2027155,13.477731,23306.75,23100.0,22900,ATM-4,CALL,23100,2026-06-11
2026-06-11 13:03:00+05:30,300.0,300.45,294.85,295.45,45175,2012270,13.141497,23304.15,23100.0,22900,ATM-4,CALL,23100,2026-06-11
2026-06-11 13:04:00+05:30,296.65,296.95,291.6,291.6,32695,2016430,12.927188,23301.6,23100.0,22900,ATM-4,CALL,23100,2026-06-11
2026-06-11 13:05:00+05:30,292.95,296.15,291.05,296.0,73645,2008370,13.322339,23302.7,23100.0,22900,ATM-4,CALL,23100,2026-06-11
2026-06-11 13:06:00+05:30,296.0,297.5,292.5,294.2,39585,2011295,13.223718,23301.5,23100.0,22900,ATM-4,CALL,23100,2026-06-11
2026-06-11 13:07:00+05:30,294.2,297.0,291.45,291.45,21190,2016755,13.122292,23299.05,23100.0,22900,ATM-4,CALL,23100,2026-06-11
2026-06-11 13:08:00+05:30,291.95,291.95,285.2,288.6,57850,2015325,13.383378,23291.9,23100.0,22900,ATM-4,CALL,23100,2026-06-11
2026-06-11 13:09:00+05:30,290.0,290.0,277.7,278.15,69225,2015715,13.140871,23280.65,23100.0,22900,ATM-4,CALL,23100,2026-06-11
2026-06-11 13:10:00+05:30,278.65,281.85,277.35,281.0,41535,2008045,13.302605,23282.5,23100.0,22900,ATM-4,CALL,23100,2026-06-11
2026-06-11 13:11:00+05:30,281.25,282.15,274.75,278.2,52195,2010320,13.278197,23278.95,23100.0,22900,ATM-4,CALL,23100,2026-06-11
2026-06-11 13:12:00+05:30,315.55,315.55,301.7,305.85,20410,555490,13.23643,23267.45,23050.0,22900,ATM-4,CALL,23100,2026-06-11
2026-06-11 13:13:00+05:30,304.0,306.85,299.4,300.5,11635,558350,13.235508,23260.35,23050.0,22900,ATM-4,CALL,23100,2026-06-11
2026-06-11 13:14:00+05:30,299.1,303.3,298.7,301.15,6045,560300,13.383642,23259.45,23050.0,22900,ATM-4,CALL,23100,2026-06-11
2026-06-11 13:15:00+05:30,301.9,303.55,301.0,301.2,13260,564720,13.324222,23260.25,23050.0,22900,ATM-4,CALL,23100,2026-06-11
2026-06-11 13:16:00+05:30,304.0,307.15,297.4,299.35,11635,564135,13.535104,23255.2,23050.0,22900,ATM-4,CALL,23100,2026-06-11
2026-06-11 13:17:00+05:30,297.95,305.75,293.25,303.4,33735,565370,13.321896,23263.25,23050.0,22900,ATM-4,CALL,23100,2026-06-11
2026-06-11 13:18:00+05:30,302.6,303.4,296.25,300.05,8710,561405,13.730515,23253.75,23050.0,22900,ATM-4,CALL,23100,2026-06-11
2026-06-11 13:19:00+05:30,299.3,302.2,294.9,295.7,3770,557310,13.227032,23254.1,23050.0,22900,ATM-4,CALL,23100,2026-06-11
2026-06-11 13:20:00+05:30,294.9,296.25,286.35,287.45,23140,557440,12.618081,23250.4,23050.0,22900,ATM-4,CALL,23100,2026-06-11
2026-06-11 13:21:00+05:30,286.0,287.45,276.8,277.1,22555,554970,12.430022,23238.8,23050.0,22900,ATM-4,CALL,23100,2026-06-11
2026-06-11 13:22:00+05:30,276.1,277.4,272.7,273.8,19890,554190,12.900188,23228.4,23050.0,22900,ATM-4,CALL,23100,2026-06-11
2026-06-11 13:23:00+05:30,274.05,290.0,273.1,285.9,32110,550810,12.992535,23243.8,23050.0,22900,ATM-4,CALL,23100,2026-06-11
2026-06-11 13:24:00+05:30,284.6,287.4,280.0,285.0,12805,545805,13.253983,23239.3,23050.0,22900,ATM-4,CALL,23100,2026-06-11
2026-06-11 13:25:00+05:30,284.7,285.85,275.1,275.1,12220,547365,12.699022,23232.8,23050.0,22900,ATM-4,CALL,23100,2026-06-11
2026-06-11 13:26:00+05:30,274.45,275.1,268.15,270.3,21840,547625,12.786324,23225.1,23050.0,22900,ATM-4,CALL,23100,2026-06-11
2026-06-11 13:27:00+05:30,272.2,276.6,270.3,273.55,14105,549510,12.707583,23230.6,23050.0,22900,ATM-4,CALL,23100,2026-06-11
2026-06-11 13:28:00+05:30,273.45,280.0,272.4,277.0,10205,556400,12.821041,23233.9,23050.0,22900,ATM-4,CALL,23100,2026-06-11
2026-06-11 13:29:00+05:30,277.3,283.8,277.0,283.05,11570,550420,12.760143,23242.9,23050.0,22900,ATM-4,CALL,23100,2026-06-11
2026-06-11 13:30:00+05:30,283.9,301.5,283.05,294.1,35685,544115,12.778168,23257.5,23050.0,22900,ATM-4,CALL,23100,2026-06-11
2026-06-11 13:31:00+05:30,293.1,296.2,286.95,296.2,13780,548080,13.08225,23256.7,23050.0,22900,ATM-4,CALL,23100,2026-06-11
2026-06-11 13:32:00+05:30,296.85,301.3,295.45,299.25,14365,548665,12.911086,23262.8,23050.0,22900,ATM-4,CALL,23100,2026-06-11
2026-06-11 13:33:00+05:30,297.0,303.9,293.75,294.5,15535,548600,12.720432,23258.75,23050.0,22900,ATM-4,CALL,23100,2026-06-11
2026-06-11 13:34:00+05:30,294.0,294.5,282.6,282.6,13650,549055,12.655169,23243.65,23050.0,22900,ATM-4,CALL,23100,2026-06-11
2026-06-11 13:35:00+05:30,284.5,290.6,282.3,286.75,14625,549120,12.67473,23249.0,23050.0,22900,ATM-4,CALL,23100,2026-06-11
2026-06-11 13:36:00+05:30,287.9,295.0,286.75,295.0,4290,550745,12.987718,23256.3,23050.0,22900,ATM-4,CALL,23100,2026-06-11
2026-06-11 13:37:00+05:30,294.65,295.0,287.7,289.8,4290,551265,12.842301,23251.1,23050.0,22900,ATM-4,CALL,23100,2026-06-11
2026-06-11 13:38:00+05:30,286.85,289.8,278.9,279.25,9100,548990,12.391504,23242.4,23050.0,22900,ATM-4,CALL,23100,2026-06-11
2026-06-11 13:39:00+05:30,281.4,281.4,271.0,272.05,22685,544700,12.391566,23232.7,23050.0,22900,ATM-4,CALL,23100,2026-06-11
2026-06-11 13:40:00+05:30,274.3,281.5,272.05,272.05,15990,544895,12.388698,23232.75,23050.0,22900,ATM-4,CALL,23100,2026-06-11
2026-06-11 13:41:00+05:30,271.9,274.9,269.6,274.4,23530,554125,12.901474,23229.5,23050.0,22900,ATM-4,CALL,23100,2026-06-11
2026-06-11 13:42:00+05:30,273.95,278.4,272.85,272.85,7215,556335,12.720465,23229.7,23050.0,22900,ATM-4,CALL,23100,2026-06-11
2026-06-11 13:43:00+05:30,308.75,312.0,301.1,304.85,27495,1529905,13.023048,23219.45,23000.0,22900,ATM-4,CALL,23100,2026-06-11
2026-06-11 13:44:00+05:30,304.05,310.15,298.85,307.0,69485,1543555,12.880338,23223.9,23000.0,22900,ATM-4,CALL,23100,2026-06-11
2026-06-11 13:45:00+05:30,306.75,308.25,304.25,304.65,19630,1547325,12.852924,23221.15,23000.0,22900,ATM-4,CALL,23100,2026-06-11
2026-06-11 13:46:00+05:30,268.95,276.0,263.9,275.3,11700,565435,13.142315,23227.7,23050.0,22900,ATM-4,CALL,23100,2026-06-11
2026-06-11 13:47:00+05:30,277.0,284.0,275.3,277.55,20800,558545,12.993248,23232.75,23050.0,22900,ATM-4,CALL,23100,2026-06-11
2026-06-11 13:48:00+05:30,278.95,282.4,275.45,276.25,9360,560430,12.917215,23231.95,23050.0,22900,ATM-4,CALL,23100,2026-06-11
2026-06-11 13:49:00+05:30,276.05,277.65,271.95,274.75,12350,558870,12.882249,23230.35,23050.0,22900,ATM-4,CALL,23100,2026-06-11
2026-06-11 13:50:00+05:30,311.7,312.05,307.0,307.75,22685,1551355,12.94831,23224.2,23000.0,22900,ATM-4,CALL,23100,2026-06-11
2026-06-11 13:51:00+05:30,276.0,276.0,268.3,274.5,9425,559130,13.177931,23226.2,23050.0,22900,ATM-4,CALL,23100,2026-06-11
2026-06-11 13:52:00+05:30,274.15,278.4,269.65,278.4,10595,561600,13.306613,23229.95,23050.0,22900,ATM-4,CALL,23100,2026-06-11
2026-06-11 13:53:00+05:30,278.2,281.0,276.8,280.35,14040,559195,13.058814,23235.85,23050.0,22900,ATM-4,CALL,23100,2026-06-11
2026-06-11 13:54:00+05:30,279.85,281.0,275.0,278.85,9750,555425,13.004372,23234.5,23050.0,22900,ATM-4,CALL,23100,2026-06-11
2026-06-11 13:55:00+05:30,277.9,281.0,274.0,281.0,5005,554060,13.119522,23236.0,23050.0,22900,ATM-4,CALL,23100,2026-06-11
2026-06-11 13:56:00+05:30,279.45,285.0,277.65,285.0,10335,554190,13.213846,23240.3,23050.0,22900,ATM-4,CALL,23100,2026-06-11
2026-06-11 13:57:00+05:30,283.15,287.2,278.75,279.9,13065,548015,12.739543,23239.3,23050.0,22900,ATM-4,CALL,23100,2026-06-11
2026-06-11 13:58:00+05:30,280.55,289.65,279.9,287.65,12415,549445,12.881008,23248.05,23050.0,22900,ATM-4,CALL,23100,2026-06-11
2026-06-11 13:59:00+05:30,285.85,287.7,273.7,276.75,12350,548470,12.901733,23233.0,23050.0,22900,ATM-4,CALL,23100,2026-06-11
2026-06-11 14:00:00+05:30,277.05,284.85,273.15,283.45,6890,546975,13.058439,23240.2,23050.0,22900,ATM-4,CALL,23100,2026-06-11
2026-06-11 14:01:00+05:30,281.65,283.45,278.1,279.2,2600,547495,12.944039,23235.85,23050.0,22900,ATM-4,CALL,23100,2026-06-11
2026-06-11 14:02:00+05:30,278.3,280.85,276.75,278.75,9100,547495,13.136138,23232.8,23050.0,22900,ATM-4,CALL,23100,2026-06-11
2026-06-11 14:03:00+05:30,279.55,281.2,277.0,277.1,4875,542035,12.686049,23236.25,23050.0,22900,ATM-4,CALL,23100,2026-06-11
2026-06-11 14:04:00+05:30,277.0,279.9,275.05,277.0,11765,542100,12.66826,23236.35,23050.0,22900,ATM-4,CALL,23100,2026-06-11
2026-06-11 14:05:00+05:30,278.0,279.0,269.5,276.0,17160,542750,12.886924,23232.25,23050.0,22900,ATM-4,CALL,23100,2026-06-11
2026-06-11 14:06:00+05:30,276.5,279.65,274.1,276.55,2925,542815,12.900274,23232.85,23050.0,22900,ATM-4,CALL,23100,2026-06-11
2026-06-11 14:07:00+05:30,314.9,314.9,298.75,298.75,123305,1557790,12.291086,23220.0,23000.0,22900,ATM-4,CALL,23100,2026-06-11
2026-06-11 14:08:00+05:30,299.1,300.2,291.0,291.0,59670,1521520,12.280419,23210.05,23000.0,22900,ATM-4,CALL,23100,2026-06-11
2026-06-11 14:09:00+05:30,290.95,297.55,287.8,297.55,77870,1520935,12.813652,23212.6,23000.0,22900,ATM-4,CALL,23100,2026-06-11
2026-06-11 14:10:00+05:30,297.5,303.4,294.55,297.2,116545,1532310,12.599353,23214.6,23000.0,22900,ATM-4,CALL,23100,2026-06-11
2026-06-11 14:11:00+05:30,296.4,299.0,292.0,297.6,53300,1566760,12.77836,23213.1,23000.0,22900,ATM-4,CALL,23100,2026-06-11
2026-06-11 14:12:00+05:30,298.0,298.65,292.85,295.7,19240,1577810,12.796127,23210.4,23000.0,22900,ATM-4,CALL,23100,2026-06-11
2026-06-11 14:13:00+05:30,296.0,305.5,294.1,305.0,36530,1578655,12.740463,23223.25,23000.0,22900,ATM-4,CALL,23100,2026-06-11
2026-06-11 14:14:00+05:30,305.3,309.5,301.0,302.7,44330,1579240,12.781806,23219.8,23000.0,22900,ATM-4,CALL,23100,2026-06-11
2026-06-11 14:15:00+05:30,302.0,304.95,297.75,300.6,34450,1580345,12.944747,23215.2,23000.0,22900,ATM-4,CALL,23100,2026-06-11
2026-06-11 14:16:00+05:30,301.45,305.9,300.5,300.5,20085,1581840,12.8385,23216.3,23000.0,22900,ATM-4,CALL,23100,2026-06-11
2026-06-11 14:17:00+05:30,300.65,301.85,297.6,298.85,16445,1589445,12.82904,23214.25,23000.0,22900,ATM-4,CALL,23100,2026-06-11
2026-06-11 14:18:00+05:30,298.5,298.85,291.8,291.8,41925,1589250,12.564995,23208.0,23000.0,22900,ATM-4,CALL,23100,2026-06-11
2026-06-11 14:19:00+05:30,291.4,300.0,289.55,300.0,31785,1586260,12.740361,23216.8,23000.0,22900,ATM-4,CALL,23100,2026-06-11
2026-06-11 14:20:00+05:30,302.15,308.0,300.0,305.25,43095,1586130,12.800858,23223.0,23000.0,22900,ATM-4,CALL,23100,2026-06-11
2026-06-11 14:21:00+05:30,305.0,308.4,302.95,305.4,39065,1584505,13.107057,23219.75,23000.0,22900,ATM-4,CALL,23100,2026-06-11
2026-06-11 14:22:00+05:30,302.6,308.0,301.8,303.8,17225,1586715,12.901648,23220.0,23000.0,22900,ATM-4,CALL,23100,2026-06-11
2026-06-11 14:23:00+05:30,305.45,306.15,292.95,293.05,48165,1589770,12.605741,23209.25,23000.0,22900,ATM-4,CALL,23100,2026-06-11
2026-06-11 14:24:00+05:30,293.9,296.5,293.0,295.6,28990,1593605,13.139422,23206.4,23000.0,22900,ATM-4,CALL,23100,2026-06-11
2026-06-11 14:25:00+05:30,295.5,303.15,295.5,303.15,35035,1590550,13.131929,23216.55,23000.0,22900,ATM-4,CALL,23100,2026-06-11
2026-06-11 14:26:00+05:30,266.3,273.6,264.75,273.3,13065,553735,13.180185,23225.05,23050.0,22900,ATM-4,CALL,23100,2026-06-11
2026-06-11 14:27:00+05:30,271.95,276.15,270.35,276.0,14950,550160,13.368596,23226.35,23050.0,22900,ATM-4,CALL,23100,2026-06-11
2026-06-11 14:28:00+05:30,278.2,291.55,276.0,290.8,40950,544115,12.977966,23251.55,23050.0,22900,ATM-4,CALL,23100,2026-06-11
2026-06-11 14:29:00+05:30,291.45,292.0,280.6,281.3,26585,547885,12.781471,23241.15,23050.0,22900,ATM-4,CALL,23100,2026-06-11
2026-06-11 14:30:00+05:30,280.0,285.9,273.85,284.05,63310,535730,12.734385,23245.45,23050.0,22900,ATM-4,CALL,23100,2026-06-11
2026-06-11 14:31:00+05:30,285.15,285.15,278.6,280.0,61880,517140,12.72612,23240.1,23050.0,22900,ATM-4,CALL,23100,2026-06-11
2026-06-11 14:32:00+05:30,279.8,282.1,275.0,280.05,12870,509990,12.45698,23243.45,23050.0,22900,ATM-4,CALL,23100,2026-06-11
2026-06-11 14:33:00+05:30,279.4,280.05,268.95,269.45,12415,504790,12.463362,23229.05,23050.0,22900,ATM-4,CALL,23100,2026-06-11
2026-06-11 14:34:00+05:30,269.9,274.0,268.1,271.8,6955,502905,12.508847,23231.7,23050.0,22900,ATM-4,CALL,23100,2026-06-11
2026-06-11 14:35:00+05:30,271.9,279.35,271.0,272.45,5330,502775,12.127997,23237.25,23050.0,22900,ATM-4,CALL,23100,2026-06-11
2026-06-11 14:36:00+05:30,311.2,311.4,296.2,296.95,56355,1548885,12.716533,23213.3,23000.0,22900,ATM-4,CALL,23100,2026-06-11
2026-06-11 14:37:00+05:30,259.9,265.4,251.35,262.85,38740,498810,11.987036,23226.05,23050.0,22900,ATM-4,CALL,23100,2026-06-11
2026-06-11 14:38:00+05:30,301.7,304.0,292.95,294.5,91455,1543685,11.968469,23218.4,23000.0,22900,ATM-4,CALL,23100,2026-06-11
2026-06-11 14:39:00+05:30,294.0,294.5,281.9,290.65,145015,1517425,11.625746,23217.1,23000.0,22900,ATM-4,CALL,23100,2026-06-11
2026-06-11 14:40:00+05:30,289.95,292.4,283.0,285.1,68575,1477125,11.787393,23208.25,23000.0,22900,ATM-4,CALL,23100,2026-06-11
2026-06-11 14:41:00+05:30,284.65,286.5,278.35,286.25,52130,1479595,11.406168,23213.8,23000.0,22900,ATM-4,CALL,23100,2026-06-11
2026-06-11 14:42:00+05:30,287.75,288.1,279.95,280.95,31980,1487460,11.059265,23210.65,23000.0,22900,ATM-4,CALL,23100,2026-06-11
2026-06-11 14:43:00+05:30,281.75,284.95,269.15,269.15,90675,1494870,10.897005,23197.3,23000.0,22900,ATM-4,CALL,23100,2026-06-11
2026-06-11 14:44:00+05:30,269.3,275.9,268.4,273.9,91325,1523535,11.198806,23200.2,23000.0,22900,ATM-4,CALL,23100,2026-06-11
2026-06-11 14:45:00+05:30,276.0,276.0,269.8,271.45,73515,1544530,11.180258,23197.25,23000.0,22900,ATM-4,CALL,23100,2026-06-11
2026-06-11 14:46:00+05:30,270.75,277.6,265.0,265.0,80080,1560195,10.896324,23192.0,23000.0,22900,ATM-4,CALL,23100,2026-06-11
2026-06-11 14:47:00+05:30,300.6,303.05,283.85,284.65,21645,168675,10.917641,23167.1,22950.0,22900,ATM-4,CALL,23100,2026-06-11
2026-06-11 14:48:00+05:30,250.0,261.4,249.1,260.3,169520,1502475,11.387266,23180.35,23000.0,22900,ATM-4,CALL,23100,2026-06-11
2026-06-11 14:49:00+05:30,261.0,268.6,259.9,266.1,62790,1506245,10.929381,23193.1,23000.0,22900,ATM-4,CALL,23100,2026-06-11
2026-06-11 14:50:00+05:30,301.75,303.35,288.0,288.55,14365,169715,10.839959,23172.75,22950.0,22900,ATM-4,CALL,23100,2026-06-11
2026-06-11 14:51:00+05:30,290.3,296.95,288.55,291.65,6110,171210,11.275698,23172.4,22950.0,22900,ATM-4,CALL,23100,2026-06-11
2026-06-11 14:52:00+05:30,291.6,292.4,287.3,287.3,5200,170625,10.852301,23171.1,22950.0,22900,ATM-4,CALL,23100,2026-06-11
2026-06-11 14:53:00+05:30,289.55,293.6,287.3,292.95,4550,170300,11.281371,23174.0,22950.0,22900,ATM-4,CALL,23100,2026-06-11
2026-06-11 14:54:00+05:30,292.2,292.95,287.6,290.65,3835,170365,11.223038,23171.7,22950.0,22900,ATM-4,CALL,23100,2026-06-11
2026-06-11 14:55:00+05:30,289.95,293.6,288.55,292.15,4550,172575,11.323624,23172.6,22950.0,22900,ATM-4,CALL,23100,2026-06-11
2026-06-11 14:56:00+05:30,291.0,292.15,287.0,287.1,16120,170820,10.908974,23170.35,22950.0,22900,ATM-4,CALL,23100,2026-06-11
2026-06-11 14:57:00+05:30,287.4,289.0,281.65,287.2,5200,176735,11.340705,23166.2,22950.0,22900,ATM-4,CALL,23100,2026-06-11
2026-06-11 14:58:00+05:30,287.1,289.85,286.7,287.5,1625,177645,10.738263,23172.5,22950.0,22900,ATM-4,CALL,23100,2026-06-11
2026-06-11 14:59:00+05:30,255.7,257.75,249.45,255.55,66885,1570530,11.141474,23177.05,23000.0,22900,ATM-4,CALL,23100,2026-06-11
2026-06-11 15:00:00+05:30,294.1,306.55,278.2,278.2,10400,177125,11.41084,23154.0,22950.0,22900,ATM-4,CALL,23100,2026-06-11
2026-06-11 15:01:00+05:30,278.25,282.0,272.55,276.05,15730,171080,11.232096,23153.15,22950.0,22900,ATM-4,CALL,23100,2026-06-11
2026-06-11 15:02:00+05:30,275.0,280.0,267.05,277.45,13000,168285,10.858773,23158.8,22950.0,22900,ATM-4,CALL,23100,2026-06-11
2026-06-11 15:03:00+05:30,279.0,279.0,272.25,276.05,6695,168935,10.738519,23158.25,22950.0,22900,ATM-4,CALL,23100,2026-06-11
2026-06-11 15:04:00+05:30,275.85,278.0,272.75,273.5,7670,168155,11.678621,23145.0,22950.0,22900,ATM-4,CALL,23100,2026-06-11
2026-06-11 15:05:00+05:30,272.5,273.5,267.45,272.35,7280,167960,11.313777,23147.55,22950.0,22900,ATM-4,CALL,23100,2026-06-11
2026-06-11 15:06:00+05:30,273.0,273.5,266.05,267.5,8125,168220,11.483426,23139.35,22950.0,22900,ATM-4,CALL,23100,2026-06-11
2026-06-11 15:07:00+05:30,265.7,272.75,265.15,271.1,4095,168220,11.115218,23148.1,22950.0,22900,ATM-4,CALL,23100,2026-06-11
2026-06-11 15:08:00+05:30,275.9,277.7,271.1,273.4,7085,165945,12.408296,23136.4,22950.0,22900,ATM-4,CALL,23100,2026-06-11
2026-06-11 15:09:00+05:30,271.4,278.85,271.4,277.65,2535,165685,12.262102,23143.85,22950.0,22900,ATM-4,CALL,23100,2026-06-11
2026-06-11 15:10:00+05:30,280.0,286.45,277.65,286.45,8840,163995,12.589052,23151.75,22950.0,22900,ATM-4,CALL,23100,2026-06-11
2026-06-11 15:11:00+05:30,287.15,290.15,281.45,281.45,11830,164190,12.672349,23144.1,22950.0,22900,ATM-4,CALL,23100,2026-06-11
2026-06-11 15:12:00+05:30,281.7,288.05,279.15,286.85,5005,164515,12.654165,23151.55,22950.0,22900,ATM-4,CALL,23100,2026-06-11
2026-06-11 15:13:00+05:30,287.5,293.75,286.7,293.55,3315,165425,12.528909,23161.85,22950.0,22900,ATM-4,CALL,23100,2026-06-11
2026-06-11 15:14:00+05:30,294.25,295.45,289.35,290.0,7215,165815,11.744154,23165.8,22950.0,22900,ATM-4,CALL,23100,2026-06-11
2026-06-11 15:15:00+05:30,290.0,290.85,280.7,288.0,17810,166725,11.441709,23166.4,22950.0,22900,ATM-4,CALL,23100,2026-06-11
2026-06-11 15:16:00+05:30,254.15,266.0,254.15,265.5,108810,1539720,11.988257,23180.55,23000.0,22900,ATM-4,CALL,23100,2026-06-11
2026-06-11 15:17:00+05:30,265.05,267.75,263.35,264.65,83785,1515930,11.781224,23181.9,23000.0,22900,ATM-4,CALL,23100,2026-06-11
2026-06-11 15:18:00+05:30,265.25,266.6,259.55,260.35,66235,1510600,11.357938,23181.15,23000.0,22900,ATM-4,CALL,23100,2026-06-11
2026-06-11 15:19:00+05:30,296.7,296.7,290.1,292.1,7280,156195,11.405965,23172.0,22950.0,22900,ATM-4,CALL,23100,2026-06-11
2026-06-11 15:20:00+05:30,256.75,260.95,256.0,259.15,40950,1494935,11.476128,23178.2,23000.0,22900,ATM-4,CALL,23100,2026-06-11
2026-06-11 15:21:00+05:30,259.15,264.2,258.35,258.9,55640,1500850,11.579826,23176.65,23000.0,22900,ATM-4,CALL,23100,2026-06-11
2026-06-11 15:22:00+05:30,292.0,296.1,292.0,292.55,3640,149370,11.672575,23169.9,22950.0,22900,ATM-4,CALL,23100,2026-06-11
2026-06-11 15:23:00+05:30,290.0,296.05,287.85,294.8,3705,146705,11.854289,23170.9,22950.0,22900,ATM-4,CALL,23100,2026-06-11
2026-06-11 15:24:00+05:30,295.65,297.35,294.35,296.25,5850,147940,11.772819,23173.6,22950.0,22900,ATM-4,CALL,23100,2026-06-11
2026-06-11 15:25:00+05:30,296.45,305.2,295.95,305.2,11245,145210,12.782943,23174.4,22950.0,22900,ATM-4,CALL,23100,2026-06-11
2026-06-11 15:26:00+05:30,268.9,274.85,265.55,273.15,75725,1474200,13.151512,23176.6,23000.0,22900,ATM-4,CALL,23100,2026-06-11
2026-06-11 15:27:00+05:30,271.15,273.6,269.6,271.05,70395,1466725,12.73019,23179.1,23000.0,22900,ATM-4,CALL,23100,2026-06-11
2026-06-11 15:28:00+05:30,272.2,272.9,269.2,272.45,80730,1454310,12.808356,23180.05,23000.0,22900,ATM-4,CALL,23100,2026-06-11
2026-06-11 15:29:00+05:30,271.5,276.2,271.5,275.25,91520,1446965,12.593457,23186.55,23000.0,22900,ATM-4,CALL,23100,2026-06-11
2026-06-11 09:15:00+05:30,84.5,84.55,74.05,82.35,842205,2396810,15.71192,23104.4,22900.0,22900,ATM-4,PUT,23100,2026-06-11
2026-06-11 09:16:00+05:30,84.65,88.7,82.35,88.45,587925,2369380,15.659279,23082.3,22900.0,22900,ATM-4,PUT,23100,2026-06-11
2026-06-11 09:17:00+05:30,89.55,95.1,88.45,89.4,692770,2444455,16.082599,23092.9,22900.0,22900,ATM-4,PUT,23100,2026-06-11
2026-06-11 09:18:00+05:30,88.1,89.4,82.5,84.8,493740,2603380,15.83609,23100.1,22900.0,22900,ATM-4,PUT,23100,2026-06-11
2026-06-11 09:19:00+05:30,83.95,84.8,80.0,80.7,436930,2747680,15.885951,23115.85,22900.0,22900,ATM-4,PUT,23100,2026-06-11
2026-06-11 09:20:00+05:30,96.05,99.05,90.15,90.65,249145,1122420,15.736178,23128.6,22950.0,22900,ATM-4,PUT,23100,2026-06-11
2026-06-11 09:21:00+05:30,91.35,91.5,86.55,87.55,244595,1203280,15.853218,23142.45,22950.0,22900,ATM-4,PUT,23100,2026-06-11
2026-06-11 09:22:00+05:30,87.55,90.8,85.45,87.45,196040,1289925,15.857735,23142.9,22950.0,22900,ATM-4,PUT,23100,2026-06-11
2026-06-11 09:23:00+05:30,86.7,90.35,85.9,89.6,180180,1352000,15.839979,23135.25,22950.0,22900,ATM-4,PUT,23100,2026-06-11
2026-06-11 09:24:00+05:30,75.05,80.1,74.2,78.7,338585,3057470,15.709892,23116.8,22900.0,22900,ATM-4,PUT,23100,2026-06-11
2026-06-11 09:25:00+05:30,79.95,80.7,77.85,80.1,269035,3037255,15.625555,23109.0,22900.0,22900,ATM-4,PUT,23100,2026-06-11
2026-06-11 09:26:00+05:30,80.15,81.6,78.55,79.85,246740,3038425,15.555863,23107.5,22900.0,22900,ATM-4,PUT,23100,2026-06-11
2026-06-11 09:27:00+05:30,79.8,84.9,78.45,81.85,393835,3042260,15.582228,23101.45,22900.0,22900,ATM-4,PUT,23100,2026-06-11
2026-06-11 09:28:00+05:30,82.0,82.0,76.8,77.45,283140,3054025,15.606017,23117.6,22900.0,22900,ATM-4,PUT,23100,2026-06-11
2026-06-11 09:29:00+05:30,77.15,78.6,75.0,77.3,204295,3090490,15.717178,23121.9,22900.0,22900,ATM-4,PUT,23100,2026-06-11
2026-06-11 09:30:00+05:30,77.2,82.35,76.8,81.5,244010,3121950,15.815106,23110.35,22900.0,22900,ATM-4,PUT,23100,2026-06-11
2026-06-11 09:31:00+05:30,81.95,83.5,78.45,78.6,255580,3149120,15.708434,23116.9,22900.0,22900,ATM-4,PUT,23100,2026-06-11
2026-06-11 09:32:00+05:30,77.9,78.6,74.55,78.25,280085,3184090,15.585711,23113.95,22900.0,22900,ATM-4,PUT,23100,2026-06-11
2026-06-11 09:33:00+05:30,79.1,83.9,78.25,83.45,365690,3252015,15.756225,23101.6,22900.0,22900,ATM-4,PUT,23100,2026-06-11
2026-06-11 09:34:00+05:30,83.4,83.55,79.15,80.0,172445,3353155,15.64224,23109.65,22900.0,22900,ATM-4,PUT,23100,2026-06-11
2026-06-11 09:35:00+05:30,80.6,85.45,80.0,85.3,286065,3392220,15.806315,23096.95,22900.0,22900,ATM-4,PUT,23100,2026-06-11
2026-06-11 09:36:00+05:30,84.8,85.3,78.9,78.9,224965,3374605,15.609664,23112.35,22900.0,22900,ATM-4,PUT,23100,2026-06-11
2026-06-11 09:37:00+05:30,78.9,79.65,75.8,77.35,200655,3407755,15.654631,23119.35,22900.0,22900,ATM-4,PUT,23100,2026-06-11
2026-06-11 09:38:00+05:30,92.2,93.1,86.9,88.25,228800,1627470,15.553625,23129.95,22950.0,22900,ATM-4,PUT,23100,2026-06-11
2026-06-11 09:39:00+05:30,88.1,88.5,85.05,86.5,154375,1676480,15.452875,23132.35,22950.0,22900,ATM-4,PUT,23100,2026-06-11
2026-06-11 09:40:00+05:30,71.45,75.05,71.2,75.05,203645,3396835,15.426569,23119.75,22900.0,22900,ATM-4,PUT,23100,2026-06-11
2026-06-11 09:41:00+05:30,75.1,75.85,73.4,74.15,150800,3421210,15.349678,23120.35,22900.0,22900,ATM-4,PUT,23100,2026-06-11
2026-06-11 09:42:00+05:30,74.35,76.15,72.65,74.4,198900,3420690,15.366806,23120.0,22900.0,22900,ATM-4,PUT,23100,2026-06-11
2026-06-11 09:43:00+05:30,90.15,90.7,82.25,82.6,283205,1731730,15.334865,23141.3,22950.0,22900,ATM-4,PUT,23100,2026-06-11
2026-06-11 09:44:00+05:30,82.55,83.0,80.6,82.2,188565,1783145,15.384196,23144.25,22950.0,22900,ATM-4,PUT,23100,2026-06-11
2026-06-11 09:45:00+05:30,81.65,84.3,79.55,81.45,172510,1833910,15.350565,23145.65,22950.0,22900,ATM-4,PUT,23100,2026-06-11
2026-06-11 09:46:00+05:30,81.05,82.2,79.2,79.45,176020,1866410,15.409256,23154.45,22950.0,22900,ATM-4,PUT,23100,2026-06-11
2026-06-11 09:47:00+05:30,79.4,82.7,79.3,82.4,127530,1874665,15.5716,23149.7,22950.0,22900,ATM-4,PUT,23100,2026-06-11
2026-06-11 09:48:00+05:30,82.35,84.4,81.65,84.4,108680,1882400,15.528341,23141.5,22950.0,22900,ATM-4,PUT,23100,2026-06-11
2026-06-11 09:49:00+05:30,85.25,85.25,80.45,80.95,92040,1897805,15.532323,23153.3,22950.0,22900,ATM-4,PUT,23100,2026-06-11
2026-06-11 09:50:00+05:30,80.8,83.4,76.25,76.9,272740,1910480,15.397603,23162.9,22950.0,22900,ATM-4,PUT,23100,2026-06-11
2026-06-11 09:51:00+05:30,77.8,78.2,75.2,76.6,209495,1977755,15.502054,23167.5,22950.0,22900,ATM-4,PUT,23100,2026-06-11
2026-06-11 09:52:00+05:30,76.7,78.8,75.9,76.7,105365,1973465,15.609974,23170.8,22950.0,22900,ATM-4,PUT,23100,2026-06-11
2026-06-11 09:53:00+05:30,76.3,78.1,75.3,76.25,102375,1977040,15.607243,23172.3,22950.0,22900,ATM-4,PUT,23100,2026-06-11
2026-06-11 09:54:00+05:30,76.1,80.75,76.1,80.75,109395,1988285,15.487537,23152.35,22950.0,22900,ATM-4,PUT,23100,2026-06-11
2026-06-11 09:55:00+05:30,80.0,83.55,80.0,82.6,227110,1993160,15.361626,23141.85,22950.0,22900,ATM-4,PUT,23100,2026-06-11
2026-06-11 09:56:00+05:30,82.3,83.7,79.7,83.7,115440,2011425,15.433507,23140.5,22950.0,22900,ATM-4,PUT,23100,2026-06-11
2026-06-11 09:57:00+05:30,83.8,86.8,83.45,85.75,209300,2010905,15.355507,23131.15,22950.0,22900,ATM-4,PUT,23100,2026-06-11
2026-06-11 09:58:00+05:30,71.4,74.5,71.35,74.3,388115,3628625,15.214941,23114.7,22900.0,22900,ATM-4,PUT,23100,2026-06-11
2026-06-11 09:59:00+05:30,74.2,75.45,72.0,74.15,257660,3620695,15.284703,23117.6,22900.0,22900,ATM-4,PUT,23100,2026-06-11
2026-06-11 10:00:00+05:30,89.4,89.45,84.0,85.25,164320,1977755,15.27833,23130.2,22950.0,22900,ATM-4,PUT,23100,2026-06-11
2026-06-11 10:01:00+05:30,84.2,85.5,82.8,84.35,90025,1969045,15.259043,23132.5,22950.0,22900,ATM-4,PUT,23100,2026-06-11
2026-06-11 10:02:00+05:30,69.9,72.9,69.75,71.95,138255,3602300,15.207283,23122.9,22900.0,22900,ATM-4,PUT,23100,2026-06-11
2026-06-11 10:03:00+05:30,72.0,74.2,69.45,73.25,138840,3618225,15.287261,23120.85,22900.0,22900,ATM-4,PUT,23100,2026-06-11
2026-06-11 10:04:00+05:30,73.35,76.45,72.2,76.45,333255,3656315,15.265053,23108.55,22900.0,22900,ATM-4,PUT,23100,2026-06-11
2026-06-11 10:05:00+05:30,76.35,77.2,73.7,74.35,343265,3673865,15.14839,23112.05,22900.0,22900,ATM-4,PUT,23100,2026-06-11
2026-06-11 10:06:00+05:30,90.5,90.5,81.25,82.55,216125,1996670,15.227411,23137.3,22950.0,22900,ATM-4,PUT,23100,2026-06-11
2026-06-11 10:07:00+05:30,82.3,83.6,77.75,78.35,163020,2002130,15.114601,23147.8,22950.0,22900,ATM-4,PUT,23100,2026-06-11
2026-06-11 10:08:00+05:30,78.55,79.75,75.25,75.6,180895,2010710,15.09997,23156.9,22950.0,22900,ATM-4,PUT,23100,2026-06-11
2026-06-11 10:09:00+05:30,75.1,77.2,74.3,76.5,125190,2030990,15.19631,23156.95,22950.0,22900,ATM-4,PUT,23100,2026-06-11
2026-06-11 10:10:00+05:30,77.0,77.45,74.3,75.6,111670,2037100,15.14292,23158.3,22950.0,22900,ATM-4,PUT,23100,2026-06-11
2026-06-11 10:11:00+05:30,75.85,75.85,73.65,74.65,79040,2054455,15.182155,23163.0,22950.0,22900,ATM-4,PUT,23100,2026-06-11
2026-06-11 10:12:00+05:30,74.1,77.25,73.65,76.65,75595,2062190,15.205601,23156.65,22950.0,22900,ATM-4,PUT,23100,2026-06-11
2026-06-11 10:13:00+05:30,76.5,77.0,75.05,75.7,65780,2055365,15.198627,23159.75,22950.0,22900,ATM-4,PUT,23100,2026-06-11
2026-06-11 10:14:00+05:30,75.5,79.15,74.45,78.3,96005,2066415,15.106262,23147.5,22950.0,22900,ATM-4,PUT,23100,2026-06-11
2026-06-11 10:15:00+05:30,78.35,78.5,75.25,75.55,87425,2060175,15.13006,23157.9,22950.0,22900,ATM-4,PUT,23100,2026-06-11
2026-06-11 10:16:00+05:30,74.7,75.55,72.6,74.65,100555,2049450,15.243446,23164.95,22950.0,22900,ATM-4,PUT,23100,2026-06-11
2026-06-11 10:17:00+05:30,74.4,74.65,71.95,72.45,96785,2054390,15.133765,23169.15,22950.0,22900,ATM-4,PUT,23100,2026-06-11
2026-06-11 10:18:00+05:30,73.0,74.85,71.25,71.8,69030,2048150,15.176784,23173.0,22950.0,22900,ATM-4,PUT,23100,2026-06-11
2026-06-11 10:19:00+05:30,86.7,86.7,83.6,83.6,485420,7966010,15.187402,23183.15,23000.0,22900,ATM-4,PUT,23100,2026-06-11
2026-06-11 10:20:00+05:30,83.6,85.65,82.55,82.55,486980,8040110,15.298062,23190.25,23000.0,22900,ATM-4,PUT,23100,2026-06-11
2026-06-11 10:21:00+05:30,83.05,86.5,82.55,86.3,446160,8106215,15.430926,23182.15,23000.0,22900,ATM-4,PUT,23100,2026-06-11
2026-06-11 10:22:00+05:30,85.7,87.5,85.5,86.8,248170,8145020,15.412626,23179.9,23000.0,22900,ATM-4,PUT,23100,2026-06-11
2026-06-11 10:23:00+05:30,86.85,87.35,85.2,85.9,199940,8159840,15.37384,23181.55,23000.0,22900,ATM-4,PUT,23100,2026-06-11
2026-06-11 10:24:00+05:30,86.6,88.5,85.9,87.5,194545,8163935,15.479981,23179.75,23000.0,22900,ATM-4,PUT,23100,2026-06-11
2026-06-11 10:25:00+05:30,87.5,88.15,86.65,87.55,179660,8177715,15.47346,23179.35,23000.0,22900,ATM-4,PUT,23100,2026-06-11
2026-06-11 10:26:00+05:30,87.3,87.55,83.0,83.15,277550,8215610,15.452286,23193.15,23000.0,22900,ATM-4,PUT,23100,2026-06-11
2026-06-11 10:27:00+05:30,83.3,83.85,79.15,79.65,625105,8233745,15.527389,23207.6,23000.0,22900,ATM-4,PUT,23100,2026-06-11
2026-06-11 10:28:00+05:30,79.7,83.2,79.15,82.25,359775,8257730,15.550859,23199.4,23000.0,22900,ATM-4,PUT,23100,2026-06-11
2026-06-11 10:29:00+05:30,82.4,83.0,80.75,82.1,178230,8330010,15.539339,23199.5,23000.0,22900,ATM-4,PUT,23100,2026-06-11
2026-06-11 10:30:00+05:30,81.5,86.15,80.55,85.45,356525,8346975,15.560006,23188.9,23000.0,22900,ATM-4,PUT,23100,2026-06-11
2026-06-11 10:31:00+05:30,85.85,86.1,81.45,81.75,328185,8370440,15.494597,23199.15,23000.0,22900,ATM-4,PUT,23100,2026-06-11
2026-06-11 10:32:00+05:30,81.95,83.0,79.5,80.4,231010,8413730,15.501924,23204.0,23000.0,22900,ATM-4,PUT,23100,2026-06-11
2026-06-11 10:33:00+05:30,81.25,83.7,80.4,81.65,174720,8447985,15.480018,23198.95,23000.0,22900,ATM-4,PUT,23100,2026-06-11
2026-06-11 10:34:00+05:30,82.05,83.0,81.6,82.65,100750,8483345,15.639233,23200.8,23000.0,22900,ATM-4,PUT,23100,2026-06-11
2026-06-11 10:35:00+05:30,82.75,82.75,80.75,82.45,152490,8517405,15.637632,23201.4,23000.0,22900,ATM-4,PUT,23100,2026-06-11
2026-06-11 10:36:00+05:30,83.0,85.1,82.45,84.15,212485,8506680,15.655403,23196.2,23000.0,22900,ATM-4,PUT,23100,2026-06-11
2026-06-11 10:37:00+05:30,84.45,85.85,83.15,85.25,126100,8550035,15.637417,23191.9,23000.0,22900,ATM-4,PUT,23100,2026-06-11
2026-06-11 10:38:00+05:30,85.3,85.3,82.6,82.85,133445,8561670,15.611939,23199.1,23000.0,22900,ATM-4,PUT,23100,2026-06-11
2026-06-11 10:39:00+05:30,82.05,83.25,80.2,81.0,176150,8586890,15.673033,23207.45,23000.0,22900,ATM-4,PUT,23100,2026-06-11
2026-06-11 10:40:00+05:30,80.95,82.3,79.9,80.1,206765,8583185,15.72796,23212.4,23000.0,22900,ATM-4,PUT,23100,2026-06-11
2026-06-11 10:41:00+05:30,80.1,83.6,79.75,83.45,202540,8626605,15.807268,23203.45,23000.0,22900,ATM-4,PUT,23100,2026-06-11
2026-06-11 10:42:00+05:30,83.1,84.4,82.2,82.2,236015,8633755,15.751667,23205.85,23000.0,22900,ATM-4,PUT,23100,2026-06-11
2026-06-11 10:43:00+05:30,81.9,83.9,81.7,83.45,87750,8707725,15.768329,23202.1,23000.0,22900,ATM-4,PUT,23100,2026-06-11
2026-06-11 10:44:00+05:30,83.35,84.85,82.5,82.5,191685,8726965,15.754317,23204.85,23000.0,22900,ATM-4,PUT,23100,2026-06-11
2026-06-11 10:45:00+05:30,82.9,85.4,82.35,82.35,187655,8731125,15.732233,23204.6,23000.0,22900,ATM-4,PUT,23100,2026-06-11
2026-06-11 10:46:00+05:30,82.7,83.1,80.75,82.85,145925,8758165,15.844662,23206.6,23000.0,22900,ATM-4,PUT,23100,2026-06-11
2026-06-11 10:47:00+05:30,82.9,83.4,81.4,81.5,81900,8770190,15.818325,23210.35,23000.0,22900,ATM-4,PUT,23100,2026-06-11
2026-06-11 10:48:00+05:30,81.5,84.2,80.85,82.9,172380,8785855,15.824543,23205.7,23000.0,22900,ATM-4,PUT,23100,2026-06-11
2026-06-11 10:49:00+05:30,83.0,85.5,82.65,85.2,149695,8801195,15.699166,23193.75,23000.0,22900,ATM-4,PUT,23100,2026-06-11
2026-06-11 10:50:00+05:30,85.6,86.95,85.0,86.35,404625,8804185,15.591587,23186.4,23000.0,22900,ATM-4,PUT,23100,2026-06-11
2026-06-11 10:51:00+05:30,86.1,86.35,83.2,85.4,210210,8839870,15.606657,23190.0,23000.0,22900,ATM-4,PUT,23100,2026-06-11
2026-06-11 10:52:00+05:30,85.1,85.9,83.65,85.65,121940,8842015,15.573124,23188.05,23000.0,22900,ATM-4,PUT,23100,2026-06-11
2026-06-11 10:53:00+05:30,71.2,73.6,71.1,73.35,136695,2163265,15.426932,23174.9,22950.0,22900,ATM-4,PUT,23100,2026-06-11
2026-06-11 10:54:00+05:30,73.35,73.95,72.15,73.3,148460,2190045,15.416653,23174.7,22950.0,22900,ATM-4,PUT,23100,2026-06-11
2026-06-11 10:55:00+05:30,73.45,74.45,72.75,73.25,99515,2185950,15.368628,23173.2,22950.0,22900,ATM-4,PUT,23100,2026-06-11
2026-06-11 10:56:00+05:30,88.45,88.7,86.25,86.7,249015,8742760,15.4283,23179.8,23000.0,22900,ATM-4,PUT,23100,2026-06-11
2026-06-11 10:57:00+05:30,86.9,88.8,86.7,88.1,153725,8715005,15.492231,23177.3,23000.0,22900,ATM-4,PUT,23100,2026-06-11
2026-06-11 10:58:00+05:30,87.9,89.0,86.4,88.45,123955,8718385,15.476742,23175.65,23000.0,22900,ATM-4,PUT,23100,2026-06-11
2026-06-11 10:59:00+05:30,88.2,89.35,86.0,86.75,227175,8712145,15.335033,23176.55,23000.0,22900,ATM-4,PUT,23100,2026-06-11
2026-06-11 11:00:00+05:30,71.55,74.0,70.05,73.65,94315,2175485,15.306309,23169.45,22950.0,22900,ATM-4,PUT,23100,2026-06-11
2026-06-11 11:01:00+05:30,73.9,74.6,72.45,74.5,170755,2205645,15.330113,23167.15,22950.0,22900,ATM-4,PUT,23100,2026-06-11
2026-06-11 11:02:00+05:30,74.35,74.85,72.8,73.35,126490,2216760,15.230891,23167.9,22950.0,22900,ATM-4,PUT,23100,2026-06-11
2026-06-11 11:03:00+05:30,88.9,89.35,85.2,85.2,192855,8733335,15.303036,23180.45,23000.0,22900,ATM-4,PUT,23100,2026-06-11
2026-06-11 11:04:00+05:30,84.55,85.25,82.85,85.05,407745,8696220,15.324206,23181.6,23000.0,22900,ATM-4,PUT,23100,2026-06-11
2026-06-11 11:05:00+05:30,84.2,85.05,78.35,79.1,575055,8708505,15.269938,23199.8,23000.0,22900,ATM-4,PUT,23100,2026-06-11
2026-06-11 11:06:00+05:30,78.8,81.8,77.9,78.2,348660,8647405,15.308962,23204.2,23000.0,22900,ATM-4,PUT,23100,2026-06-11
2026-06-11 11:07:00+05:30,78.05,82.2,77.0,82.15,286780,8612175,15.290779,23190.05,23000.0,22900,ATM-4,PUT,23100,2026-06-11
2026-06-11 11:08:00+05:30,82.05,82.7,79.15,80.6,182780,8657740,15.276739,23194.8,23000.0,22900,ATM-4,PUT,23100,2026-06-11
2026-06-11 11:09:00+05:30,81.0,84.95,80.6,81.45,206700,8700185,15.327072,23193.55,23000.0,22900,ATM-4,PUT,23100,2026-06-11
2026-06-11 11:10:00+05:30,82.35,83.5,81.3,81.4,100880,8721570,15.260626,23191.5,23000.0,22900,ATM-4,PUT,23100,2026-06-11
2026-06-11 11:11:00+05:30,81.45,83.0,80.55,82.15,119925,8725665,15.268278,23189.2,23000.0,22900,ATM-4,PUT,23100,2026-06-11
2026-06-11 11:12:00+05:30,82.15,83.8,81.95,83.0,101465,8741850,15.288708,23187.0,23000.0,22900,ATM-4,PUT,23100,2026-06-11
2026-06-11 11:13:00+05:30,82.65,83.7,81.4,82.6,161460,8774415,15.19527,23185.25,23000.0,22900,ATM-4,PUT,23100,2026-06-11
2026-06-11 11:14:00+05:30,82.65,84.45,81.5,83.4,116090,8772920,15.214636,23183.2,23000.0,22900,ATM-4,PUT,23100,2026-06-11
2026-06-11 11:15:00+05:30,83.25,84.35,81.7,82.25,136110,8797360,15.252913,23188.25,23000.0,22900,ATM-4,PUT,23100,2026-06-11
2026-06-11 11:16:00+05:30,82.5,83.6,81.65,82.0,73840,8801650,15.264784,23189.45,23000.0,22900,ATM-4,PUT,23100,2026-06-11
2026-06-11 11:17:00+05:30,82.15,83.55,80.4,80.8,129870,8817770,15.279216,23193.95,23000.0,22900,ATM-4,PUT,23100,2026-06-11
2026-06-11 11:18:00+05:30,80.85,81.45,77.15,77.3,272480,8836360,15.253717,23205.15,23000.0,22900,ATM-4,PUT,23100,2026-06-11
2026-06-11 11:19:00+05:30,77.1,78.85,76.1,78.75,277615,8838570,15.354794,23203.45,23000.0,22900,ATM-4,PUT,23100,2026-06-11
2026-06-11 11:20:00+05:30,78.85,79.7,75.65,75.65,190125,8842990,15.301605,23212.55,23000.0,22900,ATM-4,PUT,23100,2026-06-11
2026-06-11 11:21:00+05:30,75.6,76.15,74.15,74.25,365365,8913970,15.381726,23220.3,23000.0,22900,ATM-4,PUT,23100,2026-06-11
2026-06-11 11:22:00+05:30,74.2,76.6,74.2,76.25,254475,8945105,15.412094,23214.1,23000.0,22900,ATM-4,PUT,23100,2026-06-11
2026-06-11 11:23:00+05:30,76.4,76.95,74.3,76.7,215865,8934250,15.429279,23213.05,23000.0,22900,ATM-4,PUT,23100,2026-06-11
2026-06-11 11:24:00+05:30,76.4,77.35,75.0,75.25,187980,8909225,15.437611,23218.5,23000.0,22900,ATM-4,PUT,23100,2026-06-11
2026-06-11 11:25:00+05:30,75.2,76.0,73.8,75.45,294125,8891350,15.380397,23215.8,23000.0,22900,ATM-4,PUT,23100,2026-06-11
2026-06-11 11:26:00+05:30,90.4,90.4,85.5,85.5,229905,3012620,15.261695,23228.5,23050.0,22900,ATM-4,PUT,23100,2026-06-11
2026-06-11 11:27:00+05:30,85.0,85.5,82.9,83.0,417040,3134235,15.181942,23234.1,23050.0,22900,ATM-4,PUT,23100,2026-06-11
2026-06-11 11:28:00+05:30,82.6,83.55,81.7,82.25,152945,3177785,15.166111,23236.05,23050.0,22900,ATM-4,PUT,23100,2026-06-11
2026-06-11 11:29:00+05:30,82.7,85.2,82.25,82.7,101660,3180645,15.194427,23235.45,23050.0,22900,ATM-4,PUT,23100,2026-06-11
2026-06-11 11:30:00+05:30,83.0,84.15,81.3,83.95,160940,3225625,15.345284,23236.2,23050.0,22900,ATM-4,PUT,23100,2026-06-11
2026-06-11 11:31:00+05:30,83.6,86.25,83.05,85.15,137800,3259295,15.162523,23226.3,23050.0,22900,ATM-4,PUT,23100,2026-06-11
2026-06-11 11:32:00+05:30,85.2,87.15,85.15,85.95,108615,3269175,15.239245,23226.15,23050.0,22900,ATM-4,PUT,23100,2026-06-11
2026-06-11 11:33:00+05:30,85.6,85.95,83.3,84.5,90870,3276065,15.322302,23233.55,23050.0,22900,ATM-4,PUT,23100,2026-06-11
2026-06-11 11:34:00+05:30,84.8,87.35,84.5,87.35,66690,3285165,15.387859,23226.35,23050.0,22900,ATM-4,PUT,23100,2026-06-11
2026-06-11 11:35:00+05:30,87.1,88.2,85.0,85.0,93145,3288480,15.399261,23234.35,23050.0,22900,ATM-4,PUT,23100,2026-06-11
2026-06-11 11:36:00+05:30,71.3,74.7,71.3,74.2,144885,9063470,15.428709,23221.65,23000.0,22900,ATM-4,PUT,23100,2026-06-11
2026-06-11 11:37:00+05:30,73.85,74.65,73.4,74.65,169845,9107215,15.37211,23218.05,23000.0,22900,ATM-4,PUT,23100,2026-06-11
2026-06-11 11:38:00+05:30,74.45,75.6,74.0,75.55,243880,9102990,15.387421,23215.3,23000.0,22900,ATM-4,PUT,23100,2026-06-11
2026-06-11 11:39:00+05:30,75.8,76.2,73.65,74.0,232115,9114755,15.447918,23222.95,23000.0,22900,ATM-4,PUT,23100,2026-06-11
2026-06-11 11:40:00+05:30,74.0,74.65,72.65,74.35,166075,9118265,15.488954,23223.05,23000.0,22900,ATM-4,PUT,23100,2026-06-11
2026-06-11 11:41:00+05:30,89.0,89.0,85.5,85.75,67795,3308955,15.355298,23230.3,23050.0,22900,ATM-4,PUT,23100,2026-06-11
2026-06-11 11:42:00+05:30,85.9,86.2,80.55,80.65,155155,3305055,15.273873,23244.6,23050.0,22900,ATM-4,PUT,23100,2026-06-11
2026-06-11 11:43:00+05:30,81.25,83.75,80.65,83.6,120185,3351400,15.484292,23241.55,23050.0,22900,ATM-4,PUT,23100,2026-06-11
2026-06-11 11:44:00+05:30,83.75,83.75,79.2,79.3,195195,3351075,15.409737,23253.7,23050.0,22900,ATM-4,PUT,23100,2026-06-11
2026-06-11 11:45:00+05:30,78.9,80.9,78.4,80.55,352625,3494270,15.55057,23254.05,23050.0,22900,ATM-4,PUT,23100,2026-06-11
2026-06-11 11:46:00+05:30,80.3,80.9,79.45,79.85,88400,3523260,15.591034,23257.8,23050.0,22900,ATM-4,PUT,23100,2026-06-11
2026-06-11 11:47:00+05:30,79.5,80.65,76.1,76.15,300495,3603925,15.541825,23269.2,23050.0,22900,ATM-4,PUT,23100,2026-06-11
2026-06-11 11:48:00+05:30,75.7,78.8,75.6,77.05,151840,3585465,15.612573,23268.35,23050.0,22900,ATM-4,PUT,23100,2026-06-11
2026-06-11 11:49:00+05:30,77.5,78.75,77.05,78.2,86580,3622905,15.641325,23265.2,23050.0,22900,ATM-4,PUT,23100,2026-06-11
2026-06-11 11:50:00+05:30,77.75,78.2,76.1,76.35,80730,3637010,15.70027,23273.8,23050.0,22900,ATM-4,PUT,23100,2026-06-11
2026-06-11 11:51:00+05:30,76.35,77.45,75.9,77.4,96070,3662295,15.668213,23268.9,23050.0,22900,ATM-4,PUT,23100,2026-06-11
2026-06-11 11:52:00+05:30,77.3,78.6,76.65,76.8,101075,3675230,15.641161,23270.1,23050.0,22900,ATM-4,PUT,23100,2026-06-11
2026-06-11 11:53:00+05:30,77.15,77.55,76.2,76.5,55640,3701490,15.727562,23274.1,23050.0,22900,ATM-4,PUT,23100,2026-06-11
2026-06-11 11:54:00+05:30,76.2,77.05,75.15,76.4,163345,3688815,15.68422,23272.95,23050.0,22900,ATM-4,PUT,23100,2026-06-11
2026-06-11 11:55:00+05:30,76.35,76.7,75.35,76.6,57980,3703765,15.731132,23273.8,23050.0,22900,ATM-4,PUT,23100,2026-06-11
2026-06-11 11:56:00+05:30,91.55,92.25,86.5,86.85,502905,9710155,15.602537,23285.3,23100.0,22900,ATM-4,PUT,23100,2026-06-11
2026-06-11 11:57:00+05:30,87.1,88.3,86.85,87.25,334295,9684545,15.632982,23284.95,23100.0,22900,ATM-4,PUT,23100,2026-06-11
2026-06-11 11:58:00+05:30,87.25,87.25,84.15,86.3,501735,9694490,15.720758,23290.9,23100.0,22900,ATM-4,PUT,23100,2026-06-11
2026-06-11 11:59:00+05:30,86.5,88.55,86.3,88.4,241280,9727965,15.694918,23283.15,23100.0,22900,ATM-4,PUT,23100,2026-06-11
2026-06-11 12:00:00+05:30,87.7,88.4,85.9,88.2,226460,9775740,15.71901,23284.55,23100.0,22900,ATM-4,PUT,23100,2026-06-11
2026-06-11 12:01:00+05:30,88.5,88.55,86.9,87.5,242060,9909445,15.772714,23288.55,23100.0,22900,ATM-4,PUT,23100,2026-06-11
2026-06-11 12:02:00+05:30,87.1,88.6,87.0,88.1,145730,9882470,15.746249,23285.7,23100.0,22900,ATM-4,PUT,23100,2026-06-11
2026-06-11 12:03:00+05:30,88.1,88.3,86.5,87.2,176410,9942400,15.788736,23290.0,23100.0,22900,ATM-4,PUT,23100,2026-06-11
2026-06-11 12:04:00+05:30,87.2,88.65,87.2,88.25,105105,9934080,15.794039,23286.7,23100.0,22900,ATM-4,PUT,23100,2026-06-11
2026-06-11 12:05:00+05:30,87.75,90.45,87.6,89.7,262015,9991735,15.768661,23281.15,23100.0,22900,ATM-4,PUT,23100,2026-06-11
2026-06-11 12:06:00+05:30,89.2,90.0,88.15,89.0,153725,10041525,15.728802,23282.1,23100.0,22900,ATM-4,PUT,23100,2026-06-11
2026-06-11 12:07:00+05:30,89.2,89.2,86.45,86.45,193245,10057255,15.725474,23290.3,23100.0,22900,ATM-4,PUT,23100,2026-06-11
2026-06-11 12:08:00+05:30,86.7,89.25,86.4,88.55,161070,10064405,15.76594,23284.7,23100.0,22900,ATM-4,PUT,23100,2026-06-11
2026-06-11 12:09:00+05:30,88.05,89.45,87.8,89.45,101920,10076755,15.812399,23283.25,23100.0,22900,ATM-4,PUT,23100,2026-06-11
2026-06-11 12:10:00+05:30,89.25,90.2,88.8,89.85,188370,10066485,15.711703,23278.7,23100.0,22900,ATM-4,PUT,23100,2026-06-11
2026-06-11 12:11:00+05:30,89.8,91.3,89.2,90.35,223080,10080265,15.726694,23277.55,23100.0,22900,ATM-4,PUT,23100,2026-06-11
2026-06-11 12:12:00+05:30,89.55,90.75,88.5,88.5,117325,10124725,15.719478,23283.25,23100.0,22900,ATM-4,PUT,23100,2026-06-11
2026-06-11 12:13:00+05:30,88.3,89.45,87.55,88.65,105885,10137920,15.834614,23286.45,23100.0,22900,ATM-4,PUT,23100,2026-06-11
2026-06-11 12:14:00+05:30,89.1,89.4,87.55,87.6,124215,10148255,15.76346,23287.55,23100.0,22900,ATM-4,PUT,23100,2026-06-11
2026-06-11 12:15:00+05:30,87.45,87.6,82.65,84.35,624780,10127585,15.847769,23301.1,23100.0,22900,ATM-4,PUT,23100,2026-06-11
2026-06-11 12:16:00+05:30,83.8,86.1,82.4,82.65,293930,10184785,15.773587,23304.4,23100.0,22900,ATM-4,PUT,23100,2026-06-11
2026-06-11 12:17:00+05:30,82.4,85.35,81.65,84.9,297310,10202465,15.8011,23297.65,23100.0,22900,ATM-4,PUT,23100,2026-06-11
2026-06-11 12:18:00+05:30,85.1,86.8,84.7,86.3,203060,10239255,15.842548,23294.3,23100.0,22900,ATM-4,PUT,23100,2026-06-11
2026-06-11 12:19:00+05:30,85.9,87.95,85.45,87.95,208715,10234770,15.863429,23289.5,23100.0,22900,ATM-4,PUT,23100,2026-06-11
2026-06-11 12:20:00+05:30,87.75,89.0,86.5,88.75,283010,10246860,15.773415,23283.95,23100.0,22900,ATM-4,PUT,23100,2026-06-11
2026-06-11 12:21:00+05:30,88.85,89.65,87.75,88.35,197535,10259860,15.710724,23283.2,23100.0,22900,ATM-4,PUT,23100,2026-06-11
2026-06-11 12:22:00+05:30,88.45,88.5,87.05,88.15,94445,10254075,15.819947,23287.35,23100.0,22900,ATM-4,PUT,23100,2026-06-11
2026-06-11 12:23:00+05:30,88.0,88.55,86.25,86.85,118885,10271885,15.873828,23293.35,23100.0,22900,ATM-4,PUT,23100,2026-06-11
2026-06-11 12:24:00+05:30,87.0,88.45,86.8,86.8,102765,10261290,15.82053,23291.75,23100.0,22900,ATM-4,PUT,23100,2026-06-11
2026-06-11 12:25:00+05:30,86.7,89.35,86.7,88.3,129805,10241465,15.879487,23288.7,23100.0,22900,ATM-4,PUT,23100,2026-06-11
2026-06-11 12:26:00+05:30,88.2,88.3,86.0,87.75,116220,10259210,15.946403,23292.65,23100.0,22900,ATM-4,PUT,23100,2026-06-11
2026-06-11 12:27:00+05:30,87.4,87.95,86.65,86.95,75920,10283195,15.872212,23292.85,23100.0,22900,ATM-4,PUT,23100,2026-06-11
2026-06-11 12:28:00+05:30,86.95,88.1,85.15,85.9,150020,10259535,16.009039,23300.8,23100.0,22900,ATM-4,PUT,23100,2026-06-11
2026-06-11 12:29:00+05:30,85.95,87.0,85.35,86.45,81315,10254530,15.968558,23297.6,23100.0,22900,ATM-4,PUT,23100,2026-06-11
2026-06-11 12:30:00+05:30,85.95,86.45,83.5,85.0,321165,10254530,16.074802,23305.95,23100.0,22900,ATM-4,PUT,23100,2026-06-11
2026-06-11 12:31:00+05:30,84.9,85.75,81.35,81.95,276965,10330450,16.062085,23316.0,23100.0,22900,ATM-4,PUT,23100,2026-06-11
2026-06-11 12:32:00+05:30,81.85,82.25,79.75,79.75,550940,10338575,15.95499,23320.1,23100.0,22900,ATM-4,PUT,23100,2026-06-11
2026-06-11 12:33:00+05:30,80.0,81.55,79.75,80.05,215995,10218975,15.867273,23316.05,23100.0,22900,ATM-4,PUT,23100,2026-06-11
2026-06-11 12:34:00+05:30,80.05,80.6,79.0,79.0,193960,10238150,15.935654,23322.05,23100.0,22900,ATM-4,PUT,23100,2026-06-11
2026-06-11 12:35:00+05:30,78.65,82.85,77.7,81.65,414115,10270845,15.949454,23313.15,23100.0,22900,ATM-4,PUT,23100,2026-06-11
2026-06-11 12:36:00+05:30,81.45,82.25,81.05,81.65,206765,10294700,15.7902,23307.8,23100.0,22900,ATM-4,PUT,23100,2026-06-11
2026-06-11 12:37:00+05:30,81.3,83.4,81.2,82.95,258765,10312965,15.480648,23293.1,23100.0,22900,ATM-4,PUT,23100,2026-06-11
2026-06-11 12:38:00+05:30,82.75,84.65,82.15,84.4,256100,10310430,15.646614,23293.65,23100.0,22900,ATM-4,PUT,23100,2026-06-11
2026-06-11 12:39:00+05:30,84.35,84.45,82.3,82.55,171535,10253100,15.579619,23297.65,23100.0,22900,ATM-4,PUT,23100,2026-06-11
2026-06-11 12:40:00+05:30,82.3,83.9,82.25,83.35,176020,10304385,15.670262,23297.9,23100.0,22900,ATM-4,PUT,23100,2026-06-11
2026-06-11 12:41:00+05:30,83.45,84.5,83.0,84.5,152165,10381020,15.705271,23295.15,23100.0,22900,ATM-4,PUT,23100,2026-06-11
2026-06-11 12:42:00+05:30,84.25,85.8,83.7,84.9,204035,10336820,15.789783,23296.55,23100.0,22900,ATM-4,PUT,23100,2026-06-11
2026-06-11 12:43:00+05:30,84.7,86.85,84.35,84.95,173680,10376665,15.702612,23293.5,23100.0,22900,ATM-4,PUT,23100,2026-06-11
2026-06-11 12:44:00+05:30,84.7,85.3,83.55,84.6,120055,10334805,15.747135,23296.1,23100.0,22900,ATM-4,PUT,23100,2026-06-11
2026-06-11 12:45:00+05:30,84.75,85.65,84.2,84.85,105885,10324730,15.741542,23295.05,23100.0,22900,ATM-4,PUT,23100,2026-06-11
2026-06-11 12:46:00+05:30,83.85,84.85,82.35,83.0,191165,10340200,15.745688,23301.4,23100.0,22900,ATM-4,PUT,23100,2026-06-11
2026-06-11 12:47:00+05:30,83.1,85.7,82.3,85.15,152490,10375105,15.718913,23293.25,23100.0,22900,ATM-4,PUT,23100,2026-06-11
2026-06-11 12:48:00+05:30,85.0,87.7,84.9,87.05,220480,10395255,15.692987,23286.1,23100.0,22900,ATM-4,PUT,23100,2026-06-11
2026-06-11 12:49:00+05:30,87.15,88.95,86.3,88.75,298870,10430485,15.533794,23275.45,23100.0,22900,ATM-4,PUT,23100,2026-06-11
2026-06-11 12:50:00+05:30,88.5,88.75,86.6,86.8,236535,10472020,15.554839,23282.4,23100.0,22900,ATM-4,PUT,23100,2026-06-11
2026-06-11 12:51:00+05:30,86.35,87.9,85.2,87.75,158210,10497955,15.609738,23281.05,23100.0,22900,ATM-4,PUT,23100,2026-06-11
2026-06-11 12:52:00+05:30,87.55,88.5,87.1,88.15,130390,10498605,15.590184,23279.1,23100.0,22900,ATM-4,PUT,23100,2026-06-11
2026-06-11 12:53:00+05:30,87.75,88.15,86.0,86.75,95420,10532145,15.622127,23284.65,23100.0,22900,ATM-4,PUT,23100,2026-06-11
2026-06-11 12:54:00+05:30,86.8,87.4,86.25,86.25,25870,10533250,15.334246,23276.95,23100.0,22900,ATM-4,PUT,23100,2026-06-11
2026-06-11 12:55:00+05:30,86.25,86.25,86.25,86.25,0,10533250,15.334247,23276.95,23100.0,22900,ATM-4,PUT,23100,2026-06-11
2026-06-11 12:56:00+05:30,88.35,88.5,85.65,87.15,379860,10525970,15.612549,23282.95,23100.0,22900,ATM-4,PUT,23100,2026-06-11
2026-06-11 12:57:00+05:30,87.1,87.2,82.0,82.2,340015,10524605,15.60031,23299.0,23100.0,22900,ATM-4,PUT,23100,2026-06-11
2026-06-11 12:58:00+05:30,82.25,82.7,79.75,80.75,322270,10460970,15.596234,23303.8,23100.0,22900,ATM-4,PUT,23100,2026-06-11
2026-06-11 12:59:00+05:30,81.4,83.6,79.05,79.35,185705,10452455,15.584985,23308.25,23100.0,22900,ATM-4,PUT,23100,2026-06-11
2026-06-11 13:00:00+05:30,79.15,79.35,74.35,75.7,711880,10471240,15.671934,23324.15,23100.0,22900,ATM-4,PUT,23100,2026-06-11
2026-06-11 13:01:00+05:30,75.25,78.75,74.75,78.75,305890,10349560,15.698322,23314.1,23100.0,22900,ATM-4,PUT,23100,2026-06-11
2026-06-11 13:02:00+05:30,78.15,81.2,77.9,79.65,359450,10422100,15.574015,23306.75,23100.0,22900,ATM-4,PUT,23100,2026-06-11
2026-06-11 13:03:00+05:30,79.7,81.6,79.65,80.85,196235,10492560,15.62154,23304.15,23100.0,22900,ATM-4,PUT,23100,2026-06-11
2026-06-11 13:04:00+05:30,80.8,82.0,80.45,82.0,146510,10506860,15.664541,23301.6,23100.0,22900,ATM-4,PUT,23100,2026-06-11
2026-06-11 13:05:00+05:30,81.6,82.25,80.75,81.3,196820,10530325,15.626249,23302.7,23100.0,22900,ATM-4,PUT,23100,2026-06-11
2026-06-11 13:06:00+05:30,81.1,82.0,80.65,81.95,114140,10532990,15.65812,23301.5,23100.0,22900,ATM-4,PUT,23100,2026-06-11
2026-06-11 13:07:00+05:30,81.75,82.7,81.05,82.7,111085,10515700,15.662168,23299.05,23100.0,22900,ATM-4,PUT,23100,2026-06-11
2026-06-11 13:08:00+05:30,82.75,84.55,82.35,83.65,241735,10514465,15.542726,23291.9,23100.0,22900,ATM-4,PUT,23100,2026-06-11
2026-06-11 13:09:00+05:30,83.0,87.1,83.0,86.8,257725,10558015,15.517055,23280.65,23100.0,22900,ATM-4,PUT,23100,2026-06-11
2026-06-11 13:10:00+05:30,86.55,86.8,84.95,85.55,208520,10539295,15.448725,23282.5,23100.0,22900,ATM-4,PUT,23100,2026-06-11
2026-06-11 13:11:00+05:30,85.4,87.75,85.05,86.0,267735,10534615,15.384985,23278.95,23100.0,22900,ATM-4,PUT,23100,2026-06-11
2026-06-11 13:12:00+05:30,72.45,75.7,72.1,74.4,163410,3370510,15.379104,23267.45,23050.0,22900,ATM-4,PUT,23100,2026-06-11
2026-06-11 13:13:00+05:30,74.45,75.95,74.3,75.8,97760,3372525,15.318539,23260.35,23050.0,22900,ATM-4,PUT,23100,2026-06-11
2026-06-11 13:14:00+05:30,75.5,75.8,74.7,75.5,89830,3366155,15.261034,23259.45,23050.0,22900,ATM-4,PUT,23100,2026-06-11
2026-06-11 13:15:00+05:30,75.1,75.7,74.8,75.4,73905,3352960,15.275074,23260.25,23050.0,22900,ATM-4,PUT,23100,2026-06-11
2026-06-11 13:16:00+05:30,74.65,76.15,73.8,76.1,115960,3341780,15.199484,23255.2,23050.0,22900,ATM-4,PUT,23100,2026-06-11
2026-06-11 13:17:00+05:30,76.1,77.9,73.85,74.75,172250,3351465,15.29682,23263.25,23050.0,22900,ATM-4,PUT,23100,2026-06-11
2026-06-11 13:18:00+05:30,74.8,76.75,74.75,76.05,97630,3350425,15.152662,23253.75,23050.0,22900,ATM-4,PUT,23100,2026-06-11
2026-06-11 13:19:00+05:30,76.0,77.25,75.3,77.25,70915,3362320,15.289879,23254.1,23050.0,22900,ATM-4,PUT,23100,2026-06-11
2026-06-11 13:20:00+05:30,76.95,79.5,76.2,78.9,144820,3361670,15.351956,23250.4,23050.0,22900,ATM-4,PUT,23100,2026-06-11
2026-06-11 13:21:00+05:30,79.0,81.9,78.9,81.55,227240,3335345,15.274568,23238.8,23050.0,22900,ATM-4,PUT,23100,2026-06-11
2026-06-11 13:22:00+05:30,81.7,82.95,81.3,82.95,183885,3325010,15.098194,23228.4,23050.0,22900,ATM-4,PUT,23100,2026-06-11
2026-06-11 13:23:00+05:30,82.35,82.95,76.6,78.65,178490,3302260,15.129001,23243.8,23050.0,22900,ATM-4,PUT,23100,2026-06-11
2026-06-11 13:24:00+05:30,78.85,80.25,77.75,78.55,84435,3304405,14.982819,23239.3,23050.0,22900,ATM-4,PUT,23100,2026-06-11
2026-06-11 13:25:00+05:30,78.25,81.45,78.0,81.45,75075,3300960,15.0834,23232.8,23050.0,22900,ATM-4,PUT,23100,2026-06-11
2026-06-11 13:26:00+05:30,81.55,84.15,81.2,83.0,138515,3303885,15.004134,23225.1,23050.0,22900,ATM-4,PUT,23100,2026-06-11
2026-06-11 13:27:00+05:30,82.45,83.0,80.65,81.25,101075,3300245,14.996778,23230.6,23050.0,22900,ATM-4,PUT,23100,2026-06-11
2026-06-11 13:28:00+05:30,81.4,82.25,79.55,80.5,81900,3296540,15.022255,23233.9,23050.0,22900,ATM-4,PUT,23100,2026-06-11
2026-06-11 13:29:00+05:30,80.45,80.5,78.45,78.95,88335,3288870,15.137938,23242.9,23050.0,22900,ATM-4,PUT,23100,2026-06-11
2026-06-11 13:30:00+05:30,78.85,78.95,72.2,74.55,233285,3273725,15.116537,23257.5,23050.0,22900,ATM-4,PUT,23100,2026-06-11
2026-06-11 13:31:00+05:30,74.95,77.25,74.4,74.4,76115,3249675,15.077774,23256.7,23050.0,22900,ATM-4,PUT,23100,2026-06-11
2026-06-11 13:32:00+05:30,73.8,74.4,71.65,71.65,95875,3261570,14.966478,23262.8,23050.0,22900,ATM-4,PUT,23100,2026-06-11
2026-06-11 13:33:00+05:30,72.1,73.4,70.15,73.35,110175,3262740,15.029025,23258.75,23050.0,22900,ATM-4,PUT,23100,2026-06-11
2026-06-11 13:34:00+05:30,73.9,77.05,73.35,76.9,119795,3255720,14.951763,23243.65,23050.0,22900,ATM-4,PUT,23100,2026-06-11
2026-06-11 13:35:00+05:30,76.3,76.9,73.9,74.75,71825,3257670,14.888477,23249.0,23050.0,22900,ATM-4,PUT,23100,2026-06-11
2026-06-11 13:36:00+05:30,74.75,75.35,72.1,72.1,60645,3279575,14.826353,23256.3,23050.0,22900,ATM-4,PUT,23100,2026-06-11
2026-06-11 13:37:00+05:30,72.0,74.2,72.0,74.05,35555,3289715,14.879218,23251.1,23050.0,22900,ATM-4,PUT,23100,2026-06-11
2026-06-11 13:38:00+05:30,73.8,78.0,73.8,77.6,72735,3288090,14.990198,23242.4,23050.0,22900,ATM-4,PUT,23100,2026-06-11
2026-06-11 13:39:00+05:30,77.15,80.8,77.15,80.1,164060,3293810,14.953524,23232.7,23050.0,22900,ATM-4,PUT,23100,2026-06-11
2026-06-11 13:40:00+05:30,79.25,81.35,77.0,81.35,87295,3286920,15.084331,23232.75,23050.0,22900,ATM-4,PUT,23100,2026-06-11
2026-06-11 13:41:00+05:30,80.7,81.4,79.8,80.2,89700,3280225,14.86694,23229.5,23050.0,22900,ATM-4,PUT,23100,2026-06-11
2026-06-11 13:42:00+05:30,80.2,80.2,78.55,80.15,67145,3299530,14.86881,23229.7,23050.0,22900,ATM-4,PUT,23100,2026-06-11
2026-06-11 13:43:00+05:30,66.85,68.9,66.3,67.75,223665,9982375,14.779289,23219.45,23000.0,22900,ATM-4,PUT,23100,2026-06-11
2026-06-11 13:44:00+05:30,67.9,69.1,65.85,66.45,290355,9934990,14.766761,23223.9,23000.0,22900,ATM-4,PUT,23100,2026-06-11
2026-06-11 13:45:00+05:30,66.5,67.8,66.2,67.8,166075,9943765,14.835665,23221.15,23000.0,22900,ATM-4,PUT,23100,2026-06-11
2026-06-11 13:46:00+05:30,81.05,82.9,78.8,78.8,168870,3275740,14.671806,23227.7,23050.0,22900,ATM-4,PUT,23100,2026-06-11
2026-06-11 13:47:00+05:30,78.9,78.9,75.5,78.0,133575,3263000,14.745269,23232.75,23050.0,22900,ATM-4,PUT,23100,2026-06-11
2026-06-11 13:48:00+05:30,77.85,78.2,75.55,77.75,59995,3278535,14.695774,23231.95,23050.0,22900,ATM-4,PUT,23100,2026-06-11
2026-06-11 13:49:00+05:30,78.15,79.6,77.45,78.3,89505,3283020,14.704307,23230.35,23050.0,22900,ATM-4,PUT,23100,2026-06-11
2026-06-11 13:50:00+05:30,65.2,67.2,65.2,66.7,185380,9937070,14.807824,23224.2,23000.0,22900,ATM-4,PUT,23100,2026-06-11
2026-06-11 13:51:00+05:30,79.1,80.5,78.0,78.3,56680,3312075,14.578278,23226.2,23050.0,22900,ATM-4,PUT,23100,2026-06-11
2026-06-11 13:52:00+05:30,78.45,80.5,77.05,77.05,76375,3320655,14.565478,23229.95,23050.0,22900,ATM-4,PUT,23100,2026-06-11
2026-06-11 13:53:00+05:30,77.1,77.55,75.75,76.5,64935,3313050,14.689467,23235.85,23050.0,22900,ATM-4,PUT,23100,2026-06-11
2026-06-11 13:54:00+05:30,76.5,78.45,76.4,77.25,33475,3310255,14.726965,23234.5,23050.0,22900,ATM-4,PUT,23100,2026-06-11
2026-06-11 13:55:00+05:30,77.6,79.1,76.2,76.2,57135,3308955,14.664506,23236.0,23050.0,22900,ATM-4,PUT,23100,2026-06-11
2026-06-11 13:56:00+05:30,76.55,77.55,75.0,75.3,65455,3317470,14.70193,23240.3,23050.0,22900,ATM-4,PUT,23100,2026-06-11
2026-06-11 13:57:00+05:30,75.45,77.05,74.05,76.2,107185,3308175,14.76639,23239.3,23050.0,22900,ATM-4,PUT,23100,2026-06-11
2026-06-11 13:58:00+05:30,75.7,76.2,72.5,73.0,86905,3307590,14.694929,23248.05,23050.0,22900,ATM-4,PUT,23100,2026-06-11
2026-06-11 13:59:00+05:30,73.85,78.5,73.0,77.25,88465,3259490,14.685275,23233.0,23050.0,22900,ATM-4,PUT,23100,2026-06-11
2026-06-11 14:00:00+05:30,77.25,78.05,74.3,74.75,85280,3266315,14.644715,23240.2,23050.0,22900,ATM-4,PUT,23100,2026-06-11
2026-06-11 14:01:00+05:30,75.2,76.7,74.65,75.75,91130,3280030,14.618078,23235.85,23050.0,22900,ATM-4,PUT,23100,2026-06-11
2026-06-11 14:02:00+05:30,76.05,76.7,75.4,76.0,31200,3252990,14.55202,23232.8,23050.0,22900,ATM-4,PUT,23100,2026-06-11
2026-06-11 14:03:00+05:30,75.85,76.65,75.05,76.45,34645,3258905,14.704727,23236.25,23050.0,22900,ATM-4,PUT,23100,2026-06-11
2026-06-11 14:04:00+05:30,76.35,77.2,74.7,75.65,46865,3244865,14.625333,23236.35,23050.0,22900,ATM-4,PUT,23100,2026-06-11
2026-06-11 14:05:00+05:30,75.7,78.9,75.3,76.3,79170,3250390,14.568826,23232.25,23050.0,22900,ATM-4,PUT,23100,2026-06-11
2026-06-11 14:06:00+05:30,76.25,77.3,75.2,76.1,38740,3254810,14.567206,23232.85,23050.0,22900,ATM-4,PUT,23100,2026-06-11
2026-06-11 14:07:00+05:30,63.15,67.75,63.05,67.75,282230,9871420,14.815423,23220.0,23000.0,22900,ATM-4,PUT,23100,2026-06-11
2026-06-11 14:08:00+05:30,67.85,69.95,67.2,69.95,462540,9795175,14.763689,23210.05,23000.0,22900,ATM-4,PUT,23100,2026-06-11
2026-06-11 14:09:00+05:30,70.15,71.65,67.8,68.3,556790,9695920,14.661268,23212.6,23000.0,22900,ATM-4,PUT,23100,2026-06-11
2026-06-11 14:10:00+05:30,68.1,69.05,66.15,68.8,231855,9646715,14.774717,23214.6,23000.0,22900,ATM-4,PUT,23100,2026-06-11
2026-06-11 14:11:00+05:30,68.6,70.3,67.65,68.3,252200,9675770,14.677554,23213.1,23000.0,22900,ATM-4,PUT,23100,2026-06-11
2026-06-11 14:12:00+05:30,68.1,69.5,67.5,68.8,190450,9704825,14.653379,23210.4,23000.0,22900,ATM-4,PUT,23100,2026-06-11
2026-06-11 14:13:00+05:30,68.9,69.05,64.85,65.15,254150,9673560,14.629524,23223.25,23000.0,22900,ATM-4,PUT,23100,2026-06-11
2026-06-11 14:14:00+05:30,64.85,66.85,64.1,66.75,259545,9624420,14.706352,23219.8,23000.0,22900,ATM-4,PUT,23100,2026-06-11
2026-06-11 14:15:00+05:30,66.5,67.75,65.55,66.55,183170,9610965,14.551916,23215.2,23000.0,22900,ATM-4,PUT,23100,2026-06-11
2026-06-11 14:16:00+05:30,66.25,66.85,65.0,66.75,120185,9652435,14.606507,23216.3,23000.0,22900,ATM-4,PUT,23100,2026-06-11
2026-06-11 14:17:00+05:30,66.9,68.05,66.75,67.7,153205,9664655,14.651062,23214.25,23000.0,22900,ATM-4,PUT,23100,2026-06-11
2026-06-11 14:18:00+05:30,67.4,69.9,67.4,69.5,221780,9669790,14.663259,23208.0,23000.0,22900,ATM-4,PUT,23100,2026-06-11
2026-06-11 14:19:00+05:30,69.7,70.45,66.9,66.9,217490,9631570,14.639889,23216.8,23000.0,22900,ATM-4,PUT,23100,2026-06-11
2026-06-11 14:20:00+05:30,66.75,67.05,64.65,65.25,254930,9605765,14.639183,23223.0,23000.0,22900,ATM-4,PUT,23100,2026-06-11
2026-06-11 14:21:00+05:30,65.2,66.4,64.25,66.15,139685,9568780,14.645091,23219.75,23000.0,22900,ATM-4,PUT,23100,2026-06-11
2026-06-11 14:22:00+05:30,67.0,67.0,64.95,66.15,92170,9575735,14.653157,23220.0,23000.0,22900,ATM-4,PUT,23100,2026-06-11
2026-06-11 14:23:00+05:30,66.3,69.55,65.6,69.35,164320,9558250,14.688087,23209.25,23000.0,22900,ATM-4,PUT,23100,2026-06-11
2026-06-11 14:24:00+05:30,69.2,69.6,68.4,68.7,197340,9568780,14.534951,23206.4,23000.0,22900,ATM-4,PUT,23100,2026-06-11
2026-06-11 14:25:00+05:30,68.6,68.9,66.2,66.45,134615,9580220,14.588501,23216.55,23000.0,22900,ATM-4,PUT,23100,2026-06-11
2026-06-11 14:26:00+05:30,79.85,80.6,77.05,77.35,84695,3150030,14.473546,23225.05,23050.0,22900,ATM-4,PUT,23100,2026-06-11
2026-06-11 14:27:00+05:30,77.7,78.1,75.75,75.9,81055,3132610,14.364539,23226.35,23050.0,22900,ATM-4,PUT,23100,2026-06-11
2026-06-11 14:28:00+05:30,75.4,75.9,69.7,69.95,233090,3109080,14.499896,23251.55,23050.0,22900,ATM-4,PUT,23100,2026-06-11
2026-06-11 14:29:00+05:30,69.65,74.15,69.15,74.15,98410,3105505,14.634513,23241.15,23050.0,22900,ATM-4,PUT,23100,2026-06-11
2026-06-11 14:30:00+05:30,74.25,76.75,72.15,72.15,120770,3114605,14.553812,23245.45,23050.0,22900,ATM-4,PUT,23100,2026-06-11
2026-06-11 14:31:00+05:30,72.15,73.7,71.8,73.15,72410,3118310,14.499376,23240.1,23050.0,22900,ATM-4,PUT,23100,2026-06-11
2026-06-11 14:32:00+05:30,73.6,75.05,72.4,72.4,53040,3120845,14.521935,23243.45,23050.0,22900,ATM-4,PUT,23100,2026-06-11
2026-06-11 14:33:00+05:30,72.45,77.1,72.4,77.0,59215,3117335,14.566322,23229.05,23050.0,22900,ATM-4,PUT,23100,2026-06-11
2026-06-11 14:34:00+05:30,76.95,77.65,75.35,76.35,60385,3109600,14.581039,23231.7,23050.0,22900,ATM-4,PUT,23100,2026-06-11
2026-06-11 14:35:00+05:30,76.45,76.5,73.75,75.8,61165,3098875,14.69403,23237.25,23050.0,22900,ATM-4,PUT,23100,2026-06-11
2026-06-11 14:36:00+05:30,62.85,66.65,62.5,66.65,301210,9474920,14.524897,23213.3,23000.0,22900,ATM-4,PUT,23100,2026-06-11
2026-06-11 14:37:00+05:30,81.0,84.8,78.7,80.05,267605,3060200,14.791589,23226.05,23050.0,22900,ATM-4,PUT,23100,2026-06-11
2026-06-11 14:38:00+05:30,66.35,68.8,64.5,68.2,197925,9283300,14.844146,23218.4,23000.0,22900,ATM-4,PUT,23100,2026-06-11
2026-06-11 14:39:00+05:30,67.95,71.55,67.95,69.05,599495,9198215,14.899477,23217.1,23000.0,22900,ATM-4,PUT,23100,2026-06-11
2026-06-11 14:40:00+05:30,69.05,71.0,68.5,70.3,253760,9244755,14.775147,23208.25,23000.0,22900,ATM-4,PUT,23100,2026-06-11
2026-06-11 14:41:00+05:30,70.65,72.0,69.3,69.4,337350,9170980,14.842403,23213.8,23000.0,22900,ATM-4,PUT,23100,2026-06-11
2026-06-11 14:42:00+05:30,69.35,71.5,68.65,71.2,249860,9133670,14.944605,23210.65,23000.0,22900,ATM-4,PUT,23100,2026-06-11
2026-06-11 14:43:00+05:30,70.85,74.95,70.1,74.95,429000,9096490,14.946016,23197.3,23000.0,22900,ATM-4,PUT,23100,2026-06-11
2026-06-11 14:44:00+05:30,74.9,75.35,72.75,73.75,434265,9045075,14.907177,23200.2,23000.0,22900,ATM-4,PUT,23100,2026-06-11
2026-06-11 14:45:00+05:30,72.4,75.9,72.4,75.2,359580,8973315,14.972606,23197.25,23000.0,22900,ATM-4,PUT,23100,2026-06-11
2026-06-11 14:46:00+05:30,75.35,76.8,72.05,76.8,595530,8841820,14.982445,23192.0,23000.0,22900,ATM-4,PUT,23100,2026-06-11
2026-06-11 14:47:00+05:30,63.75,70.05,62.95,67.95,428415,2094170,14.816546,23167.1,22950.0,22900,ATM-4,PUT,23100,2026-06-11
2026-06-11 14:48:00+05:30,82.8,83.55,77.45,78.4,651040,8646430,14.793429,23180.35,23000.0,22900,ATM-4,PUT,23100,2026-06-11
2026-06-11 14:49:00+05:30,78.0,78.65,75.65,76.2,347945,8641880,14.955523,23193.1,23000.0,22900,ATM-4,PUT,23100,2026-06-11
2026-06-11 14:50:00+05:30,63.3,67.4,62.8,66.55,236340,2157805,14.830177,23172.75,22950.0,22900,ATM-4,PUT,23100,2026-06-11
2026-06-11 14:51:00+05:30,66.15,67.15,64.45,66.15,116350,2147730,14.776811,23172.4,22950.0,22900,ATM-4,PUT,23100,2026-06-11
2026-06-11 14:52:00+05:30,65.75,66.95,65.25,66.55,94900,2149810,14.783968,23171.1,22950.0,22900,ATM-4,PUT,23100,2026-06-11
2026-06-11 14:53:00+05:30,66.1,66.55,64.55,64.8,77935,2146300,14.675594,23174.0,22950.0,22900,ATM-4,PUT,23100,2026-06-11
2026-06-11 14:54:00+05:30,64.6,66.3,64.6,65.25,42445,2132845,14.65976,23171.7,22950.0,22900,ATM-4,PUT,23100,2026-06-11
2026-06-11 14:55:00+05:30,65.5,66.5,64.2,64.7,81185,2135055,14.625787,23172.6,22950.0,22900,ATM-4,PUT,23100,2026-06-11
2026-06-11 14:56:00+05:30,64.65,65.95,64.2,65.6,81445,2114125,14.660955,23170.35,22950.0,22900,ATM-4,PUT,23100,2026-06-11
2026-06-11 14:57:00+05:30,65.85,67.1,64.9,65.7,104065,2110420,14.552214,23166.2,22950.0,22900,ATM-4,PUT,23100,2026-06-11
2026-06-11 14:58:00+05:30,65.75,65.75,64.1,64.1,57265,2111850,14.558908,23172.5,22950.0,22900,ATM-4,PUT,23100,2026-06-11
2026-06-11 14:59:00+05:30,77.85,80.35,77.3,79.35,316810,8321105,14.798711,23177.05,23000.0,22900,ATM-4,PUT,23100,2026-06-11
2026-06-11 15:00:00+05:30,64.4,68.25,59.65,68.25,543660,1877070,14.474481,23154.0,22950.0,22900,ATM-4,PUT,23100,2026-06-11
2026-06-11 15:01:00+05:30,68.35,70.5,67.2,67.75,251810,1830985,14.396037,23153.15,22950.0,22900,ATM-4,PUT,23100,2026-06-11
2026-06-11 15:02:00+05:30,67.65,70.65,66.0,68.0,205855,1840865,14.590876,23158.8,22950.0,22900,ATM-4,PUT,23100,2026-06-11
2026-06-11 15:03:00+05:30,67.55,69.9,67.55,68.85,97110,1835470,14.667692,23158.25,22950.0,22900,ATM-4,PUT,23100,2026-06-11
2026-06-11 15:04:00+05:30,69.1,70.3,68.0,70.1,130260,1806545,14.408518,23145.0,22950.0,22900,ATM-4,PUT,23100,2026-06-11
2026-06-11 15:05:00+05:30,70.2,71.7,69.1,69.45,244660,1750970,14.416028,23147.55,22950.0,22900,ATM-4,PUT,23100,2026-06-11
2026-06-11 15:06:00+05:30,69.4,72.05,68.65,71.65,158015,1735630,14.405085,23139.35,22950.0,22900,ATM-4,PUT,23100,2026-06-11
2026-06-11 15:07:00+05:30,71.9,72.25,69.25,69.55,132795,1742715,14.444846,23148.1,22950.0,22900,ATM-4,PUT,23100,2026-06-11
2026-06-11 15:08:00+05:30,69.25,70.4,67.5,70.4,127920,1750190,14.184662,23136.4,22950.0,22900,ATM-4,PUT,23100,2026-06-11
2026-06-11 15:09:00+05:30,70.7,70.8,68.7,69.05,88075,1740310,14.265681,23143.85,22950.0,22900,ATM-4,PUT,23100,2026-06-11
2026-06-11 15:10:00+05:30,68.9,69.15,65.35,65.35,165880,1754090,14.101431,23151.75,22950.0,22900,ATM-4,PUT,23100,2026-06-11
2026-06-11 15:11:00+05:30,65.4,67.95,64.45,67.5,99970,1745315,14.108253,23144.1,22950.0,22900,ATM-4,PUT,23100,2026-06-11
2026-06-11 15:12:00+05:30,67.4,69.0,66.0,66.45,83720,1744730,14.216752,23151.55,22950.0,22900,ATM-4,PUT,23100,2026-06-11
2026-06-11 15:13:00+05:30,66.4,66.45,63.95,64.25,92950,1734200,14.279237,23161.85,22950.0,22900,ATM-4,PUT,23100,2026-06-11
2026-06-11 15:14:00+05:30,64.2,66.1,63.35,65.9,70655,1729715,14.576718,23165.8,22950.0,22900,ATM-4,PUT,23100,2026-06-11
2026-06-11 15:15:00+05:30,66.2,68.4,65.55,65.55,150670,1703260,14.556545,23166.4,22950.0,22900,ATM-4,PUT,23100,2026-06-11
2026-06-11 15:16:00+05:30,80.35,80.35,74.7,74.8,618475,7649005,14.447905,23180.55,23000.0,22900,ATM-4,PUT,23100,2026-06-11
2026-06-11 15:17:00+05:30,74.7,75.5,73.25,74.6,359905,7675915,14.469199,23181.9,23000.0,22900,ATM-4,PUT,23100,2026-06-11
2026-06-11 15:18:00+05:30,74.45,78.95,74.05,78.3,340080,7640295,14.833055,23181.15,23000.0,22900,ATM-4,PUT,23100,2026-06-11
2026-06-11 15:19:00+05:30,64.5,66.75,64.4,65.4,96265,1644370,14.706106,23172.0,22950.0,22900,ATM-4,PUT,23100,2026-06-11
2026-06-11 15:20:00+05:30,79.75,79.75,77.8,78.1,280410,7594210,14.72258,23178.2,23000.0,22900,ATM-4,PUT,23100,2026-06-11
2026-06-11 15:21:00+05:30,78.5,78.9,76.2,78.55,272740,7557875,14.721954,23176.65,23000.0,22900,ATM-4,PUT,23100,2026-06-11
2026-06-11 15:22:00+05:30,64.8,66.0,63.95,65.4,124605,1563120,14.64769,23169.9,22950.0,22900,ATM-4,PUT,23100,2026-06-11
2026-06-11 15:23:00+05:30,65.65,66.6,64.3,64.4,80925,1563965,14.566853,23170.9,22950.0,22900,ATM-4,PUT,23100,2026-06-11
2026-06-11 15:24:00+05:30,64.4,64.9,63.5,64.4,79235,1549405,14.64577,23173.6,22950.0,22900,ATM-4,PUT,23100,2026-06-11
2026-06-11 15:25:00+05:30,64.3,64.55,61.5,61.5,150150,1520480,14.34579,23174.4,22950.0,22900,ATM-4,PUT,23100,2026-06-11
2026-06-11 15:26:00+05:30,75.05,75.65,72.2,72.6,447590,7328100,14.104345,23176.6,23000.0,22900,ATM-4,PUT,23100,2026-06-11
2026-06-11 15:27:00+05:30,72.95,75.3,72.15,74.4,340080,7282275,14.37051,23179.1,23000.0,22900,ATM-4,PUT,23100,2026-06-11
2026-06-11 15:28:00+05:30,74.15,75.1,73.7,74.15,374920,7208240,14.374321,23180.05,23000.0,22900,ATM-4,PUT,23100,2026-06-11
2026-06-11 15:29:00+05:30,74.4,74.65,72.25,72.95,641355,7141940,14.447554,23186.55,23000.0,22900,ATM-4,PUT,23100,2026-06-11
2026-06-11 09:15:00+05:30,273.9,283.5,252.6,270.85,64480,45045,14.112633,23104.4,22950.0,22950,ATM-3,CALL,23100,2026-06-11
2026-06-11 09:16:00+05:30,267.55,270.85,247.15,247.9,47450,68835,13.331476,23082.3,22950.0,22950,ATM-3,CALL,23100,2026-06-11
2026-06-11 09:17:00+05:30,246.7,254.0,243.7,254.0,48035,87490,13.22317,23092.9,22950.0,22950,ATM-3,CALL,23100,2026-06-11
2026-06-11 09:18:00+05:30,255.55,264.3,254.0,258.9,44330,109200,13.218134,23100.1,22950.0,22950,ATM-3,CALL,23100,2026-06-11
2026-06-11 09:19:00+05:30,259.1,267.0,258.5,265.1,29510,118885,12.721519,23115.85,22950.0,22950,ATM-3,CALL,23100,2026-06-11
2026-06-11 09:20:00+05:30,233.85,240.55,229.15,240.0,368355,1968980,12.772551,23128.6,23000.0,22950,ATM-3,CALL,23100,2026-06-11
2026-06-11 09:21:00+05:30,238.85,251.4,238.85,248.55,558675,1960400,12.681172,23142.45,23000.0,22950,ATM-3,CALL,23100,2026-06-11
2026-06-11 09:22:00+05:30,248.95,251.15,242.85,248.0,250055,1844570,12.595818,23142.9,23000.0,22950,ATM-3,CALL,23100,2026-06-11
2026-06-11 09:23:00+05:30,249.95,253.85,243.25,244.95,247585,1807520,12.817933,23135.25,23000.0,22950,ATM-3,CALL,23100,2026-06-11
2026-06-11 09:24:00+05:30,278.9,281.0,267.05,267.2,25870,121485,12.874654,23116.8,22950.0,22950,ATM-3,CALL,23100,2026-06-11
2026-06-11 09:25:00+05:30,267.0,269.15,263.3,264.6,15470,130390,13.175204,23109.0,22950.0,22950,ATM-3,CALL,23100,2026-06-11
2026-06-11 09:26:00+05:30,263.05,268.3,260.35,265.95,21450,140010,13.419674,23107.5,22950.0,22950,ATM-3,CALL,23100,2026-06-11
2026-06-11 09:27:00+05:30,264.5,268.35,254.4,260.75,34580,147290,13.320337,23101.45,22950.0,22950,ATM-3,CALL,23100,2026-06-11
2026-06-11 09:28:00+05:30,260.75,270.25,260.65,269.75,27820,154635,13.084068,23117.6,22950.0,22950,ATM-3,CALL,23100,2026-06-11
2026-06-11 09:29:00+05:30,269.7,275.0,268.0,271.55,24310,162435,12.953586,23121.9,22950.0,22950,ATM-3,CALL,23100,2026-06-11
2026-06-11 09:30:00+05:30,272.15,272.3,259.05,260.45,26975,167310,12.657992,23110.35,22950.0,22950,ATM-3,CALL,23100,2026-06-11
2026-06-11 09:31:00+05:30,260.15,266.0,255.7,266.0,11830,164255,12.750609,23116.9,22950.0,22950,ATM-3,CALL,23100,2026-06-11
2026-06-11 09:32:00+05:30,268.0,273.0,261.45,261.45,22100,171665,12.4978,23113.95,22950.0,22950,ATM-3,CALL,23100,2026-06-11
2026-06-11 09:33:00+05:30,261.9,261.9,251.85,253.05,21125,170300,12.536468,23101.6,22950.0,22950,ATM-3,CALL,23100,2026-06-11
2026-06-11 09:34:00+05:30,251.85,261.4,251.85,258.5,14040,175955,12.512375,23109.65,22950.0,22950,ATM-3,CALL,23100,2026-06-11
2026-06-11 09:35:00+05:30,257.55,258.65,248.45,249.65,19305,184600,12.524472,23096.95,22950.0,22950,ATM-3,CALL,23100,2026-06-11
2026-06-11 09:36:00+05:30,249.85,259.8,249.5,259.55,15795,188500,12.423615,23112.35,22950.0,22950,ATM-3,CALL,23100,2026-06-11
2026-06-11 09:37:00+05:30,259.0,266.0,258.6,263.65,25740,188045,12.326432,23119.35,22950.0,22950,ATM-3,CALL,23100,2026-06-11
2026-06-11 09:38:00+05:30,232.2,240.3,231.3,238.0,222105,2285725,12.504441,23129.95,23000.0,22950,ATM-3,CALL,23100,2026-06-11
2026-06-11 09:39:00+05:30,237.8,243.6,237.8,240.9,212290,2255760,12.63054,23132.35,23000.0,22950,ATM-3,CALL,23100,2026-06-11
2026-06-11 09:40:00+05:30,275.3,275.3,263.15,263.15,16120,184730,12.246218,23119.75,22950.0,22950,ATM-3,CALL,23100,2026-06-11
2026-06-11 09:41:00+05:30,263.0,266.3,261.75,264.55,10140,186355,12.349489,23120.35,22950.0,22950,ATM-3,CALL,23100,2026-06-11
2026-06-11 09:42:00+05:30,264.3,266.45,258.8,261.8,9425,186680,12.08572,23120.0,22950.0,22950,ATM-3,CALL,23100,2026-06-11
2026-06-11 09:43:00+05:30,230.45,245.0,230.1,245.0,320320,2346955,12.428799,23141.3,23000.0,22950,ATM-3,CALL,23100,2026-06-11
2026-06-11 09:44:00+05:30,245.5,248.35,243.8,246.85,306865,2318875,12.409349,23144.25,23000.0,22950,ATM-3,CALL,23100,2026-06-11
2026-06-11 09:45:00+05:30,246.85,251.5,240.8,246.8,314015,2285920,12.306126,23145.65,23000.0,22950,ATM-3,CALL,23100,2026-06-11
2026-06-11 09:46:00+05:30,246.75,251.6,243.75,251.05,146120,2243540,12.105568,23154.45,23000.0,22950,ATM-3,CALL,23100,2026-06-11
2026-06-11 09:47:00+05:30,251.75,251.85,246.0,246.3,153725,2281175,11.964901,23149.7,23000.0,22950,ATM-3,CALL,23100,2026-06-11
2026-06-11 09:48:00+05:30,248.55,248.55,240.4,240.4,100490,2275650,11.954351,23141.5,23000.0,22950,ATM-3,CALL,23100,2026-06-11
2026-06-11 09:49:00+05:30,241.5,250.0,240.4,249.0,120965,2291380,11.981406,23153.3,23000.0,22950,ATM-3,CALL,23100,2026-06-11
2026-06-11 09:50:00+05:30,249.95,260.0,243.45,259.0,302770,2304900,12.308315,23162.9,23000.0,22950,ATM-3,CALL,23100,2026-06-11
2026-06-11 09:51:00+05:30,256.2,262.1,255.0,260.85,358410,2200250,12.155458,23167.5,23000.0,22950,ATM-3,CALL,23100,2026-06-11
2026-06-11 09:52:00+05:30,260.35,262.3,255.5,260.25,222495,2189070,11.836816,23170.8,23000.0,22950,ATM-3,CALL,23100,2026-06-11
2026-06-11 09:53:00+05:30,261.9,264.05,258.4,261.3,153205,2140645,11.832491,23172.3,23000.0,22950,ATM-3,CALL,23100,2026-06-11
2026-06-11 09:54:00+05:30,261.6,261.6,250.15,251.2,174330,2143635,12.283519,23152.35,23000.0,22950,ATM-3,CALL,23100,2026-06-11
2026-06-11 09:55:00+05:30,250.45,252.9,242.15,244.2,180895,2138500,12.322567,23141.85,23000.0,22950,ATM-3,CALL,23100,2026-06-11
2026-06-11 09:56:00+05:30,243.4,250.05,242.05,242.05,147355,2164045,12.201355,23140.5,23000.0,22950,ATM-3,CALL,23100,2026-06-11
2026-06-11 09:57:00+05:30,240.9,242.75,235.0,236.45,213850,2195505,12.289473,23131.15,23000.0,22950,ATM-3,CALL,23100,2026-06-11
2026-06-11 09:58:00+05:30,267.3,268.8,258.6,258.75,20085,176020,12.187287,23114.7,22950.0,22950,ATM-3,CALL,23100,2026-06-11
2026-06-11 09:59:00+05:30,258.6,264.5,255.95,259.05,27430,191100,11.997603,23117.6,22950.0,22950,ATM-3,CALL,23100,2026-06-11
2026-06-11 10:00:00+05:30,226.65,236.6,226.4,234.15,178165,2296255,12.128322,23130.2,23000.0,22950,ATM-3,CALL,23100,2026-06-11
2026-06-11 10:01:00+05:30,236.0,238.15,234.15,236.15,173420,2326870,12.171053,23132.5,23000.0,22950,ATM-3,CALL,23100,2026-06-11
2026-06-11 10:02:00+05:30,268.3,268.3,261.0,263.0,10595,208455,12.009585,23122.9,22950.0,22950,ATM-3,CALL,23100,2026-06-11
2026-06-11 10:03:00+05:30,262.75,269.3,257.8,261.5,10725,209625,12.01064,23120.85,22950.0,22950,ATM-3,CALL,23100,2026-06-11
2026-06-11 10:04:00+05:30,261.0,263.1,253.2,253.2,21450,210145,12.075703,23108.55,22950.0,22950,ATM-3,CALL,23100,2026-06-11
2026-06-11 10:05:00+05:30,253.5,258.05,248.75,257.0,43875,214175,12.211669,23112.05,22950.0,22950,ATM-3,CALL,23100,2026-06-11
2026-06-11 10:06:00+05:30,225.05,239.3,224.0,236.95,317980,2403310,11.921639,23137.3,23000.0,22950,ATM-3,CALL,23100,2026-06-11
2026-06-11 10:07:00+05:30,237.4,247.05,235.1,244.85,274885,2376140,11.975819,23147.8,23000.0,22950,ATM-3,CALL,23100,2026-06-11
2026-06-11 10:08:00+05:30,244.95,254.0,243.15,253.05,274365,2349750,12.15579,23156.9,23000.0,22950,ATM-3,CALL,23100,2026-06-11
2026-06-11 10:09:00+05:30,254.75,257.35,250.0,250.0,236795,2259855,11.834786,23156.95,23000.0,22950,ATM-3,CALL,23100,2026-06-11
2026-06-11 10:10:00+05:30,249.0,256.85,249.0,251.95,150280,2222610,11.9385,23158.3,23000.0,22950,ATM-3,CALL,23100,2026-06-11
2026-06-11 10:11:00+05:30,251.55,257.75,251.25,256.85,116155,2228785,12.098713,23163.0,23000.0,22950,ATM-3,CALL,23100,2026-06-11
2026-06-11 10:12:00+05:30,256.6,257.75,249.75,251.2,92625,2185755,11.986102,23156.65,23000.0,22950,ATM-3,CALL,23100,2026-06-11
2026-06-11 10:13:00+05:30,250.85,255.6,250.7,253.8,71500,2179255,12.026391,23159.75,23000.0,22950,ATM-3,CALL,23100,2026-06-11
2026-06-11 10:14:00+05:30,254.1,257.0,243.65,244.85,173290,2159625,12.005209,23147.5,23000.0,22950,ATM-3,CALL,23100,2026-06-11
2026-06-11 10:15:00+05:30,246.4,254.0,244.85,252.7,105755,2214355,12.05245,23157.9,23000.0,22950,ATM-3,CALL,23100,2026-06-11
2026-06-11 10:16:00+05:30,252.05,260.7,252.05,257.0,169780,2212860,11.971224,23164.95,23000.0,22950,ATM-3,CALL,23100,2026-06-11
2026-06-11 10:17:00+05:30,256.75,263.05,255.4,262.4,133315,2195115,12.221735,23169.15,23000.0,22950,ATM-3,CALL,23100,2026-06-11
2026-06-11 10:18:00+05:30,261.3,266.8,256.4,265.5,134940,2173145,12.254929,23173.0,23000.0,22950,ATM-3,CALL,23100,2026-06-11
2026-06-11 10:19:00+05:30,231.75,238.3,230.95,238.3,143845,842595,12.328995,23183.15,23050.0,22950,ATM-3,CALL,23100,2026-06-11
2026-06-11 10:20:00+05:30,237.75,245.25,233.65,243.1,159900,808860,12.319242,23190.25,23050.0,22950,ATM-3,CALL,23100,2026-06-11
2026-06-11 10:21:00+05:30,242.2,243.1,233.55,233.85,135070,777400,11.954824,23182.15,23050.0,22950,ATM-3,CALL,23100,2026-06-11
2026-06-11 10:22:00+05:30,236.35,237.55,232.3,234.05,59215,773500,12.131104,23179.9,23050.0,22950,ATM-3,CALL,23100,2026-06-11
2026-06-11 10:23:00+05:30,234.2,239.05,233.9,237.0,51155,755105,12.313296,23181.55,23050.0,22950,ATM-3,CALL,23100,2026-06-11
2026-06-11 10:24:00+05:30,235.9,237.0,231.3,233.95,32045,760045,12.133552,23179.75,23050.0,22950,ATM-3,CALL,23100,2026-06-11
2026-06-11 10:25:00+05:30,235.3,235.65,231.45,232.0,25155,759655,11.967376,23179.35,23050.0,22950,ATM-3,CALL,23100,2026-06-11
2026-06-11 10:26:00+05:30,233.3,244.35,232.0,243.25,55120,752180,12.136145,23193.15,23050.0,22950,ATM-3,CALL,23100,2026-06-11
2026-06-11 10:27:00+05:30,244.05,255.0,242.45,254.65,158145,741910,12.258983,23207.6,23050.0,22950,ATM-3,CALL,23100,2026-06-11
2026-06-11 10:28:00+05:30,254.8,256.25,243.75,247.65,88855,709280,12.13854,23199.4,23050.0,22950,ATM-3,CALL,23100,2026-06-11
2026-06-11 10:29:00+05:30,247.9,252.35,246.15,248.2,95225,708890,12.188805,23199.5,23050.0,22950,ATM-3,CALL,23100,2026-06-11
2026-06-11 10:30:00+05:30,249.05,253.95,237.75,240.1,86320,767260,12.122078,23188.9,23050.0,22950,ATM-3,CALL,23100,2026-06-11
2026-06-11 10:31:00+05:30,240.3,247.0,236.7,246.05,56485,752115,11.995508,23199.15,23050.0,22950,ATM-3,CALL,23100,2026-06-11
2026-06-11 10:32:00+05:30,244.75,252.2,242.85,249.5,41470,757705,11.996685,23204.0,23050.0,22950,ATM-3,CALL,23100,2026-06-11
2026-06-11 10:33:00+05:30,247.1,249.5,242.55,248.15,25870,760825,12.227823,23198.95,23050.0,22950,ATM-3,CALL,23100,2026-06-11
2026-06-11 10:34:00+05:30,246.4,248.15,244.15,245.8,12025,760630,11.851786,23200.8,23050.0,22950,ATM-3,CALL,23100,2026-06-11
2026-06-11 10:35:00+05:30,246.8,252.5,245.8,246.95,29900,760890,11.927726,23201.4,23050.0,22950,ATM-3,CALL,23100,2026-06-11
2026-06-11 10:36:00+05:30,246.15,246.95,240.45,244.25,36075,756925,12.030256,23196.2,23050.0,22950,ATM-3,CALL,23100,2026-06-11
2026-06-11 10:37:00+05:30,244.15,246.85,239.0,241.8,24700,754650,12.089639,23191.9,23050.0,22950,ATM-3,CALL,23100,2026-06-11
2026-06-11 10:38:00+05:30,243.55,247.15,241.8,246.7,16640,752310,12.073634,23199.1,23050.0,22950,ATM-3,CALL,23100,2026-06-11
2026-06-11 10:39:00+05:30,249.45,254.3,246.7,252.75,38220,750750,12.085901,23207.45,23050.0,22950,ATM-3,CALL,23100,2026-06-11
2026-06-11 10:40:00+05:30,252.35,257.1,249.2,254.75,76570,751920,11.92333,23212.4,23050.0,22950,ATM-3,CALL,23100,2026-06-11
2026-06-11 10:41:00+05:30,254.25,256.0,247.2,247.2,44915,743535,11.808083,23203.45,23050.0,22950,ATM-3,CALL,23100,2026-06-11
2026-06-11 10:42:00+05:30,248.35,250.45,245.25,250.35,34060,741130,11.958423,23205.85,23050.0,22950,ATM-3,CALL,23100,2026-06-11
2026-06-11 10:43:00+05:30,250.9,252.15,246.65,247.2,18720,740740,11.910599,23202.1,23050.0,22950,ATM-3,CALL,23100,2026-06-11
2026-06-11 10:44:00+05:30,247.4,250.8,244.5,249.8,35685,736710,11.977843,23204.85,23050.0,22950,ATM-3,CALL,23100,2026-06-11
2026-06-11 10:45:00+05:30,249.15,250.0,243.0,249.85,22815,745940,12.002712,23204.6,23050.0,22950,ATM-3,CALL,23100,2026-06-11
2026-06-11 10:46:00+05:30,249.65,254.0,247.75,248.35,24050,743405,11.696856,23206.6,23050.0,22950,ATM-3,CALL,23100,2026-06-11
2026-06-11 10:47:00+05:30,249.2,253.4,247.75,252.85,26780,744185,11.886825,23210.35,23050.0,22950,ATM-3,CALL,23100,2026-06-11
2026-06-11 10:48:00+05:30,253.95,255.5,245.6,248.75,24700,741195,11.808989,23205.7,23050.0,22950,ATM-3,CALL,23100,2026-06-11
2026-06-11 10:49:00+05:30,249.8,250.05,241.7,241.7,29380,738790,11.959954,23193.75,23050.0,22950,ATM-3,CALL,23100,2026-06-11
2026-06-11 10:50:00+05:30,242.05,242.05,236.0,237.05,67405,734760,12.011198,23186.4,23050.0,22950,ATM-3,CALL,23100,2026-06-11
2026-06-11 10:51:00+05:30,237.65,247.0,237.05,241.2,38220,747370,12.178592,23190.0,23050.0,22950,ATM-3,CALL,23100,2026-06-11
2026-06-11 10:52:00+05:30,240.85,245.2,239.75,240.4,13975,751140,12.235902,23188.05,23050.0,22950,ATM-3,CALL,23100,2026-06-11
2026-06-11 10:53:00+05:30,273.45,273.55,263.55,266.2,95875,1890135,12.220776,23174.9,23000.0,22950,ATM-3,CALL,23100,2026-06-11
2026-06-11 10:54:00+05:30,264.35,267.9,261.95,265.9,88400,1885325,12.205399,23174.7,23000.0,22950,ATM-3,CALL,23100,2026-06-11
2026-06-11 10:55:00+05:30,265.0,266.65,260.5,264.9,62400,1889810,12.216741,23173.2,23000.0,22950,ATM-3,CALL,23100,2026-06-11
2026-06-11 10:56:00+05:30,230.0,236.75,229.65,235.1,23465,751140,12.279277,23179.8,23050.0,22950,ATM-3,CALL,23100,2026-06-11
2026-06-11 10:57:00+05:30,234.85,235.55,230.65,233.0,17355,757575,12.241552,23177.3,23050.0,22950,ATM-3,CALL,23100,2026-06-11
2026-06-11 10:58:00+05:30,231.65,235.0,229.55,229.55,10920,759525,12.01154,23175.65,23050.0,22950,ATM-3,CALL,23100,2026-06-11
2026-06-11 10:59:00+05:30,229.85,234.9,226.55,233.9,13845,760045,12.383804,23176.55,23050.0,22950,ATM-3,CALL,23100,2026-06-11
2026-06-11 11:00:00+05:30,266.2,269.15,258.3,260.1,52975,1903850,12.001357,23169.45,23000.0,22950,ATM-3,CALL,23100,2026-06-11
2026-06-11 11:01:00+05:30,259.5,264.65,256.35,258.0,209365,1920620,11.957121,23167.15,23000.0,22950,ATM-3,CALL,23100,2026-06-11
2026-06-11 11:02:00+05:30,260.0,262.0,257.65,260.15,53950,1913925,12.129237,23167.9,23000.0,22950,ATM-3,CALL,23100,2026-06-11
2026-06-11 11:03:00+05:30,225.9,235.05,224.15,235.05,21905,757640,12.237388,23180.45,23050.0,22950,ATM-3,CALL,23100,2026-06-11
2026-06-11 11:04:00+05:30,235.8,238.8,232.55,234.5,85930,769275,12.10421,23181.6,23050.0,22950,ATM-3,CALL,23100,2026-06-11
2026-06-11 11:05:00+05:30,235.35,247.65,234.5,247.0,80015,755950,12.082939,23199.8,23050.0,22950,ATM-3,CALL,23100,2026-06-11
2026-06-11 11:06:00+05:30,247.0,250.0,241.15,248.85,54600,753480,11.95128,23204.2,23050.0,22950,ATM-3,CALL,23100,2026-06-11
2026-06-11 11:07:00+05:30,249.1,251.85,237.9,238.8,84370,768365,11.948511,23190.05,23050.0,22950,ATM-3,CALL,23100,2026-06-11
2026-06-11 11:08:00+05:30,238.7,245.0,235.95,241.2,34385,770770,11.853127,23194.8,23050.0,22950,ATM-3,CALL,23100,2026-06-11
2026-06-11 11:09:00+05:30,240.9,241.2,232.25,239.4,32630,774215,11.759867,23193.55,23050.0,22950,ATM-3,CALL,23100,2026-06-11
2026-06-11 11:10:00+05:30,239.95,240.95,235.2,240.95,25025,775190,12.067381,23191.5,23050.0,22950,ATM-3,CALL,23100,2026-06-11
2026-06-11 11:11:00+05:30,238.65,241.75,236.9,238.25,23920,777660,11.957395,23189.2,23050.0,22950,ATM-3,CALL,23100,2026-06-11
2026-06-11 11:12:00+05:30,237.8,239.45,234.8,238.15,11440,777205,12.103982,23187.0,23050.0,22950,ATM-3,CALL,23100,2026-06-11
2026-06-11 11:13:00+05:30,237.1,240.8,235.65,237.8,33085,772395,12.192245,23185.25,23050.0,22950,ATM-3,CALL,23100,2026-06-11
2026-06-11 11:14:00+05:30,237.55,240.0,233.75,235.7,12935,770315,12.12462,23183.2,23050.0,22950,ATM-3,CALL,23100,2026-06-11
2026-06-11 11:15:00+05:30,236.2,240.6,234.1,239.9,18915,769145,12.196389,23188.25,23050.0,22950,ATM-3,CALL,23100,2026-06-11
2026-06-11 11:16:00+05:30,238.4,240.0,235.1,239.55,14495,773500,12.077253,23189.45,23050.0,22950,ATM-3,CALL,23100,2026-06-11
2026-06-11 11:17:00+05:30,237.75,242.75,236.15,240.55,17225,773305,11.857715,23193.95,23050.0,22950,ATM-3,CALL,23100,2026-06-11
2026-06-11 11:18:00+05:30,241.35,250.4,239.8,248.7,41405,769860,11.877672,23205.15,23050.0,22950,ATM-3,CALL,23100,2026-06-11
2026-06-11 11:19:00+05:30,249.7,251.9,245.4,247.1,43160,766350,11.8388,23203.45,23050.0,22950,ATM-3,CALL,23100,2026-06-11
2026-06-11 11:20:00+05:30,246.75,255.0,244.0,253.9,50310,769145,11.865755,23212.55,23050.0,22950,ATM-3,CALL,23100,2026-06-11
2026-06-11 11:21:00+05:30,254.4,262.1,253.35,260.85,80470,750685,12.006826,23220.3,23050.0,22950,ATM-3,CALL,23100,2026-06-11
2026-06-11 11:22:00+05:30,260.75,261.8,255.5,256.15,39130,746525,11.987458,23214.1,23050.0,22950,ATM-3,CALL,23100,2026-06-11
2026-06-11 11:23:00+05:30,255.75,260.9,252.5,253.5,56225,741585,11.788014,23213.05,23050.0,22950,ATM-3,CALL,23100,2026-06-11
2026-06-11 11:24:00+05:30,254.25,259.15,251.5,257.05,25415,736450,11.743552,23218.5,23050.0,22950,ATM-3,CALL,23100,2026-06-11
2026-06-11 11:25:00+05:30,259.85,261.65,256.8,258.2,36400,736125,12.077564,23215.8,23050.0,22950,ATM-3,CALL,23100,2026-06-11
2026-06-11 11:26:00+05:30,225.15,235.8,224.9,235.1,417820,3442400,12.368693,23228.5,23100.0,22950,ATM-3,CALL,23100,2026-06-11
2026-06-11 11:27:00+05:30,238.0,243.05,235.1,241.95,548210,3327675,12.670378,23234.1,23100.0,22950,ATM-3,CALL,23100,2026-06-11
2026-06-11 11:28:00+05:30,242.75,243.6,238.05,240.1,269880,3261180,12.352652,23236.05,23100.0,22950,ATM-3,CALL,23100,2026-06-11
2026-06-11 11:29:00+05:30,240.5,242.9,235.7,242.15,170625,3237390,12.600313,23235.45,23100.0,22950,ATM-3,CALL,23100,2026-06-11
2026-06-11 11:30:00+05:30,242.15,247.85,239.7,240.05,413270,3202355,12.339424,23236.2,23100.0,22950,ATM-3,CALL,23100,2026-06-11
2026-06-11 11:31:00+05:30,241.5,243.6,233.15,235.5,187785,3149380,12.561948,23226.3,23100.0,22950,ATM-3,CALL,23100,2026-06-11
2026-06-11 11:32:00+05:30,235.75,235.75,231.2,233.65,100490,3144830,12.390181,23226.15,23100.0,22950,ATM-3,CALL,23100,2026-06-11
2026-06-11 11:33:00+05:30,234.9,242.2,233.65,237.75,132600,3137680,12.295329,23233.55,23100.0,22950,ATM-3,CALL,23100,2026-06-11
2026-06-11 11:34:00+05:30,238.9,238.9,231.9,232.0,83915,3139110,12.215182,23226.35,23100.0,22950,ATM-3,CALL,23100,2026-06-11
2026-06-11 11:35:00+05:30,233.0,238.4,229.2,238.05,127725,3123315,12.272309,23234.35,23100.0,22950,ATM-3,CALL,23100,2026-06-11
2026-06-11 11:36:00+05:30,271.45,272.6,261.6,262.2,18395,716560,12.062575,23221.65,23050.0,22950,ATM-3,CALL,23100,2026-06-11
2026-06-11 11:37:00+05:30,265.0,265.1,261.7,261.7,15535,719420,12.289277,23218.05,23050.0,22950,ATM-3,CALL,23100,2026-06-11
2026-06-11 11:38:00+05:30,261.6,262.85,256.9,256.9,19630,719225,11.992447,23215.3,23050.0,22950,ATM-3,CALL,23100,2026-06-11
2026-06-11 11:39:00+05:30,256.75,263.35,254.15,262.9,57200,714480,12.038999,23222.95,23050.0,22950,ATM-3,CALL,23100,2026-06-11
2026-06-11 11:40:00+05:30,262.35,265.65,259.55,262.3,17680,714870,11.967577,23223.05,23050.0,22950,ATM-3,CALL,23100,2026-06-11
2026-06-11 11:41:00+05:30,227.0,235.0,226.7,233.85,99840,3109405,12.137434,23230.3,23100.0,22950,ATM-3,CALL,23100,2026-06-11
2026-06-11 11:42:00+05:30,233.85,247.95,232.55,247.0,282035,3104725,12.465687,23244.6,23100.0,22950,ATM-3,CALL,23100,2026-06-11
2026-06-11 11:43:00+05:30,245.75,247.0,241.35,243.1,172380,3078920,12.286891,23241.55,23100.0,22950,ATM-3,CALL,23100,2026-06-11
2026-06-11 11:44:00+05:30,242.4,254.0,242.4,253.25,249665,3028155,12.453764,23253.7,23100.0,22950,ATM-3,CALL,23100,2026-06-11
2026-06-11 11:45:00+05:30,254.05,257.95,251.5,253.2,345995,2960035,12.424267,23254.05,23100.0,22950,ATM-3,CALL,23100,2026-06-11
2026-06-11 11:46:00+05:30,253.4,257.05,252.05,257.05,111540,2953015,12.54853,23257.8,23100.0,22950,ATM-3,CALL,23100,2026-06-11
2026-06-11 11:47:00+05:30,258.0,269.7,254.2,269.0,345995,2921490,12.947452,23269.2,23100.0,22950,ATM-3,CALL,23100,2026-06-11
2026-06-11 11:48:00+05:30,270.3,271.25,261.25,264.9,266045,2851355,12.583789,23268.35,23100.0,22950,ATM-3,CALL,23100,2026-06-11
2026-06-11 11:49:00+05:30,264.25,264.9,258.0,261.9,132990,2832635,12.507544,23265.2,23100.0,22950,ATM-3,CALL,23100,2026-06-11
2026-06-11 11:50:00+05:30,262.25,267.7,261.9,266.7,114075,2824120,12.359735,23273.8,23100.0,22950,ATM-3,CALL,23100,2026-06-11
2026-06-11 11:51:00+05:30,267.75,268.85,263.6,263.6,149370,2818205,12.408722,23268.9,23100.0,22950,ATM-3,CALL,23100,2026-06-11
2026-06-11 11:52:00+05:30,263.2,266.7,260.6,266.45,137865,2778555,12.618928,23270.1,23100.0,22950,ATM-3,CALL,23100,2026-06-11
2026-06-11 11:53:00+05:30,265.6,267.25,263.5,265.85,64415,2760225,12.249078,23274.1,23100.0,22950,ATM-3,CALL,23100,2026-06-11
2026-06-11 11:54:00+05:30,267.0,271.55,263.9,265.2,125450,2747810,12.270307,23272.95,23100.0,22950,ATM-3,CALL,23100,2026-06-11
2026-06-11 11:55:00+05:30,266.1,271.0,265.2,265.6,74685,2751385,12.248005,23273.8,23100.0,22950,ATM-3,CALL,23100,2026-06-11
2026-06-11 11:56:00+05:30,233.4,248.45,230.1,246.4,187070,1891565,13.030742,23285.3,23150.0,22950,ATM-3,CALL,23100,2026-06-11
2026-06-11 11:57:00+05:30,245.8,246.4,240.95,244.35,117910,1876875,12.852261,23284.95,23150.0,22950,ATM-3,CALL,23100,2026-06-11
2026-06-11 11:58:00+05:30,244.85,250.75,243.3,245.3,142155,1865630,12.539456,23290.9,23150.0,22950,ATM-3,CALL,23100,2026-06-11
2026-06-11 11:59:00+05:30,244.9,245.3,238.4,239.1,74945,1863030,12.454583,23283.15,23150.0,22950,ATM-3,CALL,23100,2026-06-11
2026-06-11 12:00:00+05:30,242.8,245.95,239.1,240.05,55445,1857765,12.454553,23284.55,23150.0,22950,ATM-3,CALL,23100,2026-06-11
2026-06-11 12:01:00+05:30,239.5,246.6,239.5,244.2,51415,1858480,12.595426,23288.55,23150.0,22950,ATM-3,CALL,23100,2026-06-11
2026-06-11 12:02:00+05:30,244.65,245.65,241.1,242.05,32565,1856855,12.577662,23285.7,23150.0,22950,ATM-3,CALL,23100,2026-06-11
2026-06-11 12:03:00+05:30,241.95,247.85,241.0,244.75,36075,1861665,12.552358,23290.0,23150.0,22950,ATM-3,CALL,23100,2026-06-11
2026-06-11 12:04:00+05:30,244.8,245.25,240.5,241.1,29900,1862055,12.415828,23286.7,23150.0,22950,ATM-3,CALL,23100,2026-06-11
2026-06-11 12:05:00+05:30,241.6,243.95,233.3,235.95,120510,1831960,12.283739,23281.15,23150.0,22950,ATM-3,CALL,23100,2026-06-11
2026-06-11 12:06:00+05:30,237.4,240.65,234.95,239.9,42510,1833910,12.613556,23282.1,23150.0,22950,ATM-3,CALL,23100,2026-06-11
2026-06-11 12:07:00+05:30,241.15,247.75,239.9,247.0,85215,1829620,12.761883,23290.3,23150.0,22950,ATM-3,CALL,23100,2026-06-11
2026-06-11 12:08:00+05:30,247.0,247.9,239.1,241.95,43030,1821625,12.642827,23284.7,23150.0,22950,ATM-3,CALL,23100,2026-06-11
2026-06-11 12:09:00+05:30,242.4,243.05,239.05,239.5,21970,1828320,12.4987,23283.25,23150.0,22950,ATM-3,CALL,23100,2026-06-11
2026-06-11 12:10:00+05:30,238.95,240.1,235.5,237.85,43355,1822600,12.644311,23278.7,23150.0,22950,ATM-3,CALL,23100,2026-06-11
2026-06-11 12:11:00+05:30,237.85,239.05,232.6,234.8,56420,1810380,12.420745,23277.55,23150.0,22950,ATM-3,CALL,23100,2026-06-11
2026-06-11 12:12:00+05:30,237.5,238.75,233.4,238.5,19890,1810770,12.402145,23283.25,23150.0,22950,ATM-3,CALL,23100,2026-06-11
2026-06-11 12:13:00+05:30,240.05,242.1,236.0,240.35,33540,1806155,12.367783,23286.45,23150.0,22950,ATM-3,CALL,23100,2026-06-11
2026-06-11 12:14:00+05:30,239.8,242.75,236.25,242.75,25480,1806935,12.533643,23287.55,23150.0,22950,ATM-3,CALL,23100,2026-06-11
2026-06-11 12:15:00+05:30,242.35,255.6,242.35,253.15,188110,1776840,12.633582,23301.1,23150.0,22950,ATM-3,CALL,23100,2026-06-11
2026-06-11 12:16:00+05:30,253.15,256.6,245.5,254.9,97825,1766830,12.576248,23304.4,23150.0,22950,ATM-3,CALL,23100,2026-06-11
2026-06-11 12:17:00+05:30,255.5,258.8,247.5,248.35,90285,1753375,12.39293,23297.65,23150.0,22950,ATM-3,CALL,23100,2026-06-11
2026-06-11 12:18:00+05:30,247.95,249.3,244.75,246.55,32760,1747135,12.449298,23294.3,23150.0,22950,ATM-3,CALL,23100,2026-06-11
2026-06-11 12:19:00+05:30,247.0,247.2,241.0,241.5,42510,1749670,12.277332,23289.5,23150.0,22950,ATM-3,CALL,23100,2026-06-11
2026-06-11 12:20:00+05:30,241.75,244.35,237.05,238.15,55705,1735175,12.327717,23283.95,23150.0,22950,ATM-3,CALL,23100,2026-06-11
2026-06-11 12:21:00+05:30,237.9,241.05,236.0,239.4,38870,1731275,12.505432,23283.2,23150.0,22950,ATM-3,CALL,23100,2026-06-11
2026-06-11 12:22:00+05:30,240.0,244.0,239.1,242.55,26520,1731795,12.536318,23287.35,23150.0,22950,ATM-3,CALL,23100,2026-06-11
2026-06-11 12:23:00+05:30,242.65,247.65,240.15,246.45,41730,1726140,12.511801,23293.35,23150.0,22950,ATM-3,CALL,23100,2026-06-11
2026-06-11 12:24:00+05:30,246.3,246.45,242.15,246.25,26910,1730495,12.604916,23291.75,23150.0,22950,ATM-3,CALL,23100,2026-06-11
2026-06-11 12:25:00+05:30,246.05,246.75,240.0,242.8,25220,1729910,12.471111,23288.7,23150.0,22950,ATM-3,CALL,23100,2026-06-11
2026-06-11 12:26:00+05:30,242.75,250.1,242.75,244.15,36595,1728285,12.331382,23292.65,23150.0,22950,ATM-3,CALL,23100,2026-06-11
2026-06-11 12:27:00+05:30,244.5,247.5,243.85,246.05,17875,1729975,12.510973,23292.85,23150.0,22950,ATM-3,CALL,23100,2026-06-11
2026-06-11 12:28:00+05:30,246.55,252.8,243.15,250.4,34580,1729975,12.38836,23300.8,23150.0,22950,ATM-3,CALL,23100,2026-06-11
2026-06-11 12:29:00+05:30,250.0,252.3,247.05,248.5,40690,1730820,12.425221,23297.6,23150.0,22950,ATM-3,CALL,23100,2026-06-11
2026-06-11 12:30:00+05:30,248.8,260.95,248.5,257.5,135395,1734525,12.746861,23305.95,23150.0,22950,ATM-3,CALL,23100,2026-06-11
2026-06-11 12:31:00+05:30,256.5,265.95,254.0,264.0,110760,1704430,12.682406,23316.0,23150.0,22950,ATM-3,CALL,23100,2026-06-11
2026-06-11 12:32:00+05:30,264.7,269.6,262.85,267.85,115505,1684540,12.779012,23320.1,23150.0,22950,ATM-3,CALL,23100,2026-06-11
2026-06-11 12:33:00+05:30,267.65,267.85,262.65,265.4,40300,1660555,12.826822,23316.05,23150.0,22950,ATM-3,CALL,23100,2026-06-11
2026-06-11 12:34:00+05:30,266.2,266.95,262.0,266.85,31070,1658605,12.528175,23322.05,23150.0,22950,ATM-3,CALL,23100,2026-06-11
2026-06-11 12:35:00+05:30,268.0,271.15,254.5,259.25,119080,1649310,12.403823,23313.15,23150.0,22950,ATM-3,CALL,23100,2026-06-11
2026-06-11 12:36:00+05:30,260.0,261.6,255.05,257.75,24440,1628055,12.644996,23307.8,23150.0,22950,ATM-3,CALL,23100,2026-06-11
2026-06-11 12:37:00+05:30,259.05,259.05,250.5,251.65,36400,1630850,13.068848,23293.1,23150.0,22950,ATM-3,CALL,23100,2026-06-11
2026-06-11 12:38:00+05:30,252.75,254.0,246.5,248.25,37765,1630265,12.689623,23293.65,23150.0,22950,ATM-3,CALL,23100,2026-06-11
2026-06-11 12:39:00+05:30,247.65,255.3,247.65,255.05,28600,1622010,13.097356,23297.65,23150.0,22950,ATM-3,CALL,23100,2026-06-11
2026-06-11 12:40:00+05:30,255.5,255.5,250.8,252.55,14560,1631045,12.828285,23297.9,23150.0,22950,ATM-3,CALL,23100,2026-06-11
2026-06-11 12:41:00+05:30,252.7,255.0,249.2,250.8,22750,1632410,12.845551,23295.15,23150.0,22950,ATM-3,CALL,23100,2026-06-11
2026-06-11 12:42:00+05:30,250.25,253.75,246.9,251.0,24895,1635985,12.768643,23296.55,23150.0,22950,ATM-3,CALL,23100,2026-06-11
2026-06-11 12:43:00+05:30,250.2,253.5,244.15,250.25,129220,1640340,12.907428,23293.5,23150.0,22950,ATM-3,CALL,23100,2026-06-11
2026-06-11 12:44:00+05:30,249.6,254.35,248.65,252.7,15990,1729910,12.97432,23296.1,23150.0,22950,ATM-3,CALL,23100,2026-06-11
2026-06-11 12:45:00+05:30,252.6,253.0,248.95,252.45,14235,1730235,13.023409,23295.05,23150.0,22950,ATM-3,CALL,23100,2026-06-11
2026-06-11 12:46:00+05:30,252.55,260.85,252.45,258.7,47645,1727960,13.211612,23301.4,23150.0,22950,ATM-3,CALL,23100,2026-06-11
2026-06-11 12:47:00+05:30,257.7,260.6,250.1,252.1,39780,1728285,13.115131,23293.25,23150.0,22950,ATM-3,CALL,23100,2026-06-11
2026-06-11 12:48:00+05:30,252.8,252.9,245.15,246.95,31460,1732445,13.090595,23286.1,23150.0,22950,ATM-3,CALL,23100,2026-06-11
2026-06-11 12:49:00+05:30,245.5,248.5,236.45,238.6,67210,1727570,12.978521,23275.45,23150.0,22950,ATM-3,CALL,23100,2026-06-11
2026-06-11 12:50:00+05:30,238.0,245.7,238.0,244.4,72280,1712620,13.089229,23282.4,23150.0,22950,ATM-3,CALL,23100,2026-06-11
2026-06-11 12:51:00+05:30,244.85,249.9,240.45,241.35,51610,1719770,12.878914,23281.05,23150.0,22950,ATM-3,CALL,23100,2026-06-11
2026-06-11 12:52:00+05:30,242.55,243.25,239.0,240.5,20800,1717495,12.926677,23279.1,23150.0,22950,ATM-3,CALL,23100,2026-06-11
2026-06-11 12:53:00+05:30,244.15,247.2,240.5,245.35,21515,1723540,13.035398,23284.65,23150.0,22950,ATM-3,CALL,23100,2026-06-11
2026-06-11 12:54:00+05:30,244.55,246.4,243.1,246.0,3705,1731665,13.612186,23276.95,23150.0,22950,ATM-3,CALL,23100,2026-06-11
2026-06-11 12:55:00+05:30,246.0,246.0,246.0,246.0,0,1731665,13.612188,23276.95,23150.0,22950,ATM-3,CALL,23100,2026-06-11
2026-06-11 12:56:00+05:30,241.85,248.8,241.8,242.9,46215,1730690,12.910286,23282.95,23150.0,22950,ATM-3,CALL,23100,2026-06-11
2026-06-11 12:57:00+05:30,243.65,258.5,242.9,258.15,55120,1732705,13.336578,23299.0,23150.0,22950,ATM-3,CALL,23100,2026-06-11
2026-06-11 12:58:00+05:30,258.1,264.8,257.3,262.25,77610,1725620,13.416298,23303.8,23150.0,22950,ATM-3,CALL,23100,2026-06-11
2026-06-11 12:59:00+05:30,260.25,268.0,256.55,266.65,68510,1722890,13.549964,23308.25,23150.0,22950,ATM-3,CALL,23100,2026-06-11
2026-06-11 13:00:00+05:30,266.3,280.3,266.3,277.3,161330,1717755,13.4958,23324.15,23150.0,22950,ATM-3,CALL,23100,2026-06-11
2026-06-11 13:01:00+05:30,277.5,279.75,266.85,267.3,61945,1685905,13.199387,23314.1,23150.0,22950,ATM-3,CALL,23100,2026-06-11
2026-06-11 13:02:00+05:30,268.8,269.1,259.5,264.6,38155,1677715,13.451431,23306.75,23150.0,22950,ATM-3,CALL,23100,2026-06-11
2026-06-11 13:03:00+05:30,264.3,264.6,259.05,261.3,29380,1674400,13.30131,23304.15,23150.0,22950,ATM-3,CALL,23100,2026-06-11
2026-06-11 13:04:00+05:30,260.5,262.0,257.0,258.3,17420,1672905,13.178028,23301.6,23150.0,22950,ATM-3,CALL,23100,2026-06-11
2026-06-11 13:05:00+05:30,256.0,261.0,255.5,260.55,32500,1675245,13.329742,23302.7,23150.0,22950,ATM-3,CALL,23100,2026-06-11
2026-06-11 13:06:00+05:30,259.85,261.7,257.05,258.2,15275,1672320,13.177264,23301.5,23150.0,22950,ATM-3,CALL,23100,2026-06-11
2026-06-11 13:07:00+05:30,259.1,261.05,256.0,256.0,15405,1673880,13.127814,23299.05,23150.0,22950,ATM-3,CALL,23100,2026-06-11
2026-06-11 13:08:00+05:30,256.0,256.35,251.1,253.75,30940,1675115,13.397034,23291.9,23150.0,22950,ATM-3,CALL,23100,2026-06-11
2026-06-11 13:09:00+05:30,253.65,253.75,243.05,243.7,36140,1675960,13.158804,23280.65,23150.0,22950,ATM-3,CALL,23100,2026-06-11
2026-06-11 13:10:00+05:30,244.75,247.8,242.95,245.85,33215,1666925,13.248969,23282.5,23150.0,22950,ATM-3,CALL,23100,2026-06-11
2026-06-11 13:11:00+05:30,246.1,247.0,239.7,242.9,31525,1673035,13.19522,23278.95,23150.0,22950,ATM-3,CALL,23100,2026-06-11
2026-06-11 13:12:00+05:30,278.25,278.45,265.6,270.3,98930,2005445,13.311468,23267.45,23100.0,22950,ATM-3,CALL,23100,2026-06-11
2026-06-11 13:13:00+05:30,269.35,270.75,263.05,263.25,42900,1999400,13.102283,23260.35,23100.0,22950,ATM-3,CALL,23100,2026-06-11
2026-06-11 13:14:00+05:30,263.6,266.85,263.1,264.85,54730,1993680,13.332877,23259.45,23100.0,22950,ATM-3,CALL,23100,2026-06-11
2026-06-11 13:15:00+05:30,266.55,267.4,264.0,265.7,56940,1993420,13.36373,23260.25,23100.0,22950,ATM-3,CALL,23100,2026-06-11
2026-06-11 13:16:00+05:30,268.0,271.65,262.3,263.7,101465,1987310,13.520237,23255.2,23100.0,22950,ATM-3,CALL,23100,2026-06-11
2026-06-11 13:17:00+05:30,262.0,271.5,257.75,266.1,115830,1981070,13.190055,23263.25,23100.0,22950,ATM-3,CALL,23100,2026-06-11
2026-06-11 13:18:00+05:30,267.2,267.2,260.0,264.4,64675,1977560,13.695229,23253.75,23100.0,22950,ATM-3,CALL,23100,2026-06-11
2026-06-11 13:19:00+05:30,263.55,266.25,259.25,259.35,41730,1973010,13.158775,23254.1,23100.0,22950,ATM-3,CALL,23100,2026-06-11
2026-06-11 13:20:00+05:30,260.55,261.1,251.0,252.0,155090,1963780,12.672423,23250.4,23100.0,22950,ATM-3,CALL,23100,2026-06-11
2026-06-11 13:21:00+05:30,251.1,252.0,242.0,242.75,190190,1950390,12.553755,23238.8,23100.0,22950,ATM-3,CALL,23100,2026-06-11
2026-06-11 13:22:00+05:30,242.45,242.85,238.05,238.7,108940,1970605,12.86189,23228.4,23100.0,22950,ATM-3,CALL,23100,2026-06-11
2026-06-11 13:23:00+05:30,239.55,254.55,238.0,249.6,178295,1981005,12.899556,23243.8,23100.0,22950,ATM-3,CALL,23100,2026-06-11
2026-06-11 13:24:00+05:30,249.75,251.35,244.5,249.9,109200,1982500,13.242069,23239.3,23100.0,22950,ATM-3,CALL,23100,2026-06-11
2026-06-11 13:25:00+05:30,250.6,250.6,240.55,241.05,72345,1972555,12.801599,23232.8,23100.0,22950,ATM-3,CALL,23100,2026-06-11
2026-06-11 13:26:00+05:30,240.2,241.05,233.4,236.85,101465,1978535,12.903789,23225.1,23100.0,22950,ATM-3,CALL,23100,2026-06-11
2026-06-11 13:27:00+05:30,237.9,242.05,236.85,238.55,77480,1987505,12.703837,23230.6,23100.0,22950,ATM-3,CALL,23100,2026-06-11
2026-06-11 13:28:00+05:30,237.5,245.2,237.15,242.8,65390,1999140,12.904998,23233.9,23100.0,22950,ATM-3,CALL,23100,2026-06-11
2026-06-11 13:29:00+05:30,243.35,248.85,242.35,248.4,93535,1978925,12.847927,23242.9,23100.0,22950,ATM-3,CALL,23100,2026-06-11
2026-06-11 13:30:00+05:30,248.4,265.8,248.4,259.0,237380,1975415,12.890789,23257.5,23100.0,22950,ATM-3,CALL,23100,2026-06-11
2026-06-11 13:31:00+05:30,258.15,259.1,251.6,256.5,85930,1969955,12.691748,23256.7,23100.0,22950,ATM-3,CALL,23100,2026-06-11
2026-06-11 13:32:00+05:30,261.55,265.15,256.5,262.0,105950,1971060,12.815097,23262.8,23100.0,22950,ATM-3,CALL,23100,2026-06-11
2026-06-11 13:33:00+05:30,262.0,267.5,257.7,258.45,88595,1978470,12.745874,23258.75,23100.0,22950,ATM-3,CALL,23100,2026-06-11
2026-06-11 13:34:00+05:30,259.15,259.15,247.7,248.0,203320,2028910,12.760409,23243.65,23100.0,22950,ATM-3,CALL,23100,2026-06-11
2026-06-11 13:35:00+05:30,250.0,255.25,247.7,252.35,55055,2033590,12.825703,23249.0,23100.0,22950,ATM-3,CALL,23100,2026-06-11
2026-06-11 13:36:00+05:30,253.05,259.7,250.95,258.4,44330,2045095,12.923011,23256.3,23100.0,22950,ATM-3,CALL,23100,2026-06-11
2026-06-11 13:37:00+05:30,258.6,258.9,252.2,253.4,99710,2042885,12.785232,23251.1,23100.0,22950,ATM-3,CALL,23100,2026-06-11
2026-06-11 13:38:00+05:30,250.35,253.4,244.0,246.6,73905,2015715,12.71076,23242.4,23100.0,22950,ATM-3,CALL,23100,2026-06-11
2026-06-11 13:39:00+05:30,246.4,246.6,237.0,240.15,106860,2000375,12.734195,23232.7,23100.0,22950,ATM-3,CALL,23100,2026-06-11
2026-06-11 13:40:00+05:30,240.45,246.4,236.1,237.15,64545,1997710,12.430458,23232.75,23100.0,22950,ATM-3,CALL,23100,2026-06-11
2026-06-11 13:41:00+05:30,237.75,240.5,236.0,239.1,160550,2018315,12.849096,23229.5,23100.0,22950,ATM-3,CALL,23100,2026-06-11
2026-06-11 13:42:00+05:30,239.5,243.0,238.75,239.75,38285,1982500,12.901464,23229.7,23100.0,22950,ATM-3,CALL,23100,2026-06-11
2026-06-11 13:43:00+05:30,273.15,275.0,265.05,268.6,16705,556855,13.056166,23219.45,23050.0,22950,ATM-3,CALL,23100,2026-06-11
2026-06-11 13:44:00+05:30,267.8,273.0,263.2,270.4,16965,559715,12.910281,23223.9,23050.0,22950,ATM-3,CALL,23100,2026-06-11
2026-06-11 13:45:00+05:30,270.55,271.95,268.0,268.0,18135,563030,12.866769,23221.15,23050.0,22950,ATM-3,CALL,23100,2026-06-11
2026-06-11 13:46:00+05:30,233.65,241.0,229.9,240.85,84175,2003755,13.149289,23227.7,23100.0,22950,ATM-3,CALL,23100,2026-06-11
2026-06-11 13:47:00+05:30,242.05,249.0,240.85,241.8,132080,2015260,12.905016,23232.75,23100.0,22950,ATM-3,CALL,23100,2026-06-11
2026-06-11 13:48:00+05:30,242.1,247.25,240.7,241.45,63635,2016105,12.925553,23231.95,23100.0,22950,ATM-3,CALL,23100,2026-06-11
2026-06-11 13:49:00+05:30,240.9,242.85,237.4,240.25,38350,2014610,12.915351,23230.35,23100.0,22950,ATM-3,CALL,23100,2026-06-11
2026-06-11 13:50:00+05:30,275.05,275.05,270.35,270.35,12220,558350,12.88905,23224.2,23050.0,22950,ATM-3,CALL,23100,2026-06-11
2026-06-11 13:51:00+05:30,240.0,241.6,234.35,240.1,51415,2053675,13.180533,23226.2,23100.0,22950,ATM-3,CALL,23100,2026-06-11
2026-06-11 13:52:00+05:30,239.95,243.25,235.4,243.25,38610,2057315,13.243896,23229.95,23100.0,22950,ATM-3,CALL,23100,2026-06-11
2026-06-11 13:53:00+05:30,243.3,247.0,241.85,245.15,101790,2037295,13.035761,23235.85,23100.0,22950,ATM-3,CALL,23100,2026-06-11
2026-06-11 13:54:00+05:30,245.1,246.55,241.0,244.25,54860,2031380,13.038913,23234.5,23100.0,22950,ATM-3,CALL,23100,2026-06-11
2026-06-11 13:55:00+05:30,244.0,245.85,240.1,245.85,31720,2033915,13.097935,23236.0,23100.0,22950,ATM-3,CALL,23100,2026-06-11
2026-06-11 13:56:00+05:30,244.9,249.05,242.9,247.9,47385,2031900,13.009474,23240.3,23100.0,22950,ATM-3,CALL,23100,2026-06-11
2026-06-11 13:57:00+05:30,247.65,251.95,243.4,245.25,84435,2038270,12.812528,23239.3,23100.0,22950,ATM-3,CALL,23100,2026-06-11
2026-06-11 13:58:00+05:30,245.75,254.0,245.25,252.75,87490,2043470,12.960619,23248.05,23100.0,22950,ATM-3,CALL,23100,2026-06-11
2026-06-11 13:59:00+05:30,251.7,252.75,238.9,241.6,99645,2036710,12.881672,23233.0,23100.0,22950,ATM-3,CALL,23100,2026-06-11
2026-06-11 14:00:00+05:30,242.25,248.9,239.1,247.25,63570,2033135,12.955444,23240.2,23100.0,22950,ATM-3,CALL,23100,2026-06-11
2026-06-11 14:01:00+05:30,246.8,247.8,242.0,244.25,19500,2031250,12.954702,23235.85,23100.0,22950,ATM-3,CALL,23100,2026-06-11
2026-06-11 14:02:00+05:30,243.75,245.5,242.05,243.65,35100,2037880,13.103609,23232.8,23100.0,22950,ATM-3,CALL,23100,2026-06-11
2026-06-11 14:03:00+05:30,244.05,245.7,242.1,242.4,28730,2030535,12.743314,23236.25,23100.0,22950,ATM-3,CALL,23100,2026-06-11
2026-06-11 14:04:00+05:30,242.55,245.2,240.1,242.85,62270,2036580,12.782897,23236.35,23100.0,22950,ATM-3,CALL,23100,2026-06-11
2026-06-11 14:05:00+05:30,243.05,244.0,235.2,241.55,83265,2046850,12.934614,23232.25,23100.0,22950,ATM-3,CALL,23100,2026-06-11
2026-06-11 14:06:00+05:30,241.5,244.3,239.25,242.95,40690,2038140,13.034941,23232.85,23100.0,22950,ATM-3,CALL,23100,2026-06-11
2026-06-11 14:07:00+05:30,276.9,276.9,262.7,263.55,13195,544765,12.507215,23220.0,23050.0,22950,ATM-3,CALL,23100,2026-06-11
2026-06-11 14:08:00+05:30,263.35,264.6,255.0,255.9,24830,544765,12.455394,23210.05,23050.0,22950,ATM-3,CALL,23100,2026-06-11
2026-06-11 14:09:00+05:30,255.1,262.0,252.35,260.9,26390,545870,12.790983,23212.6,23050.0,22950,ATM-3,CALL,23100,2026-06-11
2026-06-11 14:10:00+05:30,260.9,267.0,258.5,260.65,13715,544375,12.61549,23214.6,23050.0,22950,ATM-3,CALL,23100,2026-06-11
2026-06-11 14:11:00+05:30,260.1,262.8,256.35,261.0,10140,545610,12.766431,23213.1,23050.0,22950,ATM-3,CALL,23100,2026-06-11
2026-06-11 14:12:00+05:30,260.1,262.2,256.8,259.6,14885,543920,12.822016,23210.4,23050.0,22950,ATM-3,CALL,23100,2026-06-11
2026-06-11 14:13:00+05:30,260.6,270.0,258.65,268.35,10400,546130,12.776052,23223.25,23050.0,22950,ATM-3,CALL,23100,2026-06-11
2026-06-11 14:14:00+05:30,270.25,272.6,264.1,265.9,15860,547040,12.781005,23219.8,23050.0,22950,ATM-3,CALL,23100,2026-06-11
2026-06-11 14:15:00+05:30,265.8,268.0,261.85,263.7,10725,548665,12.897548,23215.2,23050.0,22950,ATM-3,CALL,23100,2026-06-11
2026-06-11 14:16:00+05:30,264.55,269.25,263.7,264.0,4160,550290,12.847679,23216.3,23050.0,22950,ATM-3,CALL,23100,2026-06-11
2026-06-11 14:17:00+05:30,263.7,265.15,261.65,263.8,2990,551980,12.981323,23214.25,23050.0,22950,ATM-3,CALL,23100,2026-06-11
2026-06-11 14:18:00+05:30,263.1,263.8,255.0,255.4,10660,552955,12.56777,23208.0,23050.0,22950,ATM-3,CALL,23100,2026-06-11
2026-06-11 14:19:00+05:30,256.6,265.0,253.95,265.0,17615,553605,12.918938,23216.8,23050.0,22950,ATM-3,CALL,23100,2026-06-11
2026-06-11 14:20:00+05:30,266.3,271.25,264.15,268.6,16965,555425,12.830196,23223.0,23050.0,22950,ATM-3,CALL,23100,2026-06-11
2026-06-11 14:21:00+05:30,267.9,271.2,265.25,269.0,11700,552630,13.120767,23219.75,23050.0,22950,ATM-3,CALL,23100,2026-06-11
2026-06-11 14:22:00+05:30,267.0,271.1,265.8,268.6,5265,553410,13.06097,23220.0,23050.0,22950,ATM-3,CALL,23100,2026-06-11
2026-06-11 14:23:00+05:30,269.0,270.0,257.45,257.45,11960,553410,12.695269,23209.25,23050.0,22950,ATM-3,CALL,23100,2026-06-11
2026-06-11 14:24:00+05:30,258.45,260.15,257.0,260.0,5850,552890,13.170398,23206.4,23050.0,22950,ATM-3,CALL,23100,2026-06-11
2026-06-11 14:25:00+05:30,259.1,266.95,259.1,265.95,10465,553410,13.044678,23216.55,23050.0,22950,ATM-3,CALL,23100,2026-06-11
2026-06-11 14:26:00+05:30,232.2,238.8,230.45,238.8,66950,2162810,13.168633,23225.05,23100.0,22950,ATM-3,CALL,23100,2026-06-11
2026-06-11 14:27:00+05:30,237.0,241.75,235.7,239.0,110435,2153450,13.103169,23226.35,23100.0,22950,ATM-3,CALL,23100,2026-06-11
2026-06-11 14:28:00+05:30,242.95,255.75,239.0,255.2,293475,2111135,12.996759,23251.55,23100.0,22950,ATM-3,CALL,23100,2026-06-11
2026-06-11 14:29:00+05:30,255.0,256.1,245.9,246.4,153985,2092350,12.836555,23241.15,23100.0,22950,ATM-3,CALL,23100,2026-06-11
2026-06-11 14:30:00+05:30,245.0,249.45,238.85,249.4,166205,2084940,12.840093,23245.45,23100.0,22950,ATM-3,CALL,23100,2026-06-11
2026-06-11 14:31:00+05:30,249.0,249.4,243.7,244.95,94055,2091960,12.765215,23240.1,23100.0,22950,ATM-3,CALL,23100,2026-06-11
2026-06-11 14:32:00+05:30,243.4,247.25,240.25,247.25,82160,2097355,12.764607,23243.45,23100.0,22950,ATM-3,CALL,23100,2026-06-11
2026-06-11 14:33:00+05:30,244.5,247.25,234.6,234.6,98020,2098655,12.488073,23229.05,23100.0,22950,ATM-3,CALL,23100,2026-06-11
2026-06-11 14:34:00+05:30,234.65,239.0,233.6,237.55,88205,2078700,12.603859,23231.7,23100.0,22950,ATM-3,CALL,23100,2026-06-11
2026-06-11 14:35:00+05:30,237.1,243.7,236.95,237.55,67925,2081040,12.216908,23237.25,23100.0,22950,ATM-3,CALL,23100,2026-06-11
2026-06-11 14:36:00+05:30,273.15,275.1,260.9,261.75,13520,502645,12.859471,23213.3,23050.0,22950,ATM-3,CALL,23100,2026-06-11
2026-06-11 14:37:00+05:30,226.4,230.9,218.2,228.2,240565,2014545,12.054428,23226.05,23100.0,22950,ATM-3,CALL,23100,2026-06-11
2026-06-11 14:38:00+05:30,265.85,267.45,257.0,258.7,17160,506220,12.14657,23218.4,23050.0,22950,ATM-3,CALL,23100,2026-06-11
2026-06-11 14:39:00+05:30,258.3,258.7,246.9,255.4,39455,500825,11.893062,23217.1,23050.0,22950,ATM-3,CALL,23100,2026-06-11
2026-06-11 14:40:00+05:30,254.9,256.9,248.4,249.95,12025,501735,11.998153,23208.25,23050.0,22950,ATM-3,CALL,23100,2026-06-11
2026-06-11 14:41:00+05:30,249.3,250.75,243.35,250.4,36010,490035,11.61404,23213.8,23050.0,22950,ATM-3,CALL,23100,2026-06-11
2026-06-11 14:42:00+05:30,250.2,252.7,244.9,245.65,21190,493740,11.348855,23210.65,23050.0,22950,ATM-3,CALL,23100,2026-06-11
2026-06-11 14:43:00+05:30,246.0,249.0,234.0,234.0,30160,491010,11.140984,23197.3,23050.0,22950,ATM-3,CALL,23100,2026-06-11
2026-06-11 14:44:00+05:30,235.1,240.15,234.0,238.45,14560,494715,11.394261,23200.2,23050.0,22950,ATM-3,CALL,23100,2026-06-11
2026-06-11 14:45:00+05:30,241.15,241.15,235.6,236.9,32045,497640,11.456299,23197.25,23050.0,22950,ATM-3,CALL,23100,2026-06-11
2026-06-11 14:46:00+05:30,235.35,243.0,230.85,232.35,31265,496145,11.373203,23192.0,23050.0,22950,ATM-3,CALL,23100,2026-06-11
2026-06-11 14:47:00+05:30,264.5,265.0,248.65,249.55,234780,1546220,11.290509,23167.1,23000.0,22950,ATM-3,CALL,23100,2026-06-11
2026-06-11 14:48:00+05:30,216.75,227.75,216.35,226.75,34190,501605,11.646846,23180.35,23050.0,22950,ATM-3,CALL,23100,2026-06-11
2026-06-11 14:49:00+05:30,227.4,233.6,226.65,232.6,20865,498550,11.319862,23193.1,23050.0,22950,ATM-3,CALL,23100,2026-06-11
2026-06-11 14:50:00+05:30,265.15,266.1,253.75,253.85,69615,1514565,11.304574,23172.75,23000.0,22950,ATM-3,CALL,23100,2026-06-11
2026-06-11 14:51:00+05:30,255.15,261.05,253.55,255.0,42770,1521195,11.463756,23172.4,23000.0,22950,ATM-3,CALL,23100,2026-06-11
2026-06-11 14:52:00+05:30,255.85,257.75,251.8,252.0,33670,1530165,11.237336,23171.1,23000.0,22950,ATM-3,CALL,23100,2026-06-11
2026-06-11 14:53:00+05:30,253.65,257.25,252.0,256.85,25220,1542385,11.539735,23174.0,23000.0,22950,ATM-3,CALL,23100,2026-06-11
2026-06-11 14:54:00+05:30,255.9,256.85,252.55,253.95,32435,1548495,11.407962,23171.7,23000.0,22950,ATM-3,CALL,23100,2026-06-11
2026-06-11 14:55:00+05:30,254.55,257.4,252.6,255.05,27560,1549275,11.457197,23172.6,23000.0,22950,ATM-3,CALL,23100,2026-06-11
2026-06-11 14:56:00+05:30,256.35,256.65,251.5,251.95,21645,1553630,11.298856,23170.35,23000.0,22950,ATM-3,CALL,23100,2026-06-11
2026-06-11 14:57:00+05:30,252.45,253.4,247.9,251.6,65195,1550640,11.601518,23166.2,23000.0,22950,ATM-3,CALL,23100,2026-06-11
2026-06-11 14:58:00+05:30,250.55,254.3,250.55,253.4,37115,1554150,11.283859,23172.5,23000.0,22950,ATM-3,CALL,23100,2026-06-11
2026-06-11 14:59:00+05:30,223.0,224.55,214.8,222.0,36855,511420,11.406429,23177.05,23050.0,22950,ATM-3,CALL,23100,2026-06-11
2026-06-11 15:00:00+05:30,259.75,266.95,244.65,245.3,198575,1567865,11.881929,23154.0,23000.0,22950,ATM-3,CALL,23100,2026-06-11
2026-06-11 15:01:00+05:30,244.0,245.6,237.0,242.9,130585,1575340,11.692001,23153.15,23000.0,22950,ATM-3,CALL,23100,2026-06-11
2026-06-11 15:02:00+05:30,240.65,244.8,233.4,243.0,187200,1637415,11.259497,23158.8,23000.0,22950,ATM-3,CALL,23100,2026-06-11
2026-06-11 15:03:00+05:30,243.0,243.9,238.1,242.1,51740,1650870,11.206148,23158.25,23000.0,22950,ATM-3,CALL,23100,2026-06-11
2026-06-11 15:04:00+05:30,241.65,243.2,237.8,238.95,53495,1666795,11.893581,23145.0,23000.0,22950,ATM-3,CALL,23100,2026-06-11
2026-06-11 15:05:00+05:30,238.3,239.1,232.5,238.5,100230,1649765,11.655668,23147.55,23000.0,22950,ATM-3,CALL,23100,2026-06-11
2026-06-11 15:06:00+05:30,238.4,239.25,232.0,232.75,81510,1659515,11.664713,23139.35,23000.0,22950,ATM-3,CALL,23100,2026-06-11
2026-06-11 15:07:00+05:30,231.5,239.25,230.75,239.25,78650,1656460,11.69574,23148.1,23000.0,22950,ATM-3,CALL,23100,2026-06-11
2026-06-11 15:08:00+05:30,239.8,243.15,237.6,237.6,83915,1637155,12.382783,23136.4,23000.0,22950,ATM-3,CALL,23100,2026-06-11
2026-06-11 15:09:00+05:30,238.05,244.1,237.6,242.3,49855,1627145,12.333447,23143.85,23000.0,22950,ATM-3,CALL,23100,2026-06-11
2026-06-11 15:10:00+05:30,242.8,251.55,242.3,251.55,111345,1597310,12.719814,23151.75,23000.0,22950,ATM-3,CALL,23100,2026-06-11
2026-06-11 15:11:00+05:30,252.0,254.2,246.45,246.45,58240,1587170,12.746674,23144.1,23000.0,22950,ATM-3,CALL,23100,2026-06-11
2026-06-11 15:12:00+05:30,246.35,252.85,244.3,252.55,52975,1580475,12.840744,23151.55,23000.0,22950,ATM-3,CALL,23100,2026-06-11
2026-06-11 15:13:00+05:30,252.6,257.7,251.3,257.7,81185,1571505,12.617354,23161.85,23000.0,22950,ATM-3,CALL,23100,2026-06-11
2026-06-11 15:14:00+05:30,257.55,259.15,253.35,254.2,85280,1574040,11.936836,23165.8,23000.0,22950,ATM-3,CALL,23100,2026-06-11
2026-06-11 15:15:00+05:30,254.1,255.4,245.0,254.35,155090,1570335,11.906645,23166.4,23000.0,22950,ATM-3,CALL,23100,2026-06-11
2026-06-11 15:16:00+05:30,220.75,231.95,220.75,231.05,77935,436150,12.103703,23180.55,23050.0,22950,ATM-3,CALL,23100,2026-06-11
2026-06-11 15:17:00+05:30,231.2,233.9,230.0,231.15,42315,430885,12.019608,23181.9,23050.0,22950,ATM-3,CALL,23100,2026-06-11
2026-06-11 15:18:00+05:30,231.6,232.85,226.15,227.05,33540,429065,11.652833,23181.15,23050.0,22950,ATM-3,CALL,23100,2026-06-11
2026-06-11 15:19:00+05:30,259.8,260.35,253.85,256.0,78195,1503580,11.639691,23172.0,23000.0,22950,ATM-3,CALL,23100,2026-06-11
2026-06-11 15:20:00+05:30,223.9,227.6,223.3,225.75,72020,453960,11.732148,23178.2,23050.0,22950,ATM-3,CALL,23100,2026-06-11
2026-06-11 15:21:00+05:30,225.5,230.5,225.3,225.3,66170,463840,11.796874,23176.65,23050.0,22950,ATM-3,CALL,23100,2026-06-11
2026-06-11 15:22:00+05:30,256.5,260.5,255.2,255.2,56810,1502800,11.726258,23169.9,23000.0,22950,ATM-3,CALL,23100,2026-06-11
2026-06-11 15:23:00+05:30,255.45,260.0,252.0,259.0,56875,1495715,12.064318,23170.9,23000.0,22950,ATM-3,CALL,23100,2026-06-11
2026-06-11 15:24:00+05:30,259.4,261.6,258.0,261.0,70330,1472835,12.067665,23173.6,23000.0,22950,ATM-3,CALL,23100,2026-06-11
2026-06-11 15:25:00+05:30,260.6,267.85,260.0,267.85,98085,1463345,12.751275,23174.4,23000.0,22950,ATM-3,CALL,23100,2026-06-11
2026-06-11 15:26:00+05:30,235.1,240.7,231.85,238.45,67600,454805,13.133177,23176.6,23050.0,22950,ATM-3,CALL,23100,2026-06-11
2026-06-11 15:27:00+05:30,237.65,239.95,235.7,237.15,35880,458510,12.834702,23179.1,23050.0,22950,ATM-3,CALL,23100,2026-06-11
2026-06-11 15:28:00+05:30,237.65,238.9,235.55,238.2,35555,454805,12.876608,23180.05,23050.0,22950,ATM-3,CALL,23100,2026-06-11
2026-06-11 15:29:00+05:30,238.15,241.85,237.9,241.4,33800,449930,12.752085,23186.55,23050.0,22950,ATM-3,CALL,23100,2026-06-11
2026-06-11 09:15:00+05:30,85.0,100.0,85.0,98.0,623025,840840,15.688959,23104.4,22950.0,22950,ATM-3,PUT,23100,2026-06-11
2026-06-11 09:16:00+05:30,100.15,106.05,98.0,105.9,440700,874900,15.725801,23082.3,22950.0,22950,ATM-3,PUT,23100,2026-06-11
2026-06-11 09:17:00+05:30,105.95,112.9,105.45,105.45,423800,941785,16.03538,23092.9,22950.0,22950,ATM-3,PUT,23100,2026-06-11
2026-06-11 09:18:00+05:30,105.15,105.45,98.4,101.0,288925,982215,15.843354,23100.1,22950.0,22950,ATM-3,PUT,23100,2026-06-11
2026-06-11 09:19:00+05:30,101.3,101.3,95.8,96.05,246220,1043250,15.868347,23115.85,22950.0,22950,ATM-3,PUT,23100,2026-06-11
2026-06-11 09:20:00+05:30,114.45,117.2,107.8,108.05,909155,5119400,15.778277,23128.6,23000.0,22950,ATM-3,PUT,23100,2026-06-11
2026-06-11 09:21:00+05:30,108.45,108.55,102.75,104.35,945620,5472090,15.886364,23142.45,23000.0,22950,ATM-3,PUT,23100,2026-06-11
2026-06-11 09:22:00+05:30,104.05,108.05,102.05,104.8,632125,5614830,15.945169,23142.9,23000.0,22950,ATM-3,PUT,23100,2026-06-11
2026-06-11 09:23:00+05:30,103.45,107.6,102.4,107.05,497445,5744830,15.90793,23135.25,23000.0,22950,ATM-3,PUT,23100,2026-06-11
2026-06-11 09:24:00+05:30,89.7,95.85,88.6,94.4,282620,1359865,15.740546,23116.8,22950.0,22950,ATM-3,PUT,23100,2026-06-11
2026-06-11 09:25:00+05:30,94.8,96.3,93.5,95.0,191230,1316575,15.55216,23109.0,22950.0,22950,ATM-3,PUT,23100,2026-06-11
2026-06-11 09:26:00+05:30,95.8,97.55,93.75,95.3,299585,1372085,15.5344,23107.5,22950.0,22950,ATM-3,PUT,23100,2026-06-11
2026-06-11 09:27:00+05:30,95.7,101.2,94.2,98.25,344500,1459640,15.628143,23101.45,22950.0,22950,ATM-3,PUT,23100,2026-06-11
2026-06-11 09:28:00+05:30,97.7,98.25,92.05,93.0,206505,1403480,15.63122,23117.6,22950.0,22950,ATM-3,PUT,23100,2026-06-11
2026-06-11 09:29:00+05:30,92.15,94.15,89.85,92.55,162305,1431950,15.723078,23121.9,22950.0,22950,ATM-3,PUT,23100,2026-06-11
2026-06-11 09:30:00+05:30,91.75,98.35,91.75,97.75,212160,1455155,15.868747,23110.35,22950.0,22950,ATM-3,PUT,23100,2026-06-11
2026-06-11 09:31:00+05:30,97.55,100.05,93.65,94.0,241930,1496170,15.710289,23116.9,22950.0,22950,ATM-3,PUT,23100,2026-06-11
2026-06-11 09:32:00+05:30,92.75,95.2,89.4,95.2,202605,1506440,15.735585,23113.95,22950.0,22950,ATM-3,PUT,23100,2026-06-11
2026-06-11 09:33:00+05:30,95.55,100.4,94.9,99.95,236795,1532375,15.80322,23101.6,22950.0,22950,ATM-3,PUT,23100,2026-06-11
2026-06-11 09:34:00+05:30,100.2,100.2,94.5,95.75,179920,1521845,15.654034,23109.65,22950.0,22950,ATM-3,PUT,23100,2026-06-11
2026-06-11 09:35:00+05:30,96.05,101.7,95.75,101.55,184860,1564875,15.808354,23096.95,22950.0,22950,ATM-3,PUT,23100,2026-06-11
2026-06-11 09:36:00+05:30,100.9,101.55,94.7,95.0,179855,1569945,15.668388,23112.35,22950.0,22950,ATM-3,PUT,23100,2026-06-11
2026-06-11 09:37:00+05:30,94.8,95.45,91.2,92.7,169975,1605175,15.664468,23119.35,22950.0,22950,ATM-3,PUT,23100,2026-06-11
2026-06-11 09:38:00+05:30,110.0,110.75,104.1,105.45,651820,6238570,15.591534,23129.95,23000.0,22950,ATM-3,PUT,23100,2026-06-11
2026-06-11 09:39:00+05:30,105.3,105.65,101.75,103.2,672815,6361550,15.457671,23132.35,23000.0,22950,ATM-3,PUT,23100,2026-06-11
2026-06-11 09:40:00+05:30,86.0,90.55,85.7,90.55,163345,1708980,15.466556,23119.75,22950.0,22950,ATM-3,PUT,23100,2026-06-11
2026-06-11 09:41:00+05:30,90.35,91.3,88.45,89.3,130650,1713660,15.362003,23120.35,22950.0,22950,ATM-3,PUT,23100,2026-06-11
2026-06-11 09:42:00+05:30,89.1,91.55,87.85,90.65,85800,1728350,15.486018,23120.0,22950.0,22950,ATM-3,PUT,23100,2026-06-11
2026-06-11 09:43:00+05:30,107.3,108.2,98.65,99.3,663260,6715215,15.381719,23141.3,23000.0,22950,ATM-3,PUT,23100,2026-06-11
2026-06-11 09:44:00+05:30,99.0,99.5,96.8,98.6,435175,6856980,15.411298,23144.25,23000.0,22950,ATM-3,PUT,23100,2026-06-11
2026-06-11 09:45:00+05:30,98.25,100.7,95.65,97.7,447915,7006675,15.370619,23145.65,23000.0,22950,ATM-3,PUT,23100,2026-06-11
2026-06-11 09:46:00+05:30,97.7,99.1,94.9,95.85,370370,7093385,15.475939,23154.45,23000.0,22950,ATM-3,PUT,23100,2026-06-11
2026-06-11 09:47:00+05:30,95.8,99.5,95.45,99.3,259740,7217275,15.658791,23149.7,23000.0,22950,ATM-3,PUT,23100,2026-06-11
2026-06-11 09:48:00+05:30,98.4,102.15,98.1,102.05,315055,7218900,15.657303,23141.5,23000.0,22950,ATM-3,PUT,23100,2026-06-11
2026-06-11 09:49:00+05:30,101.45,102.05,96.95,97.5,220610,7238010,15.602187,23153.3,23000.0,22950,ATM-3,PUT,23100,2026-06-11
2026-06-11 09:50:00+05:30,97.55,100.8,91.85,92.25,558675,7270250,15.39595,23162.9,23000.0,22950,ATM-3,PUT,23100,2026-06-11
2026-06-11 09:51:00+05:30,93.7,94.3,90.8,92.4,480740,7391020,15.556925,23167.5,23000.0,22950,ATM-3,PUT,23100,2026-06-11
2026-06-11 09:52:00+05:30,92.4,94.5,91.45,92.5,328055,7466810,15.671575,23170.8,23000.0,22950,ATM-3,PUT,23100,2026-06-11
2026-06-11 09:53:00+05:30,92.15,93.7,90.85,91.7,243295,7533500,15.640321,23172.3,23000.0,22950,ATM-3,PUT,23100,2026-06-11
2026-06-11 09:54:00+05:30,92.05,97.05,91.7,97.05,326885,7559955,15.531985,23152.35,23000.0,22950,ATM-3,PUT,23100,2026-06-11
2026-06-11 09:55:00+05:30,97.0,100.65,96.0,99.65,605735,7518745,15.443477,23141.85,23000.0,22950,ATM-3,PUT,23100,2026-06-11
2026-06-11 09:56:00+05:30,99.65,100.25,96.15,100.25,302120,7578935,15.457905,23140.5,23000.0,22950,ATM-3,PUT,23100,2026-06-11
2026-06-11 09:57:00+05:30,101.0,103.8,100.1,103.45,562705,7551180,15.456654,23131.15,23000.0,22950,ATM-3,PUT,23100,2026-06-11
2026-06-11 09:58:00+05:30,86.25,90.05,85.75,89.35,267605,2030795,15.203593,23114.7,22950.0,22950,ATM-3,PUT,23100,2026-06-11
2026-06-11 09:59:00+05:30,89.6,90.9,87.1,89.3,231595,1997450,15.290737,23117.6,22950.0,22950,ATM-3,PUT,23100,2026-06-11
2026-06-11 10:00:00+05:30,106.85,107.55,101.5,102.4,372125,7240545,15.327119,23130.2,23000.0,22950,ATM-3,PUT,23100,2026-06-11
2026-06-11 10:01:00+05:30,101.4,102.7,99.5,101.8,304525,7245810,15.346964,23132.5,23000.0,22950,ATM-3,PUT,23100,2026-06-11
2026-06-11 10:02:00+05:30,84.65,88.05,84.35,86.85,114205,1980160,15.214598,23122.9,22950.0,22950,ATM-3,PUT,23100,2026-06-11
2026-06-11 10:03:00+05:30,87.15,89.6,83.5,88.1,118560,1981590,15.276427,23120.85,22950.0,22950,ATM-3,PUT,23100,2026-06-11
2026-06-11 10:04:00+05:30,88.45,92.2,87.3,92.2,145925,2000180,15.295376,23108.55,22950.0,22950,ATM-3,PUT,23100,2026-06-11
2026-06-11 10:05:00+05:30,92.0,93.4,89.0,89.55,185055,1990430,15.145537,23112.05,22950.0,22950,ATM-3,PUT,23100,2026-06-11
2026-06-11 10:06:00+05:30,107.8,108.4,97.8,99.2,600080,7237100,15.259893,23137.3,23000.0,22950,ATM-3,PUT,23100,2026-06-11
2026-06-11 10:07:00+05:30,99.3,100.8,94.1,94.9,475085,7274020,15.186596,23147.8,23000.0,22950,ATM-3,PUT,23100,2026-06-11
2026-06-11 10:08:00+05:30,94.85,96.15,90.7,91.3,533975,7322575,15.126944,23156.9,23000.0,22950,ATM-3,PUT,23100,2026-06-11
2026-06-11 10:09:00+05:30,90.95,92.85,89.6,92.85,386360,7425275,15.281661,23156.95,23000.0,22950,ATM-3,PUT,23100,2026-06-11
2026-06-11 10:10:00+05:30,93.3,93.45,89.85,91.65,312715,7563920,15.207562,23158.3,23000.0,22950,ATM-3,PUT,23100,2026-06-11
2026-06-11 10:11:00+05:30,91.55,91.65,88.85,89.4,275470,7626450,15.135168,23163.0,23000.0,22950,ATM-3,PUT,23100,2026-06-11
2026-06-11 10:12:00+05:30,89.45,93.0,89.15,92.3,207610,7680790,15.22057,23156.65,23000.0,22950,ATM-3,PUT,23100,2026-06-11
2026-06-11 10:13:00+05:30,92.5,92.7,90.6,91.55,213785,7707960,15.246288,23159.75,23000.0,22950,ATM-3,PUT,23100,2026-06-11
2026-06-11 10:14:00+05:30,91.3,95.6,89.8,95.0,314665,7746050,15.192402,23147.5,23000.0,22950,ATM-3,PUT,23100,2026-06-11
2026-06-11 10:15:00+05:30,94.45,95.0,90.75,91.4,242320,7699185,15.174366,23157.9,23000.0,22950,ATM-3,PUT,23100,2026-06-11
2026-06-11 10:16:00+05:30,91.35,91.4,87.85,89.75,409435,7793695,15.235425,23164.95,23000.0,22950,ATM-3,PUT,23100,2026-06-11
2026-06-11 10:17:00+05:30,89.8,90.05,87.0,87.45,238160,7832500,15.139445,23169.15,23000.0,22950,ATM-3,PUT,23100,2026-06-11
2026-06-11 10:18:00+05:30,87.85,90.3,86.05,86.65,245375,7884305,15.180359,23173.0,23000.0,22950,ATM-3,PUT,23100,2026-06-11
2026-06-11 10:19:00+05:30,103.2,103.65,99.75,99.75,215540,2564900,15.156229,23183.15,23050.0,22950,ATM-3,PUT,23100,2026-06-11
2026-06-11 10:20:00+05:30,99.8,101.95,98.35,98.8,218790,2571530,15.299117,23190.25,23050.0,22950,ATM-3,PUT,23100,2026-06-11
2026-06-11 10:21:00+05:30,99.35,103.0,98.8,102.9,161005,2597140,15.426457,23182.15,23050.0,22950,ATM-3,PUT,23100,2026-06-11
2026-06-11 10:22:00+05:30,101.95,104.1,101.7,103.6,142935,2623400,15.41927,23179.9,23050.0,22950,ATM-3,PUT,23100,2026-06-11
2026-06-11 10:23:00+05:30,103.3,104.0,101.5,102.5,140985,2622620,15.369935,23181.55,23050.0,22950,ATM-3,PUT,23100,2026-06-11
2026-06-11 10:24:00+05:30,103.3,104.85,102.3,104.0,109395,2618460,15.454111,23179.75,23050.0,22950,ATM-3,PUT,23100,2026-06-11
2026-06-11 10:25:00+05:30,103.3,105.0,103.3,104.35,70590,2605005,15.474981,23179.35,23050.0,22950,ATM-3,PUT,23100,2026-06-11
2026-06-11 10:26:00+05:30,103.95,104.35,98.9,99.15,160550,2611960,15.432738,23193.15,23050.0,22950,ATM-3,PUT,23100,2026-06-11
2026-06-11 10:27:00+05:30,98.95,99.65,94.5,94.6,313040,2664090,15.458183,23207.6,23050.0,22950,ATM-3,PUT,23100,2026-06-11
2026-06-11 10:28:00+05:30,94.7,99.3,94.0,97.8,198315,2683980,15.507056,23199.4,23050.0,22950,ATM-3,PUT,23100,2026-06-11
2026-06-11 10:29:00+05:30,97.85,98.55,96.3,98.1,58695,2684045,15.54026,23199.5,23050.0,22950,ATM-3,PUT,23100,2026-06-11
2026-06-11 10:30:00+05:30,97.65,102.45,95.7,101.65,150995,2697500,15.537538,23188.9,23050.0,22950,ATM-3,PUT,23100,2026-06-11
2026-06-11 10:31:00+05:30,101.65,102.45,96.95,97.6,146575,2691910,15.482074,23199.15,23050.0,22950,ATM-3,PUT,23100,2026-06-11
2026-06-11 10:32:00+05:30,97.45,98.6,94.9,96.15,93015,2704065,15.498412,23204.0,23050.0,22950,ATM-3,PUT,23100,2026-06-11
2026-06-11 10:33:00+05:30,96.3,99.6,96.15,97.6,79690,2708875,15.477279,23198.95,23050.0,22950,ATM-3,PUT,23100,2026-06-11
2026-06-11 10:34:00+05:30,97.8,98.75,97.3,98.55,33150,2718950,15.630337,23200.8,23050.0,22950,ATM-3,PUT,23100,2026-06-11
2026-06-11 10:35:00+05:30,98.4,98.6,96.0,98.35,72540,2710435,15.631203,23201.4,23050.0,22950,ATM-3,PUT,23100,2026-06-11
2026-06-11 10:36:00+05:30,98.4,101.3,98.35,100.4,105430,2720965,15.661624,23196.2,23050.0,22950,ATM-3,PUT,23100,2026-06-11
2026-06-11 10:37:00+05:30,99.8,102.1,98.95,101.2,94705,2727790,15.598857,23191.9,23050.0,22950,ATM-3,PUT,23100,2026-06-11
2026-06-11 10:38:00+05:30,100.0,101.2,98.2,98.2,63050,2724020,15.544627,23199.1,23050.0,22950,ATM-3,PUT,23100,2026-06-11
2026-06-11 10:39:00+05:30,97.5,98.85,95.5,96.15,98345,2719600,15.615206,23207.45,23050.0,22950,ATM-3,PUT,23100,2026-06-11
2026-06-11 10:40:00+05:30,96.35,97.8,94.9,95.3,90610,2723825,15.691115,23212.4,23050.0,22950,ATM-3,PUT,23100,2026-06-11
2026-06-11 10:41:00+05:30,95.6,99.4,95.0,99.4,88205,2723435,15.804793,23203.45,23050.0,22950,ATM-3,PUT,23100,2026-06-11
2026-06-11 10:42:00+05:30,98.9,100.0,97.65,97.65,98085,2719600,15.712806,23205.85,23050.0,22950,ATM-3,PUT,23100,2026-06-11
2026-06-11 10:43:00+05:30,97.65,99.5,96.9,99.25,58500,2723045,15.748195,23202.1,23050.0,22950,ATM-3,PUT,23100,2026-06-11
2026-06-11 10:44:00+05:30,98.95,100.8,98.0,98.25,86255,2731690,15.740758,23204.85,23050.0,22950,ATM-3,PUT,23100,2026-06-11
2026-06-11 10:45:00+05:30,98.85,101.45,97.85,97.95,77610,2730780,15.704318,23204.6,23050.0,22950,ATM-3,PUT,23100,2026-06-11
2026-06-11 10:46:00+05:30,98.2,98.75,96.0,98.75,87295,2742025,15.847699,23206.6,23050.0,22950,ATM-3,PUT,23100,2026-06-11
2026-06-11 10:47:00+05:30,98.5,99.0,96.55,96.55,41405,2737150,15.754192,23210.35,23050.0,22950,ATM-3,PUT,23100,2026-06-11
2026-06-11 10:48:00+05:30,96.7,99.9,96.05,98.65,74295,2745795,15.810638,23205.7,23050.0,22950,ATM-3,PUT,23100,2026-06-11
2026-06-11 10:49:00+05:30,98.55,101.7,98.25,101.7,72670,2745340,15.718091,23193.75,23050.0,22950,ATM-3,PUT,23100,2026-06-11
2026-06-11 10:50:00+05:30,101.65,103.55,101.3,102.85,202410,2757300,15.58715,23186.4,23050.0,22950,ATM-3,PUT,23100,2026-06-11
2026-06-11 10:51:00+05:30,102.4,102.85,99.05,101.4,95680,2799615,15.567521,23190.0,23050.0,22950,ATM-3,PUT,23100,2026-06-11
2026-06-11 10:52:00+05:30,101.15,102.1,99.5,102.1,51220,2809690,15.571395,23188.05,23050.0,22950,ATM-3,PUT,23100,2026-06-11
2026-06-11 10:53:00+05:30,85.8,88.6,85.65,88.0,361140,8844550,15.404013,23174.9,23000.0,22950,ATM-3,PUT,23100,2026-06-11
2026-06-11 10:54:00+05:30,88.35,89.05,87.4,88.0,392925,8783970,15.398623,23174.7,23000.0,22950,ATM-3,PUT,23100,2026-06-11
2026-06-11 10:55:00+05:30,88.3,89.85,87.7,88.1,344175,8764145,15.362647,23173.2,23000.0,22950,ATM-3,PUT,23100,2026-06-11
2026-06-11 10:56:00+05:30,105.0,105.5,102.5,103.3,98865,2823145,15.415713,23179.8,23050.0,22950,ATM-3,PUT,23100,2026-06-11
2026-06-11 10:57:00+05:30,103.2,105.4,103.0,103.85,52455,2805855,15.385447,23177.3,23050.0,22950,ATM-3,PUT,23100,2026-06-11
2026-06-11 10:58:00+05:30,104.55,105.2,102.8,105.2,48035,2812290,15.459653,23175.65,23050.0,22950,ATM-3,PUT,23100,2026-06-11
2026-06-11 10:59:00+05:30,105.1,106.2,102.3,103.0,80275,2826330,15.280778,23176.55,23050.0,22950,ATM-3,PUT,23100,2026-06-11
2026-06-11 11:00:00+05:30,86.05,89.3,85.05,88.85,220415,8720140,15.324313,23169.45,23000.0,22950,ATM-3,PUT,23100,2026-06-11
2026-06-11 11:01:00+05:30,89.15,90.45,87.4,90.2,368355,8724365,15.387188,23167.15,23000.0,22950,ATM-3,PUT,23100,2026-06-11
2026-06-11 11:02:00+05:30,89.4,90.5,88.0,88.55,266565,8710455,15.247359,23167.9,23000.0,22950,ATM-3,PUT,23100,2026-06-11
2026-06-11 11:03:00+05:30,106.2,106.6,101.55,101.55,101660,2863185,15.275626,23180.45,23050.0,22950,ATM-3,PUT,23100,2026-06-11
2026-06-11 11:04:00+05:30,101.35,101.85,99.2,101.5,180245,2831920,15.309947,23181.6,23050.0,22950,ATM-3,PUT,23100,2026-06-11
2026-06-11 11:05:00+05:30,100.6,101.5,93.85,94.35,225875,2782000,15.215051,23199.8,23050.0,22950,ATM-3,PUT,23100,2026-06-11
2026-06-11 11:06:00+05:30,93.95,97.75,93.0,93.6,127335,2769780,15.284097,23204.2,23050.0,22950,ATM-3,PUT,23100,2026-06-11
2026-06-11 11:07:00+05:30,93.2,98.35,92.45,98.1,142545,2764970,15.26402,23190.05,23050.0,22950,ATM-3,PUT,23100,2026-06-11
2026-06-11 11:08:00+05:30,98.2,98.9,94.7,96.6,85150,2789800,15.274675,23194.8,23050.0,22950,ATM-3,PUT,23100,2026-06-11
2026-06-11 11:09:00+05:30,96.95,101.05,96.6,97.45,110500,2784665,15.317281,23193.55,23050.0,22950,ATM-3,PUT,23100,2026-06-11
2026-06-11 11:10:00+05:30,97.1,99.65,97.0,97.0,46475,2804750,15.207463,23191.5,23050.0,22950,ATM-3,PUT,23100,2026-06-11
2026-06-11 11:11:00+05:30,97.15,98.95,96.25,98.3,39650,2808520,15.258791,23189.2,23050.0,22950,ATM-3,PUT,23100,2026-06-11
2026-06-11 11:12:00+05:30,98.3,100.0,97.8,99.05,60970,2806700,15.259677,23187.0,23050.0,22950,ATM-3,PUT,23100,2026-06-11
2026-06-11 11:13:00+05:30,98.7,99.85,97.05,98.6,86060,2809300,15.159342,23185.25,23050.0,22950,ATM-3,PUT,23100,2026-06-11
2026-06-11 11:14:00+05:30,98.7,100.6,97.55,99.55,43680,2809950,15.183932,23183.2,23050.0,22950,ATM-3,PUT,23100,2026-06-11
2026-06-11 11:15:00+05:30,99.75,100.6,97.5,98.0,60905,2820155,15.201877,23188.25,23050.0,22950,ATM-3,PUT,23100,2026-06-11
2026-06-11 11:16:00+05:30,98.35,100.0,97.4,97.65,32435,2823795,15.20826,23189.45,23050.0,22950,ATM-3,PUT,23100,2026-06-11
2026-06-11 11:17:00+05:30,97.95,100.0,95.8,96.45,45175,2822885,15.239901,23193.95,23050.0,22950,ATM-3,PUT,23100,2026-06-11
2026-06-11 11:18:00+05:30,96.55,97.45,92.2,92.7,99580,2823730,15.236253,23205.15,23050.0,22950,ATM-3,PUT,23100,2026-06-11
2026-06-11 11:19:00+05:30,92.2,94.45,91.05,94.25,107120,2827240,15.334621,23203.45,23050.0,22950,ATM-3,PUT,23100,2026-06-11
2026-06-11 11:20:00+05:30,94.3,95.5,90.45,90.55,87815,2842385,15.261643,23212.55,23050.0,22950,ATM-3,PUT,23100,2026-06-11
2026-06-11 11:21:00+05:30,90.35,90.9,88.0,88.65,214760,2916615,15.317947,23220.3,23050.0,22950,ATM-3,PUT,23100,2026-06-11
2026-06-11 11:22:00+05:30,88.65,91.25,88.6,91.15,125645,2932345,15.371863,23214.1,23050.0,22950,ATM-3,PUT,23100,2026-06-11
2026-06-11 11:23:00+05:30,91.4,91.85,89.1,91.15,100100,2940080,15.339419,23213.05,23050.0,22950,ATM-3,PUT,23100,2026-06-11
2026-06-11 11:24:00+05:30,91.45,92.7,89.5,90.15,86775,2946970,15.413325,23218.5,23050.0,22950,ATM-3,PUT,23100,2026-06-11
2026-06-11 11:25:00+05:30,89.9,90.5,88.25,90.05,73255,2959385,15.31908,23215.8,23050.0,22950,ATM-3,PUT,23100,2026-06-11
2026-06-11 11:26:00+05:30,107.45,107.8,102.45,102.45,519870,9016020,15.285386,23228.5,23100.0,22950,ATM-3,PUT,23100,2026-06-11
2026-06-11 11:27:00+05:30,101.45,102.45,99.3,99.35,649415,8969285,15.174901,23234.1,23100.0,22950,ATM-3,PUT,23100,2026-06-11
2026-06-11 11:28:00+05:30,98.5,100.0,98.0,98.95,453570,9003085,15.201573,23236.05,23100.0,22950,ATM-3,PUT,23100,2026-06-11
2026-06-11 11:29:00+05:30,99.2,101.75,98.95,99.0,302770,8983325,15.187433,23235.45,23100.0,22950,ATM-3,PUT,23100,2026-06-11
2026-06-11 11:30:00+05:30,98.95,100.5,97.2,100.5,336310,9043515,15.35748,23236.2,23100.0,22950,ATM-3,PUT,23100,2026-06-11
2026-06-11 11:31:00+05:30,99.5,103.2,99.1,101.95,375635,9103835,15.168156,23226.3,23100.0,22950,ATM-3,PUT,23100,2026-06-11
2026-06-11 11:32:00+05:30,102.2,103.95,101.9,102.85,272675,9140300,15.24997,23226.15,23100.0,22950,ATM-3,PUT,23100,2026-06-11
2026-06-11 11:33:00+05:30,102.5,102.85,99.5,101.65,186550,9192430,15.382776,23233.55,23100.0,22950,ATM-3,PUT,23100,2026-06-11
2026-06-11 11:34:00+05:30,101.25,104.35,101.15,104.35,168610,9198605,15.401571,23226.35,23100.0,22950,ATM-3,PUT,23100,2026-06-11
2026-06-11 11:35:00+05:30,104.0,105.35,101.6,101.6,261690,9199580,15.406213,23234.35,23100.0,22950,ATM-3,PUT,23100,2026-06-11
2026-06-11 11:36:00+05:30,85.1,88.45,85.0,88.2,52650,3291535,15.327989,23221.65,23050.0,22950,ATM-3,PUT,23100,2026-06-11
2026-06-11 11:37:00+05:30,87.55,88.7,87.0,88.7,84695,3303040,15.265778,23218.05,23050.0,22950,ATM-3,PUT,23100,2026-06-11
2026-06-11 11:38:00+05:30,88.8,90.1,87.95,90.0,109590,3305510,15.309297,23215.3,23050.0,22950,ATM-3,PUT,23100,2026-06-11
2026-06-11 11:39:00+05:30,90.3,90.65,87.4,88.15,113360,3296475,15.366221,23222.95,23050.0,22950,ATM-3,PUT,23100,2026-06-11
2026-06-11 11:40:00+05:30,88.1,88.95,86.5,88.45,60710,3287635,15.400228,23223.05,23050.0,22950,ATM-3,PUT,23100,2026-06-11
2026-06-11 11:41:00+05:30,106.15,106.3,102.0,102.4,148460,9256650,15.353256,23230.3,23100.0,22950,ATM-3,PUT,23100,2026-06-11
2026-06-11 11:42:00+05:30,102.8,103.1,96.35,96.65,416195,9257690,15.270903,23244.6,23100.0,22950,ATM-3,PUT,23100,2026-06-11
2026-06-11 11:43:00+05:30,97.2,100.0,96.65,99.45,250250,9300785,15.443397,23241.55,23100.0,22950,ATM-3,PUT,23100,2026-06-11
2026-06-11 11:44:00+05:30,99.75,99.9,94.9,95.1,365820,9374300,15.41625,23253.7,23100.0,22950,ATM-3,PUT,23100,2026-06-11
2026-06-11 11:45:00+05:30,94.9,96.8,93.65,96.1,388570,9411870,15.526203,23254.05,23100.0,22950,ATM-3,PUT,23100,2026-06-11
2026-06-11 11:46:00+05:30,95.75,96.4,95.05,95.05,225225,9442875,15.544863,23257.8,23100.0,22950,ATM-3,PUT,23100,2026-06-11
2026-06-11 11:47:00+05:30,94.8,96.3,90.4,90.45,481130,9487790,15.453836,23269.2,23100.0,22950,ATM-3,PUT,23100,2026-06-11
2026-06-11 11:48:00+05:30,90.3,94.0,90.0,91.85,480025,9521070,15.566859,23268.35,23100.0,22950,ATM-3,PUT,23100,2026-06-11
2026-06-11 11:49:00+05:30,92.35,94.3,91.85,93.15,208065,9562670,15.596608,23265.2,23100.0,22950,ATM-3,PUT,23100,2026-06-11
2026-06-11 11:50:00+05:30,93.05,93.15,91.15,91.5,180570,9604725,15.70551,23273.8,23100.0,22950,ATM-3,PUT,23100,2026-06-11
2026-06-11 11:51:00+05:30,91.0,92.45,90.7,92.4,236470,9622210,15.641358,23268.9,23100.0,22950,ATM-3,PUT,23100,2026-06-11
2026-06-11 11:52:00+05:30,92.4,93.7,91.65,91.9,313040,9651200,15.630524,23270.1,23100.0,22950,ATM-3,PUT,23100,2026-06-11
2026-06-11 11:53:00+05:30,91.95,92.6,90.9,91.2,155025,9701380,15.687679,23274.1,23100.0,22950,ATM-3,PUT,23100,2026-06-11
2026-06-11 11:54:00+05:30,91.2,92.0,89.7,91.25,248365,9715290,15.657401,23272.95,23100.0,22950,ATM-3,PUT,23100,2026-06-11
2026-06-11 11:55:00+05:30,91.25,91.6,89.9,91.4,187135,9727965,15.699919,23273.8,23100.0,22950,ATM-3,PUT,23100,2026-06-11
2026-06-11 11:56:00+05:30,107.75,108.9,101.9,102.3,437255,5217615,15.491907,23285.3,23150.0,22950,ATM-3,PUT,23100,2026-06-11
2026-06-11 11:57:00+05:30,102.3,104.15,102.3,102.6,223990,5250180,15.50994,23284.95,23150.0,22950,ATM-3,PUT,23100,2026-06-11
2026-06-11 11:58:00+05:30,102.45,102.85,99.35,101.85,325195,5276245,15.635451,23290.9,23150.0,22950,ATM-3,PUT,23100,2026-06-11
2026-06-11 11:59:00+05:30,101.75,104.5,101.75,104.15,141375,5296005,15.600335,23283.15,23150.0,22950,ATM-3,PUT,23100,2026-06-11
2026-06-11 12:00:00+05:30,102.5,104.15,101.15,104.05,99970,5313880,15.638249,23284.55,23150.0,22950,ATM-3,PUT,23100,2026-06-11
2026-06-11 12:01:00+05:30,103.7,104.3,102.25,103.05,81770,5332795,15.675907,23288.55,23150.0,22950,ATM-3,PUT,23100,2026-06-11
2026-06-11 12:02:00+05:30,103.0,104.3,102.35,103.7,65585,5346575,15.644663,23285.7,23150.0,22950,ATM-3,PUT,23100,2026-06-11
2026-06-11 12:03:00+05:30,103.4,104.2,101.95,102.45,90805,5388175,15.66786,23290.0,23150.0,22950,ATM-3,PUT,23100,2026-06-11
2026-06-11 12:04:00+05:30,102.9,104.4,102.45,103.95,47580,5384470,15.7036,23286.7,23150.0,22950,ATM-3,PUT,23100,2026-06-11
2026-06-11 12:05:00+05:30,103.7,106.6,103.05,105.5,138970,5402670,15.667799,23281.15,23150.0,22950,ATM-3,PUT,23100,2026-06-11
2026-06-11 12:06:00+05:30,105.0,106.2,104.15,104.8,105495,5452330,15.633512,23282.1,23150.0,22950,ATM-3,PUT,23100,2026-06-11
2026-06-11 12:07:00+05:30,105.0,105.0,101.65,102.05,156780,5463250,15.642696,23290.3,23150.0,22950,ATM-3,PUT,23100,2026-06-11
2026-06-11 12:08:00+05:30,101.7,105.05,101.7,103.9,178750,5451810,15.635757,23284.7,23150.0,22950,ATM-3,PUT,23100,2026-06-11
2026-06-11 12:09:00+05:30,103.6,105.2,103.3,105.15,61555,5467085,15.708019,23283.25,23150.0,22950,ATM-3,PUT,23100,2026-06-11
2026-06-11 12:10:00+05:30,104.9,106.25,104.55,105.25,110695,5473845,15.566073,23278.7,23150.0,22950,ATM-3,PUT,23100,2026-06-11
2026-06-11 12:11:00+05:30,105.65,107.35,105.0,106.2,179790,5459805,15.618921,23277.55,23150.0,22950,ATM-3,PUT,23100,2026-06-11
2026-06-11 12:12:00+05:30,105.25,106.85,104.25,104.3,80015,5464420,15.629216,23283.25,23150.0,22950,ATM-3,PUT,23100,2026-06-11
2026-06-11 12:13:00+05:30,104.3,105.2,103.0,103.85,77870,5464615,15.693491,23286.45,23150.0,22950,ATM-3,PUT,23100,2026-06-11
2026-06-11 12:14:00+05:30,104.25,105.3,102.9,102.9,63440,5454995,15.639589,23287.55,23150.0,22950,ATM-3,PUT,23100,2026-06-11
2026-06-11 12:15:00+05:30,102.95,102.95,97.35,99.0,415870,5444075,15.708135,23301.1,23150.0,22950,ATM-3,PUT,23100,2026-06-11
2026-06-11 12:16:00+05:30,98.6,101.45,96.95,97.35,183625,5447910,15.65517,23304.4,23150.0,22950,ATM-3,PUT,23100,2026-06-11
2026-06-11 12:17:00+05:30,97.0,100.45,95.55,100.05,202280,5504265,15.699415,23297.65,23150.0,22950,ATM-3,PUT,23100,2026-06-11
2026-06-11 12:18:00+05:30,100.1,101.65,99.55,101.35,105040,5528900,15.716396,23294.3,23150.0,22950,ATM-3,PUT,23100,2026-06-11
2026-06-11 12:19:00+05:30,100.5,103.15,100.35,102.8,127010,5514535,15.698889,23289.5,23150.0,22950,ATM-3,PUT,23100,2026-06-11
2026-06-11 12:20:00+05:30,103.2,104.8,101.8,104.1,126750,5506540,15.640298,23283.95,23150.0,22950,ATM-3,PUT,23100,2026-06-11
2026-06-11 12:21:00+05:30,104.35,105.15,103.2,103.8,133445,5510895,15.587368,23283.2,23150.0,22950,ATM-3,PUT,23100,2026-06-11
2026-06-11 12:22:00+05:30,104.0,104.15,102.55,103.3,66430,5505240,15.67834,23287.35,23150.0,22950,ATM-3,PUT,23100,2026-06-11
2026-06-11 12:23:00+05:30,103.5,104.15,101.55,102.35,77740,5499195,15.786123,23293.35,23150.0,22950,ATM-3,PUT,23100,2026-06-11
2026-06-11 12:24:00+05:30,102.15,103.85,102.0,102.0,75920,5502445,15.700449,23291.75,23150.0,22950,ATM-3,PUT,23100,2026-06-11
2026-06-11 12:25:00+05:30,102.2,104.95,101.55,103.7,64740,5488470,15.764233,23288.7,23150.0,22950,ATM-3,PUT,23100,2026-06-11
2026-06-11 12:26:00+05:30,103.6,103.8,100.85,103.05,51090,5493995,15.833227,23292.65,23150.0,22950,ATM-3,PUT,23100,2026-06-11
2026-06-11 12:27:00+05:30,102.8,103.1,101.6,102.05,87425,5508880,15.744165,23292.85,23150.0,22950,ATM-3,PUT,23100,2026-06-11
2026-06-11 12:28:00+05:30,102.0,103.65,100.05,101.0,67860,5508880,15.90416,23300.8,23150.0,22950,ATM-3,PUT,23100,2026-06-11
2026-06-11 12:29:00+05:30,101.0,102.05,100.3,101.3,78845,5506865,15.82947,23297.6,23150.0,22950,ATM-3,PUT,23100,2026-06-11
2026-06-11 12:30:00+05:30,101.1,101.3,97.75,98.95,213915,5501080,15.873787,23305.95,23150.0,22950,ATM-3,PUT,23100,2026-06-11
2026-06-11 12:31:00+05:30,99.55,100.25,95.45,95.9,290225,5489120,15.898635,23316.0,23150.0,22950,ATM-3,PUT,23100,2026-06-11
2026-06-11 12:32:00+05:30,95.75,96.3,93.6,93.85,342030,5537285,15.82737,23320.1,23150.0,22950,ATM-3,PUT,23100,2026-06-11
2026-06-11 12:33:00+05:30,93.75,95.7,93.75,94.0,110695,5562635,15.714522,23316.05,23150.0,22950,ATM-3,PUT,23100,2026-06-11
2026-06-11 12:34:00+05:30,94.0,94.45,92.8,92.8,127140,5581355,15.786672,23322.05,23150.0,22950,ATM-3,PUT,23100,2026-06-11
2026-06-11 12:35:00+05:30,92.7,97.1,91.8,95.85,283855,5595655,15.806165,23313.15,23150.0,22950,ATM-3,PUT,23100,2026-06-11
2026-06-11 12:36:00+05:30,95.4,96.6,95.05,95.9,84630,5562895,15.640279,23307.8,23150.0,22950,ATM-3,PUT,23100,2026-06-11
2026-06-11 12:37:00+05:30,96.0,98.0,95.4,97.3,104520,5570760,15.300879,23293.1,23150.0,22950,ATM-3,PUT,23100,2026-06-11
2026-06-11 12:38:00+05:30,97.2,99.8,96.65,99.15,189215,5613205,15.499316,23293.65,23150.0,22950,ATM-3,PUT,23100,2026-06-11
2026-06-11 12:39:00+05:30,99.3,99.4,96.65,97.0,96330,5611450,15.421909,23297.65,23150.0,22950,ATM-3,PUT,23100,2026-06-11
2026-06-11 12:40:00+05:30,97.0,98.45,96.65,97.95,68900,5624580,15.52344,23297.9,23150.0,22950,ATM-3,PUT,23100,2026-06-11
2026-06-11 12:41:00+05:30,97.9,99.6,97.7,99.25,78910,5610085,15.560787,23295.15,23150.0,22950,ATM-3,PUT,23100,2026-06-11
2026-06-11 12:42:00+05:30,99.3,100.95,98.25,99.85,179855,5613530,15.665773,23296.55,23150.0,22950,ATM-3,PUT,23100,2026-06-11
2026-06-11 12:43:00+05:30,99.6,102.1,99.0,99.95,161265,5661045,15.576265,23293.5,23150.0,22950,ATM-3,PUT,23100,2026-06-11
2026-06-11 12:44:00+05:30,100.0,100.35,98.45,99.35,75725,5669820,15.604213,23296.1,23150.0,22950,ATM-3,PUT,23100,2026-06-11
2026-06-11 12:45:00+05:30,99.35,100.5,99.05,99.6,71370,5671380,15.594938,23295.05,23150.0,22950,ATM-3,PUT,23100,2026-06-11
2026-06-11 12:46:00+05:30,99.45,99.6,96.15,97.25,115765,5691465,15.574253,23301.4,23150.0,22950,ATM-3,PUT,23100,2026-06-11
2026-06-11 12:47:00+05:30,97.25,100.65,96.45,99.6,82355,5675085,15.53757,23293.25,23150.0,22950,ATM-3,PUT,23100,2026-06-11
2026-06-11 12:48:00+05:30,99.65,102.75,99.45,102.25,108550,5679570,15.558221,23286.1,23150.0,22950,ATM-3,PUT,23100,2026-06-11
2026-06-11 12:49:00+05:30,102.35,104.45,100.75,103.8,322010,5679310,15.351386,23275.45,23150.0,22950,ATM-3,PUT,23100,2026-06-11
2026-06-11 12:50:00+05:30,103.95,104.15,101.55,102.15,158535,5690295,15.427062,23282.4,23150.0,22950,ATM-3,PUT,23100,2026-06-11
2026-06-11 12:51:00+05:30,102.1,103.1,100.0,102.85,117845,5693545,15.45008,23281.05,23150.0,22950,ATM-3,PUT,23100,2026-06-11
2026-06-11 12:52:00+05:30,102.85,103.95,102.3,103.4,86060,5692505,15.438377,23279.1,23150.0,22950,ATM-3,PUT,23100,2026-06-11
2026-06-11 12:53:00+05:30,103.0,103.4,100.95,101.7,66950,5695950,15.461297,23284.65,23150.0,22950,ATM-3,PUT,23100,2026-06-11
2026-06-11 12:54:00+05:30,102.4,102.5,101.25,101.4,14300,5695820,15.176919,23276.95,23150.0,22950,ATM-3,PUT,23100,2026-06-11
2026-06-11 12:55:00+05:30,101.4,101.4,101.4,101.4,0,5695820,15.17692,23276.95,23150.0,22950,ATM-3,PUT,23100,2026-06-11
2026-06-11 12:56:00+05:30,103.75,103.75,100.55,102.65,154310,5688865,15.498652,23282.95,23150.0,22950,ATM-3,PUT,23100,2026-06-11
2026-06-11 12:57:00+05:30,102.25,102.65,96.2,96.5,153790,5685355,15.432491,23299.0,23150.0,22950,ATM-3,PUT,23100,2026-06-11
2026-06-11 12:58:00+05:30,96.7,97.15,93.55,94.8,140660,5649540,15.422455,23303.8,23150.0,22950,ATM-3,PUT,23100,2026-06-11
2026-06-11 12:59:00+05:30,95.35,98.0,92.85,93.05,107445,5624060,15.394277,23308.25,23150.0,22950,ATM-3,PUT,23100,2026-06-11
2026-06-11 13:00:00+05:30,93.35,93.35,87.15,88.6,593255,5611125,15.456512,23324.15,23150.0,22950,ATM-3,PUT,23100,2026-06-11
2026-06-11 13:01:00+05:30,88.15,92.25,87.6,92.25,299000,5665595,15.503747,23314.1,23150.0,22950,ATM-3,PUT,23100,2026-06-11
2026-06-11 13:02:00+05:30,92.15,95.0,91.15,93.25,147615,5668585,15.368448,23306.75,23150.0,22950,ATM-3,PUT,23100,2026-06-11
2026-06-11 13:03:00+05:30,93.1,95.3,93.1,95.0,85345,5687630,15.45769,23304.15,23150.0,22950,ATM-3,PUT,23100,2026-06-11
2026-06-11 13:04:00+05:30,94.95,95.8,94.1,95.7,69680,5691985,15.444689,23301.6,23150.0,22950,ATM-3,PUT,23100,2026-06-11
2026-06-11 13:05:00+05:30,95.5,96.4,94.45,95.5,83395,5707130,15.461584,23302.7,23150.0,22950,ATM-3,PUT,23100,2026-06-11
2026-06-11 13:06:00+05:30,95.2,96.1,94.5,95.75,77480,5724745,15.448064,23301.5,23150.0,22950,ATM-3,PUT,23100,2026-06-11
2026-06-11 13:07:00+05:30,95.85,96.75,94.95,96.75,58630,5728970,15.467145,23299.05,23150.0,22950,ATM-3,PUT,23100,2026-06-11
2026-06-11 13:08:00+05:30,97.0,99.0,96.7,98.15,120900,5727085,15.370465,23291.9,23150.0,22950,ATM-3,PUT,23100,2026-06-11
2026-06-11 13:09:00+05:30,97.75,102.0,97.5,101.5,138320,5736510,15.322228,23280.65,23150.0,22950,ATM-3,PUT,23100,2026-06-11
2026-06-11 13:10:00+05:30,101.35,101.75,99.55,100.0,143715,5725590,15.240259,23282.5,23150.0,22950,ATM-3,PUT,23100,2026-06-11
2026-06-11 13:11:00+05:30,100.0,102.9,99.55,100.9,93015,5723445,15.209288,23278.95,23150.0,22950,ATM-3,PUT,23100,2026-06-11
2026-06-11 13:12:00+05:30,86.0,90.2,86.0,88.65,528320,10468510,15.291883,23267.45,23100.0,22950,ATM-3,PUT,23100,2026-06-11
2026-06-11 13:13:00+05:30,88.85,90.75,88.4,90.35,333580,10397660,15.236746,23260.35,23100.0,22950,ATM-3,PUT,23100,2026-06-11
2026-06-11 13:14:00+05:30,90.4,90.4,88.9,89.7,238550,10410660,15.144252,23259.45,23100.0,22950,ATM-3,PUT,23100,2026-06-11
2026-06-11 13:15:00+05:30,89.65,90.3,89.05,89.8,350155,10493405,15.180567,23260.25,23100.0,22950,ATM-3,PUT,23100,2026-06-11
2026-06-11 13:16:00+05:30,89.0,90.95,87.8,90.3,376935,10505430,15.069499,23255.2,23100.0,22950,ATM-3,PUT,23100,2026-06-11
2026-06-11 13:17:00+05:30,90.55,92.6,87.35,89.15,514085,10424700,15.213017,23263.25,23100.0,22950,ATM-3,PUT,23100,2026-06-11
2026-06-11 13:18:00+05:30,89.25,91.5,89.15,90.45,276380,10371660,15.039467,23253.75,23100.0,22950,ATM-3,PUT,23100,2026-06-11
2026-06-11 13:19:00+05:30,90.75,92.25,89.65,92.2,244595,10422165,15.224675,23254.1,23100.0,22950,ATM-3,PUT,23100,2026-06-11
2026-06-11 13:20:00+05:30,91.65,94.8,91.0,94.6,476255,10356255,15.342309,23250.4,23100.0,22950,ATM-3,PUT,23100,2026-06-11
2026-06-11 13:21:00+05:30,94.45,97.5,94.45,97.25,705640,10169640,15.222356,23238.8,23100.0,22950,ATM-3,PUT,23100,2026-06-11
2026-06-11 13:22:00+05:30,96.9,98.75,96.5,98.75,716820,10149295,15.022846,23228.4,23100.0,22950,ATM-3,PUT,23100,2026-06-11
2026-06-11 13:23:00+05:30,98.3,98.75,91.55,94.0,766935,9944805,15.070835,23243.8,23100.0,22950,ATM-3,PUT,23100,2026-06-11
2026-06-11 13:24:00+05:30,93.9,95.65,92.65,93.5,317265,9862905,14.875331,23239.3,23100.0,22950,ATM-3,PUT,23100,2026-06-11
2026-06-11 13:25:00+05:30,93.5,97.3,93.1,97.05,278330,9883640,15.007442,23232.8,23100.0,22950,ATM-3,PUT,23100,2026-06-11
2026-06-11 13:26:00+05:30,97.25,100.6,96.95,98.65,597220,9833200,14.905799,23225.1,23100.0,22950,ATM-3,PUT,23100,2026-06-11
2026-06-11 13:27:00+05:30,98.45,98.75,96.2,97.3,299520,9793030,14.960124,23230.6,23100.0,22950,ATM-3,PUT,23100,2026-06-11
2026-06-11 13:28:00+05:30,97.55,98.2,94.9,96.05,252915,9756435,14.949273,23233.9,23100.0,22950,ATM-3,PUT,23100,2026-06-11
2026-06-11 13:29:00+05:30,95.7,96.05,93.65,94.15,228345,9698130,15.061122,23242.9,23100.0,22950,ATM-3,PUT,23100,2026-06-11
2026-06-11 13:30:00+05:30,93.85,94.15,86.5,89.1,679315,9607520,15.035764,23257.5,23100.0,22950,ATM-3,PUT,23100,2026-06-11
2026-06-11 13:31:00+05:30,89.5,92.3,89.1,90.05,260845,9492145,15.105429,23256.7,23100.0,22950,ATM-3,PUT,23100,2026-06-11
2026-06-11 13:32:00+05:30,88.35,90.05,86.35,86.6,280345,9566310,14.956468,23262.8,23100.0,22950,ATM-3,PUT,23100,2026-06-11
2026-06-11 13:33:00+05:30,87.2,88.0,84.0,88.0,379470,9527635,14.968603,23258.75,23100.0,22950,ATM-3,PUT,23100,2026-06-11
2026-06-11 13:34:00+05:30,88.0,92.15,88.0,91.85,408005,9459840,14.864013,23243.65,23100.0,22950,ATM-3,PUT,23100,2026-06-11
2026-06-11 13:35:00+05:30,91.25,92.0,88.7,89.65,196885,9556885,14.821404,23249.0,23100.0,22950,ATM-3,PUT,23100,2026-06-11
2026-06-11 13:36:00+05:30,89.45,90.15,86.55,86.85,166855,9607390,14.778276,23256.3,23100.0,22950,ATM-3,PUT,23100,2026-06-11
2026-06-11 13:37:00+05:30,86.65,89.35,86.65,88.7,126620,9580350,14.796618,23251.1,23100.0,22950,ATM-3,PUT,23100,2026-06-11
2026-06-11 13:38:00+05:30,89.0,93.65,88.7,92.35,378300,9604465,14.87567,23242.4,23100.0,22950,ATM-3,PUT,23100,2026-06-11
2026-06-11 13:39:00+05:30,92.9,96.4,92.35,95.5,404690,9777820,14.865046,23232.7,23100.0,22950,ATM-3,PUT,23100,2026-06-11
2026-06-11 13:40:00+05:30,95.05,97.15,92.3,96.75,273715,9762935,14.989116,23232.75,23100.0,22950,ATM-3,PUT,23100,2026-06-11
2026-06-11 13:41:00+05:30,96.9,97.45,95.65,96.5,219310,9756890,14.857398,23229.5,23100.0,22950,ATM-3,PUT,23100,2026-06-11
2026-06-11 13:42:00+05:30,96.05,96.5,93.8,95.9,182000,9769240,14.806632,23229.7,23100.0,22950,ATM-3,PUT,23100,2026-06-11
2026-06-11 13:43:00+05:30,80.2,82.4,79.15,81.35,117390,3292445,14.674302,23219.45,23050.0,22950,ATM-3,PUT,23100,2026-06-11
2026-06-11 13:44:00+05:30,81.6,83.1,78.8,79.65,143195,3267290,14.639983,23223.9,23050.0,22950,ATM-3,PUT,23100,2026-06-11
2026-06-11 13:45:00+05:30,79.45,81.0,79.25,81.0,64935,3264690,14.693304,23221.15,23050.0,22950,ATM-3,PUT,23100,2026-06-11
2026-06-11 13:46:00+05:30,97.25,99.15,94.45,94.6,329160,9706385,14.616935,23227.7,23100.0,22950,ATM-3,PUT,23100,2026-06-11
2026-06-11 13:47:00+05:30,94.0,94.6,90.45,93.4,425100,9591335,14.66859,23232.75,23100.0,22950,ATM-3,PUT,23100,2026-06-11
2026-06-11 13:48:00+05:30,93.55,94.0,90.6,93.35,165620,9612005,14.638042,23231.95,23100.0,22950,ATM-3,PUT,23100,2026-06-11
2026-06-11 13:49:00+05:30,93.55,95.5,93.0,94.05,164255,9625135,14.65403,23230.35,23100.0,22950,ATM-3,PUT,23100,2026-06-11
2026-06-11 13:50:00+05:30,78.4,80.15,78.3,79.85,74750,3311945,14.674682,23224.2,23050.0,22950,ATM-3,PUT,23100,2026-06-11
2026-06-11 13:51:00+05:30,94.75,96.8,93.55,94.1,150800,9672195,14.522348,23226.2,23100.0,22950,ATM-3,PUT,23100,2026-06-11
2026-06-11 13:52:00+05:30,94.2,96.6,92.4,92.5,151775,9679280,14.492085,23229.95,23100.0,22950,ATM-3,PUT,23100,2026-06-11
2026-06-11 13:53:00+05:30,92.8,93.35,91.05,92.0,179335,9675055,14.638865,23235.85,23100.0,22950,ATM-3,PUT,23100,2026-06-11
2026-06-11 13:54:00+05:30,91.9,94.1,91.55,92.7,107510,9675640,14.663715,23234.5,23100.0,22950,ATM-3,PUT,23100,2026-06-11
2026-06-11 13:55:00+05:30,92.75,94.7,91.45,91.45,165555,9684285,14.591515,23236.0,23100.0,22950,ATM-3,PUT,23100,2026-06-11
2026-06-11 13:56:00+05:30,91.9,92.85,90.2,90.65,211835,9692215,14.654693,23240.3,23100.0,22950,ATM-3,PUT,23100,2026-06-11
2026-06-11 13:57:00+05:30,90.25,92.5,88.8,91.55,270985,9600370,14.711276,23239.3,23100.0,22950,ATM-3,PUT,23100,2026-06-11
2026-06-11 13:58:00+05:30,91.35,91.55,87.15,87.65,232375,9595495,14.6114,23248.05,23100.0,22950,ATM-3,PUT,23100,2026-06-11
2026-06-11 13:59:00+05:30,88.15,94.3,87.65,92.8,290615,9597770,14.628005,23233.0,23100.0,22950,ATM-3,PUT,23100,2026-06-11
2026-06-11 14:00:00+05:30,92.85,94.0,89.45,89.8,326365,9641970,14.570978,23240.2,23100.0,22950,ATM-3,PUT,23100,2026-06-11
2026-06-11 14:01:00+05:30,90.25,92.15,89.7,90.95,163995,9659000,14.542389,23235.85,23100.0,22950,ATM-3,PUT,23100,2026-06-11
2026-06-11 14:02:00+05:30,91.45,92.2,90.75,91.25,115115,9721335,14.472175,23232.8,23100.0,22950,ATM-3,PUT,23100,2026-06-11
2026-06-11 14:03:00+05:30,91.15,92.2,90.35,92.0,71175,9736610,14.660169,23236.25,23100.0,22950,ATM-3,PUT,23100,2026-06-11
2026-06-11 14:04:00+05:30,91.9,92.7,90.05,91.25,175045,9730110,14.590695,23236.35,23100.0,22950,ATM-3,PUT,23100,2026-06-11
2026-06-11 14:05:00+05:30,91.25,94.7,90.7,92.15,207090,9693905,14.544504,23232.25,23100.0,22950,ATM-3,PUT,23100,2026-06-11
2026-06-11 14:06:00+05:30,91.75,93.1,90.8,91.5,107315,9732970,14.501521,23232.85,23100.0,22950,ATM-3,PUT,23100,2026-06-11
2026-06-11 14:07:00+05:30,75.8,81.2,75.8,81.1,92105,3241940,14.685765,23220.0,23050.0,22950,ATM-3,PUT,23100,2026-06-11
2026-06-11 14:08:00+05:30,81.1,84.4,80.7,84.4,179075,3232970,14.707808,23210.05,23050.0,22950,ATM-3,PUT,23100,2026-06-11
2026-06-11 14:09:00+05:30,84.2,85.95,81.45,82.1,299130,3183505,14.55688,23212.6,23050.0,22950,ATM-3,PUT,23100,2026-06-11
2026-06-11 14:10:00+05:30,81.45,83.0,79.8,82.3,134810,3171610,14.640976,23214.6,23050.0,22950,ATM-3,PUT,23100,2026-06-11
2026-06-11 14:11:00+05:30,82.75,84.3,81.35,82.25,104065,3167580,14.589475,23213.1,23050.0,22950,ATM-3,PUT,23100,2026-06-11
2026-06-11 14:12:00+05:30,81.9,83.55,80.8,82.4,92040,3177200,14.520241,23210.4,23050.0,22950,ATM-3,PUT,23100,2026-06-11
2026-06-11 14:13:00+05:30,81.85,82.9,77.7,78.45,115895,3178370,14.520527,23223.25,23050.0,22950,ATM-3,PUT,23100,2026-06-11
2026-06-11 14:14:00+05:30,78.05,80.3,77.05,80.1,138320,3162640,14.583194,23219.8,23050.0,22950,ATM-3,PUT,23100,2026-06-11
2026-06-11 14:15:00+05:30,79.9,81.3,78.75,80.25,62335,3160365,14.45553,23215.2,23050.0,22950,ATM-3,PUT,23100,2026-06-11
2026-06-11 14:16:00+05:30,80.25,80.55,78.05,80.15,42445,3177525,14.480594,23216.3,23050.0,22950,ATM-3,PUT,23100,2026-06-11
2026-06-11 14:17:00+05:30,80.5,81.7,79.9,81.3,68185,3183310,14.534166,23214.25,23050.0,22950,ATM-3,PUT,23100,2026-06-11
2026-06-11 14:18:00+05:30,81.1,84.0,81.1,83.55,87555,3178630,14.565198,23208.0,23050.0,22950,ATM-3,PUT,23100,2026-06-11
2026-06-11 14:19:00+05:30,83.8,84.45,80.0,80.0,116545,3176875,14.483377,23216.8,23050.0,22950,ATM-3,PUT,23100,2026-06-11
2026-06-11 14:20:00+05:30,79.8,80.6,77.7,78.6,109005,3159390,14.533911,23223.0,23050.0,22950,ATM-3,PUT,23100,2026-06-11
2026-06-11 14:21:00+05:30,78.3,80.0,77.4,80.0,58890,3158285,14.57715,23219.75,23050.0,22950,ATM-3,PUT,23100,2026-06-11
2026-06-11 14:22:00+05:30,80.1,80.15,78.0,79.7,32825,3169140,14.555077,23220.0,23050.0,22950,ATM-3,PUT,23100,2026-06-11
2026-06-11 14:23:00+05:30,79.7,83.55,78.8,83.1,73645,3172065,14.56355,23209.25,23050.0,22950,ATM-3,PUT,23100,2026-06-11
2026-06-11 14:24:00+05:30,83.15,83.6,82.2,82.55,85345,3163485,14.418333,23206.4,23050.0,22950,ATM-3,PUT,23100,2026-06-11
2026-06-11 14:25:00+05:30,82.6,82.6,79.6,80.05,60840,3160430,14.485538,23216.55,23050.0,22950,ATM-3,PUT,23100,2026-06-11
2026-06-11 14:26:00+05:30,96.15,96.85,93.0,93.1,283790,9235395,14.414685,23225.05,23100.0,22950,ATM-3,PUT,23100,2026-06-11
2026-06-11 14:27:00+05:30,93.55,94.05,91.35,92.55,302185,9270105,14.405284,23226.35,23100.0,22950,ATM-3,PUT,23100,2026-06-11
2026-06-11 14:28:00+05:30,90.8,92.55,84.05,84.35,782145,9114755,14.419086,23251.55,23100.0,22950,ATM-3,PUT,23100,2026-06-11
2026-06-11 14:29:00+05:30,84.15,89.65,83.6,89.35,394095,9034740,14.581145,23241.15,23100.0,22950,ATM-3,PUT,23100,2026-06-11
2026-06-11 14:30:00+05:30,89.7,92.4,86.8,86.8,397410,9014460,14.468946,23245.45,23100.0,22950,ATM-3,PUT,23100,2026-06-11
2026-06-11 14:31:00+05:30,87.05,89.1,86.55,88.4,277550,8913840,14.454581,23240.1,23100.0,22950,ATM-3,PUT,23100,2026-06-11
2026-06-11 14:32:00+05:30,88.6,90.35,87.2,87.2,215800,8866520,14.445505,23243.45,23100.0,22950,ATM-3,PUT,23100,2026-06-11
2026-06-11 14:33:00+05:30,87.75,92.85,87.2,92.75,247130,8832850,14.51961,23229.05,23100.0,22950,ATM-3,PUT,23100,2026-06-11
2026-06-11 14:34:00+05:30,92.9,93.6,91.05,91.85,213005,8779680,14.520358,23231.7,23100.0,22950,ATM-3,PUT,23100,2026-06-11
2026-06-11 14:35:00+05:30,92.15,92.15,89.1,91.85,151970,8756280,14.704568,23237.25,23100.0,22950,ATM-3,PUT,23100,2026-06-11
2026-06-11 14:36:00+05:30,75.85,80.4,75.25,80.4,92625,3088345,14.428193,23213.3,23050.0,22950,ATM-3,PUT,23100,2026-06-11
2026-06-11 14:37:00+05:30,97.6,101.55,95.2,96.4,724360,8596965,14.77828,23226.05,23100.0,22950,ATM-3,PUT,23100,2026-06-11
2026-06-11 14:38:00+05:30,79.0,82.45,78.3,81.9,88660,3046160,14.742915,23218.4,23050.0,22950,ATM-3,PUT,23100,2026-06-11
2026-06-11 14:39:00+05:30,81.85,85.85,81.85,83.1,261430,3003910,14.825002,23217.1,23050.0,22950,ATM-3,PUT,23100,2026-06-11
2026-06-11 14:40:00+05:30,83.3,85.55,82.4,84.8,108160,2994355,14.717283,23208.25,23050.0,22950,ATM-3,PUT,23100,2026-06-11
2026-06-11 14:41:00+05:30,85.05,86.95,83.45,83.45,174655,2970110,14.757981,23213.8,23050.0,22950,ATM-3,PUT,23100,2026-06-11
2026-06-11 14:42:00+05:30,83.4,85.9,82.9,85.7,123175,2959645,14.886247,23210.65,23050.0,22950,ATM-3,PUT,23100,2026-06-11
2026-06-11 14:43:00+05:30,85.6,90.1,84.6,90.05,306930,2966470,14.892164,23197.3,23050.0,22950,ATM-3,PUT,23100,2026-06-11
2026-06-11 14:44:00+05:30,89.8,90.7,87.55,88.85,239070,3013985,14.867781,23200.2,23050.0,22950,ATM-3,PUT,23100,2026-06-11
2026-06-11 14:45:00+05:30,88.0,91.25,88.0,90.6,224380,3024515,14.946871,23197.25,23050.0,22950,ATM-3,PUT,23100,2026-06-11
2026-06-11 14:46:00+05:30,90.55,92.35,86.85,92.15,268905,3039010,14.929288,23192.0,23050.0,22950,ATM-3,PUT,23100,2026-06-11
2026-06-11 14:47:00+05:30,77.3,84.85,76.75,83.45,1359800,8698755,14.897195,23167.1,23000.0,22950,ATM-3,PUT,23100,2026-06-11
2026-06-11 14:48:00+05:30,99.75,100.3,93.4,94.7,317070,3131765,14.79525,23180.35,23050.0,22950,ATM-3,PUT,23100,2026-06-11
2026-06-11 14:49:00+05:30,94.0,94.7,91.15,92.1,177190,3136575,14.963038,23193.1,23050.0,22950,ATM-3,PUT,23100,2026-06-11
2026-06-11 14:50:00+05:30,76.95,81.75,76.2,81.75,541515,8661900,14.903922,23172.75,23000.0,22950,ATM-3,PUT,23100,2026-06-11
2026-06-11 14:51:00+05:30,80.6,81.75,78.05,80.35,377780,8584225,14.750074,23172.4,23000.0,22950,ATM-3,PUT,23100,2026-06-11
2026-06-11 14:52:00+05:30,80.35,81.3,79.55,81.1,301860,8559200,14.787198,23171.1,23000.0,22950,ATM-3,PUT,23100,2026-06-11
2026-06-11 14:53:00+05:30,80.8,81.1,78.8,78.8,282815,8566220,14.642034,23174.0,23000.0,22950,ATM-3,PUT,23100,2026-06-11
2026-06-11 14:54:00+05:30,78.9,80.55,78.8,79.5,236015,8518250,14.643273,23171.7,23000.0,22950,ATM-3,PUT,23100,2026-06-11
2026-06-11 14:55:00+05:30,79.65,80.8,78.35,78.75,259870,8491275,14.594926,23172.6,23000.0,22950,ATM-3,PUT,23100,2026-06-11
2026-06-11 14:56:00+05:30,78.9,80.25,78.3,79.95,224705,8457280,14.648974,23170.35,23000.0,22950,ATM-3,PUT,23100,2026-06-11
2026-06-11 14:57:00+05:30,80.15,81.85,79.2,80.05,314860,8431475,14.529819,23166.2,23000.0,22950,ATM-3,PUT,23100,2026-06-11
2026-06-11 14:58:00+05:30,80.2,80.2,78.75,79.0,175110,8408270,14.620064,23172.5,23000.0,22950,ATM-3,PUT,23100,2026-06-11
2026-06-11 14:59:00+05:30,95.0,97.75,93.5,95.6,129025,2987725,14.781621,23177.05,23050.0,22950,ATM-3,PUT,23100,2026-06-11
2026-06-11 15:00:00+05:30,78.4,82.9,73.7,82.25,924170,8190455,14.3694,23154.0,23000.0,22950,ATM-3,PUT,23100,2026-06-11
2026-06-11 15:01:00+05:30,83.25,85.35,82.15,82.4,838955,8117005,14.35819,23153.15,23000.0,22950,ATM-3,PUT,23100,2026-06-11
2026-06-11 15:02:00+05:30,82.8,86.1,80.6,82.55,626600,7993505,14.554669,23158.8,23000.0,22950,ATM-3,PUT,23100,2026-06-11
2026-06-11 15:03:00+05:30,83.0,85.3,82.55,84.0,472875,7946055,14.685001,23158.25,23000.0,22950,ATM-3,PUT,23100,2026-06-11
2026-06-11 15:04:00+05:30,84.3,85.85,83.1,85.55,416455,7995455,14.414834,23145.0,23000.0,22950,ATM-3,PUT,23100,2026-06-11
2026-06-11 15:05:00+05:30,85.75,87.25,84.3,84.55,516815,7942025,14.397983,23147.55,23000.0,22950,ATM-3,PUT,23100,2026-06-11
2026-06-11 15:06:00+05:30,84.35,87.9,83.65,86.8,527345,7918105,14.356944,23139.35,23000.0,22950,ATM-3,PUT,23100,2026-06-11
2026-06-11 15:07:00+05:30,87.45,88.4,84.5,84.5,392470,7887685,14.412367,23148.1,23000.0,22950,ATM-3,PUT,23100,2026-06-11
2026-06-11 15:08:00+05:30,84.3,85.95,82.5,85.95,470340,7886515,14.177048,23136.4,23000.0,22950,ATM-3,PUT,23100,2026-06-11
2026-06-11 15:09:00+05:30,86.4,86.4,84.0,84.45,272545,7875530,14.271205,23143.85,23000.0,22950,ATM-3,PUT,23100,2026-06-11
2026-06-11 15:10:00+05:30,84.5,84.5,79.75,80.0,606645,7856225,14.077348,23151.75,23000.0,22950,ATM-3,PUT,23100,2026-06-11
2026-06-11 15:11:00+05:30,80.0,82.8,78.8,82.65,430430,7815470,14.100073,23144.1,23000.0,22950,ATM-3,PUT,23100,2026-06-11
2026-06-11 15:12:00+05:30,82.3,84.2,80.5,80.55,344435,7825610,14.12836,23151.55,23000.0,22950,ATM-3,PUT,23100,2026-06-11
2026-06-11 15:13:00+05:30,80.7,81.0,78.25,78.25,300560,7815535,14.221391,23161.85,23000.0,22950,ATM-3,PUT,23100,2026-06-11
2026-06-11 15:14:00+05:30,78.3,80.7,77.3,80.55,357435,7766460,14.582434,23165.8,23000.0,22950,ATM-3,PUT,23100,2026-06-11
2026-06-11 15:15:00+05:30,80.55,83.5,80.0,80.1,462865,7716930,14.556039,23166.4,23000.0,22950,ATM-3,PUT,23100,2026-06-11
2026-06-11 15:16:00+05:30,97.4,97.4,90.35,90.85,233675,2354365,14.446777,23180.55,23050.0,22950,ATM-3,PUT,23100,2026-06-11
2026-06-11 15:17:00+05:30,90.45,91.55,88.9,90.4,148395,2344160,14.448126,23181.9,23050.0,22950,ATM-3,PUT,23100,2026-06-11
2026-06-11 15:18:00+05:30,90.05,96.0,89.9,95.4,207090,2297490,14.915645,23181.15,23050.0,22950,ATM-3,PUT,23100,2026-06-11
2026-06-11 15:19:00+05:30,78.35,81.2,78.3,79.75,393185,7607665,14.699195,23172.0,23000.0,22950,ATM-3,PUT,23100,2026-06-11
2026-06-11 15:20:00+05:30,96.45,96.85,94.4,94.65,233415,2148965,14.744737,23178.2,23050.0,22950,ATM-3,PUT,23100,2026-06-11
2026-06-11 15:21:00+05:30,95.0,95.65,92.3,95.65,162825,2079025,14.791268,23176.65,23050.0,22950,ATM-3,PUT,23100,2026-06-11
2026-06-11 15:22:00+05:30,78.55,80.4,77.9,79.95,436930,7474480,14.656461,23169.9,23000.0,22950,ATM-3,PUT,23100,2026-06-11
2026-06-11 15:23:00+05:30,80.15,81.05,78.6,78.9,319735,7427745,14.580462,23170.9,23000.0,22950,ATM-3,PUT,23100,2026-06-11
2026-06-11 15:24:00+05:30,78.5,79.35,77.6,78.4,319670,7414030,14.61397,23173.6,23000.0,22950,ATM-3,PUT,23100,2026-06-11
2026-06-11 15:25:00+05:30,78.65,78.7,75.3,75.4,363740,7378865,14.328332,23174.4,23000.0,22950,ATM-3,PUT,23100,2026-06-11
2026-06-11 15:26:00+05:30,91.0,91.95,87.75,88.15,214175,1951365,14.057096,23176.6,23050.0,22950,ATM-3,PUT,23100,2026-06-11
2026-06-11 15:27:00+05:30,88.75,91.1,87.6,90.45,127920,1912885,14.367932,23179.1,23050.0,22950,ATM-3,PUT,23100,2026-06-11
2026-06-11 15:28:00+05:30,89.9,91.15,89.85,90.35,163930,1866735,14.390545,23180.05,23050.0,22950,ATM-3,PUT,23100,2026-06-11
2026-06-11 15:29:00+05:30,90.1,90.35,87.7,88.35,394680,1707160,14.408879,23186.55,23050.0,22950,ATM-3,PUT,23100,2026-06-11
2026-06-11 09:15:00+05:30,257.0,257.0,220.85,237.5,560105,1182935,14.057746,23104.4,23000.0,23000,ATM-2,CALL,23100,2026-06-11
2026-06-11 09:16:00+05:30,234.0,237.5,216.0,216.95,501670,1380015,13.442352,23082.3,23000.0,23000,ATM-2,CALL,23100,2026-06-11
2026-06-11 09:17:00+05:30,216.0,221.75,213.8,221.2,381680,1558310,13.215866,23092.9,23000.0,23000,ATM-2,CALL,23100,2026-06-11
2026-06-11 09:18:00+05:30,224.35,232.75,221.2,226.6,508950,1743820,13.291768,23100.1,23000.0,23000,ATM-2,CALL,23100,2026-06-11
2026-06-11 09:19:00+05:30,226.45,234.6,226.45,234.6,286585,1909700,13.076086,23115.85,23000.0,23000,ATM-2,CALL,23100,2026-06-11
2026-06-11 09:20:00+05:30,201.55,210.0,198.8,207.95,273390,773370,12.791365,23128.6,23050.0,23000,ATM-2,CALL,23100,2026-06-11
2026-06-11 09:21:00+05:30,208.0,220.15,206.95,217.45,364195,810095,12.861471,23142.45,23050.0,23000,ATM-2,CALL,23100,2026-06-11
2026-06-11 09:22:00+05:30,216.25,219.5,212.05,217.7,190645,817375,12.858979,23142.9,23050.0,23000,ATM-2,CALL,23100,2026-06-11
2026-06-11 09:23:00+05:30,218.55,222.3,212.0,214.8,165230,808730,13.043849,23135.25,23050.0,23000,ATM-2,CALL,23100,2026-06-11
2026-06-11 09:24:00+05:30,245.6,248.4,234.6,234.6,234520,1809730,13.020925,23116.8,23000.0,23000,ATM-2,CALL,23100,2026-06-11
2026-06-11 09:25:00+05:30,234.85,236.5,230.9,231.6,224055,1839630,13.226628,23109.0,23000.0,23000,ATM-2,CALL,23100,2026-06-11
2026-06-11 09:26:00+05:30,231.25,235.75,228.6,234.1,239850,1844375,13.559131,23107.5,23000.0,23000,ATM-2,CALL,23100,2026-06-11
2026-06-11 09:27:00+05:30,232.65,235.95,223.0,229.1,229190,1923090,13.456265,23101.45,23000.0,23000,ATM-2,CALL,23100,2026-06-11
2026-06-11 09:28:00+05:30,228.6,237.85,228.6,236.85,276640,1997385,13.191474,23117.6,23000.0,23000,ATM-2,CALL,23100,2026-06-11
2026-06-11 09:29:00+05:30,237.3,243.0,235.05,239.5,260585,2026895,13.172863,23121.9,23000.0,23000,ATM-2,CALL,23100,2026-06-11
2026-06-11 09:30:00+05:30,238.85,239.5,227.9,229.2,198380,2080715,12.91735,23110.35,23000.0,23000,ATM-2,CALL,23100,2026-06-11
2026-06-11 09:31:00+05:30,228.1,234.05,224.85,234.05,197795,2116205,12.969052,23116.9,23000.0,23000,ATM-2,CALL,23100,2026-06-11
2026-06-11 09:32:00+05:30,234.35,239.65,229.85,229.85,202995,2157285,12.753116,23113.95,23000.0,23000,ATM-2,CALL,23100,2026-06-11
2026-06-11 09:33:00+05:30,229.2,230.4,220.5,220.95,183690,2152085,12.678627,23101.6,23000.0,23000,ATM-2,CALL,23100,2026-06-11
2026-06-11 09:34:00+05:30,221.15,228.35,220.95,226.8,123110,2204995,12.735143,23109.65,23000.0,23000,ATM-2,CALL,23100,2026-06-11
2026-06-11 09:35:00+05:30,226.45,227.15,217.85,218.8,213590,2241850,12.763088,23096.95,23000.0,23000,ATM-2,CALL,23100,2026-06-11
2026-06-11 09:36:00+05:30,218.85,227.65,218.55,227.65,165230,2292680,12.647236,23112.35,23000.0,23000,ATM-2,CALL,23100,2026-06-11
2026-06-11 09:37:00+05:30,227.7,233.8,226.65,231.9,187200,2284295,12.608129,23119.35,23000.0,23000,ATM-2,CALL,23100,2026-06-11
2026-06-11 09:38:00+05:30,202.4,209.8,200.7,207.35,182455,1044355,12.6756,23129.95,23050.0,23000,ATM-2,CALL,23100,2026-06-11
2026-06-11 09:39:00+05:30,207.5,212.35,207.25,209.85,165360,1042600,12.76917,23132.35,23050.0,23000,ATM-2,CALL,23100,2026-06-11
2026-06-11 09:40:00+05:30,241.95,242.35,231.7,231.7,160875,2267590,12.565678,23119.75,23000.0,23000,ATM-2,CALL,23100,2026-06-11
2026-06-11 09:41:00+05:30,231.05,234.45,229.3,232.7,149370,2307175,12.625111,23120.35,23000.0,23000,ATM-2,CALL,23100,2026-06-11
2026-06-11 09:42:00+05:30,232.2,233.5,226.75,231.1,77350,2322450,12.49278,23120.0,23000.0,23000,ATM-2,CALL,23100,2026-06-11
2026-06-11 09:43:00+05:30,200.7,214.25,199.6,213.2,208260,1068860,12.553525,23141.3,23050.0,23000,ATM-2,CALL,23100,2026-06-11
2026-06-11 09:44:00+05:30,214.0,216.95,213.2,215.4,193570,1058915,12.583305,23144.25,23050.0,23000,ATM-2,CALL,23100,2026-06-11
2026-06-11 09:45:00+05:30,215.6,219.3,210.0,215.2,163800,1015040,12.479652,23145.65,23050.0,23000,ATM-2,CALL,23100,2026-06-11
2026-06-11 09:46:00+05:30,215.95,220.0,212.6,219.6,100620,1026740,12.352817,23154.45,23050.0,23000,ATM-2,CALL,23100,2026-06-11
2026-06-11 09:47:00+05:30,219.7,220.0,214.8,215.3,94705,1017770,12.240221,23149.7,23050.0,23000,ATM-2,CALL,23100,2026-06-11
2026-06-11 09:48:00+05:30,215.35,216.95,209.8,209.8,64675,1026740,12.22469,23141.5,23050.0,23000,ATM-2,CALL,23100,2026-06-11
2026-06-11 09:49:00+05:30,210.45,218.75,209.8,217.45,90415,1035385,12.222094,23153.3,23050.0,23000,ATM-2,CALL,23100,2026-06-11
2026-06-11 09:50:00+05:30,218.7,227.1,212.3,225.45,212680,1023360,12.381972,23162.9,23050.0,23000,ATM-2,CALL,23100,2026-06-11
2026-06-11 09:51:00+05:30,224.4,229.75,223.0,228.7,219375,940355,12.400147,23167.5,23050.0,23000,ATM-2,CALL,23100,2026-06-11
2026-06-11 09:52:00+05:30,227.6,230.6,223.65,228.75,127595,904150,12.188616,23170.8,23050.0,23000,ATM-2,CALL,23100,2026-06-11
2026-06-11 09:53:00+05:30,229.55,231.55,226.45,229.4,116155,878540,12.153636,23172.3,23050.0,23000,ATM-2,CALL,23100,2026-06-11
2026-06-11 09:54:00+05:30,229.3,229.4,218.3,218.95,103285,863590,12.431081,23152.35,23050.0,23000,ATM-2,CALL,23100,2026-06-11
2026-06-11 09:55:00+05:30,219.15,220.85,211.45,213.6,152490,850005,12.570713,23141.85,23050.0,23000,ATM-2,CALL,23100,2026-06-11
2026-06-11 09:56:00+05:30,213.15,218.4,211.0,211.2,92755,841295,12.426695,23140.5,23050.0,23000,ATM-2,CALL,23100,2026-06-11
2026-06-11 09:57:00+05:30,210.05,211.4,203.65,205.3,122330,868790,12.433017,23131.15,23050.0,23000,ATM-2,CALL,23100,2026-06-11
2026-06-11 09:58:00+05:30,235.85,236.45,226.3,227.0,213525,2179255,12.456271,23114.7,23000.0,23000,ATM-2,CALL,23100,2026-06-11
2026-06-11 09:59:00+05:30,227.65,232.5,224.0,226.4,219180,2198040,12.208767,23117.6,23000.0,23000,ATM-2,CALL,23100,2026-06-11
2026-06-11 10:00:00+05:30,196.7,204.85,196.45,204.55,137475,926705,12.422094,23130.2,23050.0,23000,ATM-2,CALL,23100,2026-06-11
2026-06-11 10:01:00+05:30,205.4,207.25,203.0,204.8,83915,951015,12.309958,23132.5,23050.0,23000,ATM-2,CALL,23100,2026-06-11
2026-06-11 10:02:00+05:30,235.45,236.5,228.35,231.15,133770,2356120,12.327068,23122.9,23000.0,23000,ATM-2,CALL,23100,2026-06-11
2026-06-11 10:03:00+05:30,229.95,236.0,226.0,228.95,83655,2356640,12.248097,23120.85,23000.0,23000,ATM-2,CALL,23100,2026-06-11
2026-06-11 10:04:00+05:30,228.2,230.05,221.0,221.0,176930,2374125,12.277186,23108.55,23000.0,23000,ATM-2,CALL,23100,2026-06-11
2026-06-11 10:05:00+05:30,221.35,225.8,217.8,225.6,192205,2371980,12.499173,23112.05,23000.0,23000,ATM-2,CALL,23100,2026-06-11
2026-06-11 10:06:00+05:30,195.3,208.0,193.75,205.7,195845,1011140,12.110983,23137.3,23050.0,23000,ATM-2,CALL,23100,2026-06-11
2026-06-11 10:07:00+05:30,205.65,214.9,204.65,213.65,157560,1022450,12.222038,23147.8,23050.0,23000,ATM-2,CALL,23100,2026-06-11
2026-06-11 10:08:00+05:30,213.6,222.0,211.5,220.95,170235,990860,12.350728,23156.9,23050.0,23000,ATM-2,CALL,23100,2026-06-11
2026-06-11 10:09:00+05:30,221.55,224.5,217.95,218.0,131755,958230,12.063469,23156.95,23050.0,23000,ATM-2,CALL,23100,2026-06-11
2026-06-11 10:10:00+05:30,217.7,224.1,217.05,219.55,97175,936065,12.127836,23158.3,23050.0,23000,ATM-2,CALL,23100,2026-06-11
2026-06-11 10:11:00+05:30,219.4,225.0,219.15,223.8,78715,940875,12.237564,23163.0,23050.0,23000,ATM-2,CALL,23100,2026-06-11
2026-06-11 10:12:00+05:30,224.1,224.3,217.7,218.75,67470,933855,12.158453,23156.65,23050.0,23000,ATM-2,CALL,23100,2026-06-11
2026-06-11 10:13:00+05:30,218.6,222.8,218.6,221.2,36920,922220,12.197536,23159.75,23050.0,23000,ATM-2,CALL,23100,2026-06-11
2026-06-11 10:14:00+05:30,222.0,224.2,212.1,212.65,75075,920335,12.152417,23147.5,23050.0,23000,ATM-2,CALL,23100,2026-06-11
2026-06-11 10:15:00+05:30,213.85,222.4,212.65,220.1,59020,909675,12.212097,23157.9,23050.0,23000,ATM-2,CALL,23100,2026-06-11
2026-06-11 10:16:00+05:30,219.95,228.0,219.95,223.6,134485,920010,12.095899,23164.95,23050.0,23000,ATM-2,CALL,23100,2026-06-11
2026-06-11 10:17:00+05:30,223.9,230.0,222.3,228.8,126880,908895,12.329462,23169.15,23050.0,23000,ATM-2,CALL,23100,2026-06-11
2026-06-11 10:18:00+05:30,229.1,233.65,223.6,231.8,136695,891800,12.369927,23173.0,23050.0,23000,ATM-2,CALL,23100,2026-06-11
2026-06-11 10:19:00+05:30,201.35,206.75,200.35,206.7,670865,4716855,12.437386,23183.15,23100.0,23000,ATM-2,CALL,23100,2026-06-11
2026-06-11 10:20:00+05:30,206.5,213.4,202.6,213.4,875420,4507035,12.643532,23190.25,23100.0,23000,ATM-2,CALL,23100,2026-06-11
2026-06-11 10:21:00+05:30,211.9,213.4,202.4,202.9,558740,4337905,12.142077,23182.15,23100.0,23000,ATM-2,CALL,23100,2026-06-11
2026-06-11 10:22:00+05:30,205.0,206.2,202.1,203.5,255710,4274010,12.333275,23179.9,23100.0,23000,ATM-2,CALL,23100,2026-06-11
2026-06-11 10:23:00+05:30,203.0,208.15,202.9,206.55,260195,4250870,12.522467,23181.55,23100.0,23000,ATM-2,CALL,23100,2026-06-11
2026-06-11 10:24:00+05:30,205.0,206.55,200.4,203.25,277420,4244240,12.320814,23179.75,23100.0,23000,ATM-2,CALL,23100,2026-06-11
2026-06-11 10:25:00+05:30,202.7,204.7,200.8,202.2,132080,4220710,12.247126,23179.35,23100.0,23000,ATM-2,CALL,23100,2026-06-11
2026-06-11 10:26:00+05:30,203.0,212.8,202.15,212.2,375245,4224285,12.360112,23193.15,23100.0,23000,ATM-2,CALL,23100,2026-06-11
2026-06-11 10:27:00+05:30,211.8,222.4,211.15,222.25,936520,4125485,12.420262,23207.6,23100.0,23000,ATM-2,CALL,23100,2026-06-11
2026-06-11 10:28:00+05:30,223.35,224.1,213.0,216.6,544960,3961425,12.395218,23199.4,23100.0,23000,ATM-2,CALL,23100,2026-06-11
2026-06-11 10:29:00+05:30,216.75,220.45,214.65,216.5,212810,3892070,12.3805,23199.5,23100.0,23000,ATM-2,CALL,23100,2026-06-11
2026-06-11 10:30:00+05:30,217.8,221.7,207.15,208.55,452725,3858660,12.27765,23188.9,23100.0,23000,ATM-2,CALL,23100,2026-06-11
2026-06-11 10:31:00+05:30,209.1,214.65,206.45,213.4,287950,3804645,12.107865,23199.15,23100.0,23000,ATM-2,CALL,23100,2026-06-11
2026-06-11 10:32:00+05:30,213.7,219.9,211.7,216.4,209365,3809715,12.090803,23204.0,23100.0,23000,ATM-2,CALL,23100,2026-06-11
2026-06-11 10:33:00+05:30,215.65,216.95,210.9,216.1,199225,3793465,12.380776,23198.95,23100.0,23000,ATM-2,CALL,23100,2026-06-11
2026-06-11 10:34:00+05:30,214.7,216.1,213.35,213.55,99580,3783390,12.021484,23200.8,23100.0,23000,ATM-2,CALL,23100,2026-06-11
2026-06-11 10:35:00+05:30,214.4,219.85,213.55,214.8,255775,3791255,12.104775,23201.4,23100.0,23000,ATM-2,CALL,23100,2026-06-11
2026-06-11 10:36:00+05:30,214.55,215.0,209.1,211.85,249275,3770910,12.149071,23196.2,23100.0,23000,ATM-2,CALL,23100,2026-06-11
2026-06-11 10:37:00+05:30,213.2,214.55,207.65,210.25,167700,3786055,12.263151,23191.9,23100.0,23000,ATM-2,CALL,23100,2026-06-11
2026-06-11 10:38:00+05:30,212.25,215.1,210.25,214.9,184210,3781960,12.261997,23199.1,23100.0,23000,ATM-2,CALL,23100,2026-06-11
2026-06-11 10:39:00+05:30,215.6,221.7,214.05,220.45,265135,3768115,12.268984,23207.45,23100.0,23000,ATM-2,CALL,23100,2026-06-11
2026-06-11 10:40:00+05:30,220.35,224.05,217.35,223.2,272350,3756935,12.217744,23212.4,23100.0,23000,ATM-2,CALL,23100,2026-06-11
2026-06-11 10:41:00+05:30,222.5,224.15,215.65,215.65,250770,3707535,12.062931,23203.45,23100.0,23000,ATM-2,CALL,23100,2026-06-11
2026-06-11 10:42:00+05:30,216.95,218.85,213.45,218.85,209365,3699995,12.219816,23205.85,23100.0,23000,ATM-2,CALL,23100,2026-06-11
2026-06-11 10:43:00+05:30,218.4,220.65,215.6,215.85,130520,3680105,12.169898,23202.1,23100.0,23000,ATM-2,CALL,23100,2026-06-11
2026-06-11 10:44:00+05:30,215.8,218.55,212.7,218.4,133705,3679975,12.24218,23204.85,23100.0,23000,ATM-2,CALL,23100,2026-06-11
2026-06-11 10:45:00+05:30,217.6,218.55,211.65,218.4,127595,3673020,12.259113,23204.6,23100.0,23000,ATM-2,CALL,23100,2026-06-11
2026-06-11 10:46:00+05:30,217.65,222.3,215.9,217.5,198705,3677180,12.045531,23206.6,23100.0,23000,ATM-2,CALL,23100,2026-06-11
2026-06-11 10:47:00+05:30,217.15,221.2,216.1,221.2,101530,3694015,12.163652,23210.35,23100.0,23000,ATM-2,CALL,23100,2026-06-11
2026-06-11 10:48:00+05:30,220.95,223.1,213.9,217.65,224510,3693560,12.119842,23205.7,23100.0,23000,ATM-2,CALL,23100,2026-06-11
2026-06-11 10:49:00+05:30,217.35,218.0,210.2,210.2,145015,3695770,12.157133,23193.75,23100.0,23000,ATM-2,CALL,23100,2026-06-11
2026-06-11 10:50:00+05:30,210.0,210.65,204.95,206.05,320775,3639675,12.213649,23186.4,23100.0,23000,ATM-2,CALL,23100,2026-06-11
2026-06-11 10:51:00+05:30,206.45,215.0,206.05,210.0,212030,3635515,12.370186,23190.0,23100.0,23000,ATM-2,CALL,23100,2026-06-11
2026-06-11 10:52:00+05:30,209.9,213.9,208.1,209.2,114335,3664700,12.413793,23188.05,23100.0,23000,ATM-2,CALL,23100,2026-06-11
2026-06-11 10:53:00+05:30,240.15,240.4,231.0,232.95,46605,751400,12.394223,23174.9,23050.0,23000,ATM-2,CALL,23100,2026-06-11
2026-06-11 10:54:00+05:30,231.0,234.5,228.2,232.75,34255,748410,12.388955,23174.7,23050.0,23000,ATM-2,CALL,23100,2026-06-11
2026-06-11 10:55:00+05:30,231.9,233.3,227.75,231.0,24765,748865,12.317646,23173.2,23050.0,23000,ATM-2,CALL,23100,2026-06-11
2026-06-11 10:56:00+05:30,200.05,204.9,198.8,203.65,228345,3617185,12.388886,23179.8,23100.0,23000,ATM-2,CALL,23100,2026-06-11
2026-06-11 10:57:00+05:30,203.75,204.7,199.85,202.1,160355,3653065,12.392182,23177.3,23100.0,23000,ATM-2,CALL,23100,2026-06-11
2026-06-11 10:58:00+05:30,201.1,204.05,196.75,199.35,123305,3670550,12.232755,23175.65,23100.0,23000,ATM-2,CALL,23100,2026-06-11
2026-06-11 10:59:00+05:30,199.05,203.4,195.9,202.0,213590,3696290,12.428987,23176.55,23100.0,23000,ATM-2,CALL,23100,2026-06-11
2026-06-11 11:00:00+05:30,233.2,236.15,226.4,226.4,16575,758940,12.119646,23169.45,23050.0,23000,ATM-2,CALL,23100,2026-06-11
2026-06-11 11:01:00+05:30,226.4,231.5,224.2,226.65,61880,757250,12.297808,23167.15,23050.0,23000,ATM-2,CALL,23100,2026-06-11
2026-06-11 11:02:00+05:30,226.65,229.65,225.0,225.7,30290,759395,12.155964,23167.9,23050.0,23000,ATM-2,CALL,23100,2026-06-11
2026-06-11 11:03:00+05:30,195.1,203.25,194.0,203.25,145145,3725020,12.320098,23180.45,23100.0,23000,ATM-2,CALL,23100,2026-06-11
2026-06-11 11:04:00+05:30,203.9,207.55,201.95,202.65,361920,3730480,12.196096,23181.6,23100.0,23000,ATM-2,CALL,23100,2026-06-11
2026-06-11 11:05:00+05:30,203.95,215.55,202.65,214.35,453180,3800225,12.193915,23199.8,23100.0,23000,ATM-2,CALL,23100,2026-06-11
2026-06-11 11:06:00+05:30,215.45,217.45,209.3,216.6,372775,3847155,12.133151,23204.2,23100.0,23000,ATM-2,CALL,23100,2026-06-11
2026-06-11 11:07:00+05:30,216.4,219.3,206.05,206.05,319410,3827265,12.008664,23190.05,23100.0,23000,ATM-2,CALL,23100,2026-06-11
2026-06-11 11:08:00+05:30,206.3,213.45,205.0,209.4,244465,3790735,12.035428,23194.8,23100.0,23000,ATM-2,CALL,23100,2026-06-11
2026-06-11 11:09:00+05:30,208.55,209.8,201.65,208.4,197275,3801265,12.018584,23193.55,23100.0,23000,ATM-2,CALL,23100,2026-06-11
2026-06-11 11:10:00+05:30,206.2,209.4,204.0,208.8,108160,3814655,12.184477,23191.5,23100.0,23000,ATM-2,CALL,23100,2026-06-11
2026-06-11 11:11:00+05:30,208.0,209.9,205.4,206.75,109330,3810170,12.131586,23189.2,23100.0,23000,ATM-2,CALL,23100,2026-06-11
2026-06-11 11:12:00+05:30,207.1,207.3,203.8,205.85,108355,3808870,12.181345,23187.0,23100.0,23000,ATM-2,CALL,23100,2026-06-11
2026-06-11 11:13:00+05:30,206.05,209.1,204.25,206.45,115895,3803800,12.345017,23185.25,23100.0,23000,ATM-2,CALL,23100,2026-06-11
2026-06-11 11:14:00+05:30,206.35,208.2,202.55,204.8,113685,3804125,12.313456,23183.2,23100.0,23000,ATM-2,CALL,23100,2026-06-11
2026-06-11 11:15:00+05:30,204.85,208.95,203.15,207.7,124540,3785080,12.283923,23188.25,23100.0,23000,ATM-2,CALL,23100,2026-06-11
2026-06-11 11:16:00+05:30,206.75,208.55,204.35,207.15,63115,3784430,12.159543,23189.45,23100.0,23000,ATM-2,CALL,23100,2026-06-11
2026-06-11 11:17:00+05:30,206.75,211.05,204.0,209.75,145340,3789825,12.131154,23193.95,23100.0,23000,ATM-2,CALL,23100,2026-06-11
2026-06-11 11:18:00+05:30,209.75,218.05,208.1,217.0,219570,3802435,12.123834,23205.15,23100.0,23000,ATM-2,CALL,23100,2026-06-11
2026-06-11 11:19:00+05:30,217.7,219.4,213.35,215.15,256035,3755180,12.05457,23203.45,23100.0,23000,ATM-2,CALL,23100,2026-06-11
2026-06-11 11:20:00+05:30,215.0,222.2,212.4,221.35,268190,3737110,12.0701,23212.55,23100.0,23000,ATM-2,CALL,23100,2026-06-11
2026-06-11 11:21:00+05:30,221.9,228.75,221.2,227.95,447200,3673085,12.207046,23220.3,23100.0,23000,ATM-2,CALL,23100,2026-06-11
2026-06-11 11:22:00+05:30,228.3,228.8,223.0,223.75,353405,3567720,12.205363,23214.1,23100.0,23000,ATM-2,CALL,23100,2026-06-11
2026-06-11 11:23:00+05:30,223.65,227.5,219.95,219.95,231790,3536975,11.903331,23213.05,23100.0,23000,ATM-2,CALL,23100,2026-06-11
2026-06-11 11:24:00+05:30,221.45,226.3,218.25,224.55,168870,3518645,11.99515,23218.5,23100.0,23000,ATM-2,CALL,23100,2026-06-11
2026-06-11 11:25:00+05:30,225.35,229.0,224.55,224.9,220675,3505320,12.20956,23215.8,23100.0,23000,ATM-2,CALL,23100,2026-06-11
2026-06-11 11:26:00+05:30,195.15,204.8,194.2,204.8,404365,2328235,12.573775,23228.5,23150.0,23000,ATM-2,CALL,23100,2026-06-11
2026-06-11 11:27:00+05:30,206.9,211.9,204.8,210.95,539305,2174965,12.82082,23234.1,23150.0,23000,ATM-2,CALL,23100,2026-06-11
2026-06-11 11:28:00+05:30,211.05,211.9,206.4,210.0,186485,2099240,12.616482,23236.05,23150.0,23000,ATM-2,CALL,23100,2026-06-11
2026-06-11 11:29:00+05:30,208.4,210.95,204.2,210.6,149370,2079610,12.709865,23235.45,23150.0,23000,ATM-2,CALL,23100,2026-06-11
2026-06-11 11:30:00+05:30,210.55,215.7,208.05,208.15,281515,2071420,12.435201,23236.2,23150.0,23000,ATM-2,CALL,23100,2026-06-11
2026-06-11 11:31:00+05:30,210.0,211.3,202.3,204.35,161330,2035670,12.665788,23226.3,23150.0,23000,ATM-2,CALL,23100,2026-06-11
2026-06-11 11:32:00+05:30,205.25,205.3,200.35,203.5,132080,2038400,12.596233,23226.15,23150.0,23000,ATM-2,CALL,23100,2026-06-11
2026-06-11 11:33:00+05:30,204.25,210.55,203.5,206.65,111605,2071225,12.455801,23233.55,23150.0,23000,ATM-2,CALL,23100,2026-06-11
2026-06-11 11:34:00+05:30,207.05,207.4,201.95,201.95,85475,2092285,12.441774,23226.35,23150.0,23000,ATM-2,CALL,23100,2026-06-11
2026-06-11 11:35:00+05:30,201.25,207.0,198.6,207.0,142350,2089555,12.443065,23234.35,23150.0,23000,ATM-2,CALL,23100,2026-06-11
2026-06-11 11:36:00+05:30,237.6,238.05,228.35,228.9,91910,3121625,12.226784,23221.65,23100.0,23000,ATM-2,CALL,23100,2026-06-11
2026-06-11 11:37:00+05:30,230.85,232.0,228.6,228.6,80990,3116880,12.437062,23218.05,23100.0,23000,ATM-2,CALL,23100,2026-06-11
2026-06-11 11:38:00+05:30,228.55,229.95,224.4,224.75,110370,3096860,12.241682,23215.3,23100.0,23000,ATM-2,CALL,23100,2026-06-11
2026-06-11 11:39:00+05:30,224.05,229.9,222.1,229.3,156000,3100825,12.182377,23222.95,23100.0,23000,ATM-2,CALL,23100,2026-06-11
2026-06-11 11:40:00+05:30,228.9,232.45,227.15,227.9,124280,3103620,12.037906,23223.05,23100.0,23000,ATM-2,CALL,23100,2026-06-11
2026-06-11 11:41:00+05:30,197.25,204.0,196.45,203.0,86450,2095730,12.314476,23230.3,23150.0,23000,ATM-2,CALL,23100,2026-06-11
2026-06-11 11:42:00+05:30,203.15,215.45,201.9,215.05,238875,2081560,12.59166,23244.6,23150.0,23000,ATM-2,CALL,23100,2026-06-11
2026-06-11 11:43:00+05:30,213.95,215.05,209.5,211.7,156520,2070185,12.460978,23241.55,23150.0,23000,ATM-2,CALL,23100,2026-06-11
2026-06-11 11:44:00+05:30,210.8,221.7,210.8,221.7,279500,2078440,12.66494,23253.7,23150.0,23000,ATM-2,CALL,23100,2026-06-11
2026-06-11 11:45:00+05:30,221.85,225.4,219.0,221.5,312780,2010385,12.624886,23254.05,23150.0,23000,ATM-2,CALL,23100,2026-06-11
2026-06-11 11:46:00+05:30,221.9,225.0,219.65,224.6,107185,1982630,12.687643,23257.8,23150.0,23000,ATM-2,CALL,23100,2026-06-11
2026-06-11 11:47:00+05:30,225.55,237.0,221.85,235.85,326105,1960660,13.048006,23269.2,23150.0,23000,ATM-2,CALL,23100,2026-06-11
2026-06-11 11:48:00+05:30,237.55,237.55,227.95,231.9,194545,1892670,12.72,23268.35,23150.0,23000,ATM-2,CALL,23100,2026-06-11
2026-06-11 11:49:00+05:30,231.0,232.05,225.7,228.35,103610,1875380,12.579978,23265.2,23150.0,23000,ATM-2,CALL,23100,2026-06-11
2026-06-11 11:50:00+05:30,229.4,234.3,228.35,233.7,116025,1870115,12.540172,23273.8,23150.0,23000,ATM-2,CALL,23100,2026-06-11
2026-06-11 11:51:00+05:30,234.6,235.75,230.65,230.65,212160,1943630,12.565412,23268.9,23150.0,23000,ATM-2,CALL,23100,2026-06-11
2026-06-11 11:52:00+05:30,231.0,233.7,227.85,232.9,141115,1956435,12.707833,23270.1,23150.0,23000,ATM-2,CALL,23100,2026-06-11
2026-06-11 11:53:00+05:30,233.4,234.3,230.6,233.95,59995,1923740,12.548131,23274.1,23150.0,23000,ATM-2,CALL,23100,2026-06-11
2026-06-11 11:54:00+05:30,233.85,238.1,231.05,232.65,94965,1918800,12.497735,23272.95,23150.0,23000,ATM-2,CALL,23100,2026-06-11
2026-06-11 11:55:00+05:30,233.65,236.95,232.65,233.05,55380,1918605,12.481684,23273.8,23150.0,23000,ATM-2,CALL,23100,2026-06-11
2026-06-11 11:56:00+05:30,201.6,215.65,200.0,214.0,770120,6140355,13.035358,23285.3,23200.0,23000,ATM-2,CALL,23100,2026-06-11
2026-06-11 11:57:00+05:30,214.0,214.0,209.45,212.25,390975,6120530,12.893031,23284.95,23200.0,23000,ATM-2,CALL,23100,2026-06-11
2026-06-11 11:58:00+05:30,212.8,217.8,211.0,212.85,460200,6095960,12.594158,23290.9,23200.0,23000,ATM-2,CALL,23100,2026-06-11
2026-06-11 11:59:00+05:30,212.85,212.85,207.0,207.15,336050,5982535,12.523106,23283.15,23200.0,23000,ATM-2,CALL,23100,2026-06-11
2026-06-11 12:00:00+05:30,210.55,213.7,207.15,209.05,224900,5970445,12.61945,23284.55,23200.0,23000,ATM-2,CALL,23100,2026-06-11
2026-06-11 12:01:00+05:30,208.45,214.4,208.45,212.8,242775,5967260,12.734426,23288.55,23200.0,23000,ATM-2,CALL,23100,2026-06-11
2026-06-11 12:02:00+05:30,212.35,214.05,209.1,210.0,169260,5981885,12.642378,23285.7,23200.0,23000,ATM-2,CALL,23100,2026-06-11
2026-06-11 12:03:00+05:30,210.25,215.1,209.05,213.45,202930,5975125,12.710696,23290.0,23200.0,23000,ATM-2,CALL,23100,2026-06-11
2026-06-11 12:04:00+05:30,213.0,213.45,208.9,209.95,132405,5836870,12.579959,23286.7,23200.0,23000,ATM-2,CALL,23100,2026-06-11
2026-06-11 12:05:00+05:30,211.0,211.9,202.1,205.45,301600,5795660,12.488582,23281.15,23200.0,23000,ATM-2,CALL,23100,2026-06-11
2026-06-11 12:06:00+05:30,209.0,209.45,203.9,208.1,153855,5795530,12.68212,23282.1,23200.0,23000,ATM-2,CALL,23100,2026-06-11
2026-06-11 12:07:00+05:30,208.2,215.4,208.1,215.4,256035,5789420,12.881088,23290.3,23200.0,23000,ATM-2,CALL,23100,2026-06-11
2026-06-11 12:08:00+05:30,215.05,215.05,208.0,210.5,200005,5809310,12.755488,23284.7,23200.0,23000,ATM-2,CALL,23100,2026-06-11
2026-06-11 12:09:00+05:30,210.85,211.45,207.0,207.7,80015,5827900,12.579573,23283.25,23200.0,23000,ATM-2,CALL,23100,2026-06-11
2026-06-11 12:10:00+05:30,207.95,209.05,204.65,206.15,174980,5818670,12.703953,23278.7,23200.0,23000,ATM-2,CALL,23100,2026-06-11
2026-06-11 12:11:00+05:30,206.35,207.6,201.2,203.5,172250,5817175,12.524511,23277.55,23200.0,23000,ATM-2,CALL,23100,2026-06-11
2026-06-11 12:12:00+05:30,205.75,207.0,202.65,206.6,100750,5827250,12.479308,23283.25,23200.0,23000,ATM-2,CALL,23100,2026-06-11
2026-06-11 12:13:00+05:30,206.65,210.0,204.5,208.25,154050,5829265,12.44421,23286.45,23200.0,23000,ATM-2,CALL,23100,2026-06-11
2026-06-11 12:14:00+05:30,207.85,210.65,205.0,210.65,104780,5837325,12.605717,23287.55,23200.0,23000,ATM-2,CALL,23100,2026-06-11
2026-06-11 12:15:00+05:30,210.3,222.3,210.3,220.1,629135,5712005,12.675978,23301.1,23200.0,23000,ATM-2,CALL,23100,2026-06-11
2026-06-11 12:16:00+05:30,220.55,223.55,213.25,222.45,403910,5697055,12.696088,23304.4,23200.0,23000,ATM-2,CALL,23100,2026-06-11
2026-06-11 12:17:00+05:30,223.05,224.85,214.7,216.35,376350,5686915,12.53393,23297.65,23200.0,23000,ATM-2,CALL,23100,2026-06-11
2026-06-11 12:18:00+05:30,215.35,217.0,212.6,212.95,137475,5699135,12.417557,23294.3,23200.0,23000,ATM-2,CALL,23100,2026-06-11
2026-06-11 12:19:00+05:30,213.0,214.85,209.1,209.65,159510,5701930,12.398602,23289.5,23200.0,23000,ATM-2,CALL,23100,2026-06-11
2026-06-11 12:20:00+05:30,208.9,212.1,205.5,206.3,183300,5541640,12.417756,23283.95,23200.0,23000,ATM-2,CALL,23100,2026-06-11
2026-06-11 12:21:00+05:30,206.05,209.6,204.1,207.95,135590,5557500,12.618958,23283.2,23200.0,23000,ATM-2,CALL,23100,2026-06-11
2026-06-11 12:22:00+05:30,208.7,212.0,207.3,210.05,97565,5577390,12.569712,23287.35,23200.0,23000,ATM-2,CALL,23100,2026-06-11
2026-06-11 12:23:00+05:30,210.45,215.45,208.5,213.8,118365,5584020,12.562082,23293.35,23200.0,23000,ATM-2,CALL,23100,2026-06-11
2026-06-11 12:24:00+05:30,213.9,214.0,210.35,213.5,78780,5592925,12.632243,23291.75,23200.0,23000,ATM-2,CALL,23100,2026-06-11
2026-06-11 12:25:00+05:30,214.2,214.2,208.2,210.55,122720,5583240,12.538783,23288.7,23200.0,23000,ATM-2,CALL,23100,2026-06-11
2026-06-11 12:26:00+05:30,211.0,217.3,210.55,212.2,148330,5583240,12.456049,23292.65,23200.0,23000,ATM-2,CALL,23100,2026-06-11
2026-06-11 12:27:00+05:30,212.7,215.15,211.6,214.5,89960,5581615,12.663421,23292.85,23200.0,23000,ATM-2,CALL,23100,2026-06-11
2026-06-11 12:28:00+05:30,214.1,219.6,211.4,217.25,128505,5580445,12.435862,23300.8,23200.0,23000,ATM-2,CALL,23100,2026-06-11
2026-06-11 12:29:00+05:30,217.85,219.7,214.9,216.0,152685,5568095,12.516593,23297.6,23200.0,23000,ATM-2,CALL,23100,2026-06-11
2026-06-11 12:30:00+05:30,216.8,227.75,216.0,224.7,405860,5567185,12.830217,23305.95,23200.0,23000,ATM-2,CALL,23100,2026-06-11
2026-06-11 12:31:00+05:30,223.3,232.3,222.0,230.45,426660,5540925,12.746701,23316.0,23200.0,23000,ATM-2,CALL,23100,2026-06-11
2026-06-11 12:32:00+05:30,231.0,235.35,229.6,234.15,337935,5435885,12.842044,23320.1,23200.0,23000,ATM-2,CALL,23100,2026-06-11
2026-06-11 12:33:00+05:30,234.0,234.15,229.35,232.05,176280,5365880,12.901076,23316.05,23200.0,23000,ATM-2,CALL,23100,2026-06-11
2026-06-11 12:34:00+05:30,231.35,233.45,228.9,231.3,143975,5351580,12.436887,23322.05,23200.0,23000,ATM-2,CALL,23100,2026-06-11
2026-06-11 12:35:00+05:30,234.6,236.75,221.15,226.45,296335,5353075,12.546449,23313.15,23200.0,23000,ATM-2,CALL,23100,2026-06-11
2026-06-11 12:36:00+05:30,227.0,228.4,222.05,223.65,141375,5349825,12.618946,23307.8,23200.0,23000,ATM-2,CALL,23100,2026-06-11
2026-06-11 12:37:00+05:30,223.8,225.65,217.3,218.65,193960,5340530,13.052579,23293.1,23200.0,23000,ATM-2,CALL,23100,2026-06-11
2026-06-11 12:38:00+05:30,220.0,220.85,213.85,215.3,163085,5311345,12.702587,23293.65,23200.0,23000,ATM-2,CALL,23100,2026-06-11
2026-06-11 12:39:00+05:30,215.0,221.9,215.0,221.8,146705,5287620,13.077135,23297.65,23200.0,23000,ATM-2,CALL,23100,2026-06-11
2026-06-11 12:40:00+05:30,221.6,222.5,217.95,219.85,81250,5290155,12.877384,23297.9,23200.0,23000,ATM-2,CALL,23100,2026-06-11
2026-06-11 12:41:00+05:30,219.45,221.85,216.65,217.4,85670,5299450,12.813854,23295.15,23200.0,23000,ATM-2,CALL,23100,2026-06-11
2026-06-11 12:42:00+05:30,217.15,220.85,214.4,217.35,131820,5300165,12.724362,23296.55,23200.0,23000,ATM-2,CALL,23100,2026-06-11
2026-06-11 12:43:00+05:30,217.55,220.5,211.5,217.45,142740,5297565,12.921311,23293.5,23200.0,23000,ATM-2,CALL,23100,2026-06-11
2026-06-11 12:44:00+05:30,217.0,220.55,216.05,219.65,111150,5290545,12.973014,23296.1,23200.0,23000,ATM-2,CALL,23100,2026-06-11
2026-06-11 12:45:00+05:30,219.25,220.0,215.7,219.0,72345,5288790,12.97638,23295.05,23200.0,23000,ATM-2,CALL,23100,2026-06-11
2026-06-11 12:46:00+05:30,222.4,227.65,219.0,225.0,196365,5293210,13.159618,23301.4,23200.0,23000,ATM-2,CALL,23100,2026-06-11
2026-06-11 12:47:00+05:30,225.0,227.5,217.3,219.0,154505,5325385,13.087782,23293.25,23200.0,23000,ATM-2,CALL,23100,2026-06-11
2026-06-11 12:48:00+05:30,219.95,219.95,212.7,213.25,168480,5333185,12.974714,23286.1,23200.0,23000,ATM-2,CALL,23100,2026-06-11
2026-06-11 12:49:00+05:30,213.4,215.35,205.0,206.5,281645,5313360,12.968521,23275.45,23200.0,23000,ATM-2,CALL,23100,2026-06-11
2026-06-11 12:50:00+05:30,207.45,213.1,206.05,212.6,182975,5308290,13.134691,23282.4,23200.0,23000,ATM-2,CALL,23100,2026-06-11
2026-06-11 12:51:00+05:30,213.65,217.6,208.85,208.85,183755,5303025,12.863374,23281.05,23200.0,23000,ATM-2,CALL,23100,2026-06-11
2026-06-11 12:52:00+05:30,209.9,211.0,207.0,208.3,74230,5308940,12.927457,23279.1,23200.0,23000,ATM-2,CALL,23100,2026-06-11
2026-06-11 12:53:00+05:30,208.8,214.7,208.3,212.65,71565,5305105,13.009896,23284.65,23200.0,23000,ATM-2,CALL,23100,2026-06-11
2026-06-11 12:54:00+05:30,211.95,214.0,211.4,213.4,22165,5310110,13.532076,23276.95,23200.0,23000,ATM-2,CALL,23100,2026-06-11
2026-06-11 12:55:00+05:30,213.4,213.4,213.4,213.4,0,5310110,13.532078,23276.95,23200.0,23000,ATM-2,CALL,23100,2026-06-11
2026-06-11 12:56:00+05:30,209.55,216.0,209.45,212.95,228865,5317780,13.141842,23282.95,23200.0,23000,ATM-2,CALL,23100,2026-06-11
2026-06-11 12:57:00+05:30,212.4,225.25,211.65,224.5,246805,5317520,13.271586,23299.0,23200.0,23000,ATM-2,CALL,23100,2026-06-11
2026-06-11 12:58:00+05:30,225.15,231.25,224.3,228.45,266305,5270265,13.354439,23303.8,23200.0,23000,ATM-2,CALL,23100,2026-06-11
2026-06-11 12:59:00+05:30,227.0,233.7,223.8,233.1,213720,5252195,13.52462,23308.25,23200.0,23000,ATM-2,CALL,23100,2026-06-11
2026-06-11 13:00:00+05:30,234.65,245.35,233.1,242.6,572260,5225090,13.434344,23324.15,23200.0,23000,ATM-2,CALL,23100,2026-06-11
2026-06-11 13:01:00+05:30,244.9,245.0,233.0,233.0,251030,5160805,13.149439,23314.1,23200.0,23000,ATM-2,CALL,23100,2026-06-11
2026-06-11 13:02:00+05:30,234.4,235.2,225.8,230.65,198315,5150015,13.386711,23306.75,23200.0,23000,ATM-2,CALL,23100,2026-06-11
2026-06-11 13:03:00+05:30,230.4,230.65,225.7,226.5,79300,5160025,13.152032,23304.15,23200.0,23000,ATM-2,CALL,23100,2026-06-11
2026-06-11 13:04:00+05:30,227.2,228.15,223.8,225.65,81835,5159115,13.229601,23301.6,23200.0,23000,ATM-2,CALL,23100,2026-06-11
2026-06-11 13:05:00+05:30,224.05,227.3,222.65,226.25,94445,5169580,13.220181,23302.7,23200.0,23000,ATM-2,CALL,23100,2026-06-11
2026-06-11 13:06:00+05:30,225.8,227.95,223.65,225.4,110370,5199025,13.21416,23301.5,23200.0,23000,ATM-2,CALL,23100,2026-06-11
2026-06-11 13:07:00+05:30,225.55,228.5,222.65,222.65,44590,5212675,13.10364,23299.05,23200.0,23000,ATM-2,CALL,23100,2026-06-11
2026-06-11 13:08:00+05:30,222.35,223.6,217.7,220.5,132080,5210465,13.334541,23291.9,23200.0,23000,ATM-2,CALL,23100,2026-06-11
2026-06-11 13:09:00+05:30,220.95,220.95,211.0,211.4,137800,5202470,13.145983,23280.65,23200.0,23000,ATM-2,CALL,23100,2026-06-11
2026-06-11 13:10:00+05:30,211.2,214.65,210.1,213.2,127790,5194085,13.207394,23282.5,23200.0,23000,ATM-2,CALL,23100,2026-06-11
2026-06-11 13:11:00+05:30,213.4,214.1,208.45,209.3,140595,5198375,13.050861,23278.95,23200.0,23000,ATM-2,CALL,23100,2026-06-11
2026-06-11 13:12:00+05:30,244.75,244.75,231.25,236.35,83135,1673100,13.305663,23267.45,23150.0,23000,ATM-2,CALL,23100,2026-06-11
2026-06-11 13:13:00+05:30,235.55,236.9,229.1,230.1,43030,1667315,13.153737,23260.35,23150.0,23000,ATM-2,CALL,23100,2026-06-11
2026-06-11 13:14:00+05:30,229.65,233.0,229.45,231.4,35685,1664065,13.337072,23259.45,23150.0,23000,ATM-2,CALL,23100,2026-06-11
2026-06-11 13:15:00+05:30,231.55,233.55,230.5,231.3,38285,1663025,13.278204,23260.25,23150.0,23000,ATM-2,CALL,23100,2026-06-11
2026-06-11 13:16:00+05:30,232.1,237.0,227.8,229.65,50310,1662830,13.436526,23255.2,23150.0,23000,ATM-2,CALL,23100,2026-06-11
2026-06-11 13:17:00+05:30,228.75,235.5,224.3,233.1,89960,1655615,13.26447,23263.25,23150.0,23000,ATM-2,CALL,23100,2026-06-11
2026-06-11 13:18:00+05:30,231.25,233.1,226.25,230.65,32175,1647035,13.624115,23253.75,23150.0,23000,ATM-2,CALL,23100,2026-06-11
2026-06-11 13:19:00+05:30,230.45,231.7,225.55,226.25,23985,1647750,13.182107,23254.1,23150.0,23000,ATM-2,CALL,23100,2026-06-11
2026-06-11 13:20:00+05:30,226.45,227.15,217.95,219.3,80795,1651910,12.746178,23250.4,23150.0,23000,ATM-2,CALL,23100,2026-06-11
2026-06-11 13:21:00+05:30,219.1,219.3,209.55,209.55,104390,1644370,12.52967,23238.8,23150.0,23000,ATM-2,CALL,23100,2026-06-11
2026-06-11 13:22:00+05:30,209.5,210.15,205.9,206.85,77220,1633710,12.897408,23228.4,23150.0,23000,ATM-2,CALL,23100,2026-06-11
2026-06-11 13:23:00+05:30,206.7,220.8,206.15,216.5,122525,1631825,12.889148,23243.8,23150.0,23000,ATM-2,CALL,23100,2026-06-11
2026-06-11 13:24:00+05:30,215.75,218.55,212.1,217.5,67470,1644565,13.257667,23239.3,23150.0,23000,ATM-2,CALL,23100,2026-06-11
2026-06-11 13:25:00+05:30,217.6,217.6,208.0,208.0,43485,1645280,12.748584,23232.8,23150.0,23000,ATM-2,CALL,23100,2026-06-11
2026-06-11 13:26:00+05:30,208.0,208.5,202.2,204.45,69940,1639430,12.869576,23225.1,23150.0,23000,ATM-2,CALL,23100,2026-06-11
2026-06-11 13:27:00+05:30,205.1,209.7,204.45,206.75,64350,1634750,12.763563,23230.6,23150.0,23000,ATM-2,CALL,23100,2026-06-11
2026-06-11 13:28:00+05:30,206.75,212.55,204.8,209.75,45305,1647035,12.851719,23233.9,23150.0,23000,ATM-2,CALL,23100,2026-06-11
2026-06-11 13:29:00+05:30,210.0,215.9,209.75,214.9,74425,1646905,12.798184,23242.9,23150.0,23000,ATM-2,CALL,23100,2026-06-11
2026-06-11 13:30:00+05:30,214.4,231.55,214.4,225.0,155350,1656980,12.860267,23257.5,23150.0,23000,ATM-2,CALL,23100,2026-06-11
2026-06-11 13:31:00+05:30,225.05,225.6,218.8,223.2,60515,1653925,12.737892,23256.7,23150.0,23000,ATM-2,CALL,23100,2026-06-11
2026-06-11 13:32:00+05:30,228.0,231.5,223.2,230.3,92170,1652365,13.03869,23262.8,23150.0,23000,ATM-2,CALL,23100,2026-06-11
2026-06-11 13:33:00+05:30,228.15,233.0,224.5,225.45,76440,1647555,12.827732,23258.75,23150.0,23000,ATM-2,CALL,23100,2026-06-11
2026-06-11 13:34:00+05:30,225.55,225.55,214.75,215.25,57590,1642290,12.791177,23243.65,23150.0,23000,ATM-2,CALL,23100,2026-06-11
2026-06-11 13:35:00+05:30,215.95,222.0,215.0,219.05,60970,1635855,12.825957,23249.0,23150.0,23000,ATM-2,CALL,23100,2026-06-11
2026-06-11 13:36:00+05:30,219.45,225.0,218.1,225.0,32370,1638715,12.942925,23256.3,23150.0,23000,ATM-2,CALL,23100,2026-06-11
2026-06-11 13:37:00+05:30,225.95,225.95,219.0,220.55,39000,1647815,12.841528,23251.1,23150.0,23000,ATM-2,CALL,23100,2026-06-11
2026-06-11 13:38:00+05:30,217.85,220.55,211.9,212.8,46995,1646060,12.638154,23242.4,23150.0,23000,ATM-2,CALL,23100,2026-06-11
2026-06-11 13:39:00+05:30,213.55,213.55,204.75,206.4,77870,1643525,12.618393,23232.7,23150.0,23000,ATM-2,CALL,23100,2026-06-11
2026-06-11 13:40:00+05:30,208.05,213.5,205.0,205.05,56290,1637480,12.488503,23232.75,23150.0,23000,ATM-2,CALL,23100,2026-06-11
2026-06-11 13:41:00+05:30,205.5,207.9,203.45,206.7,55510,1652820,12.839308,23229.5,23150.0,23000,ATM-2,CALL,23100,2026-06-11
2026-06-11 13:42:00+05:30,207.45,210.5,206.0,206.9,39910,1646385,12.847445,23229.7,23150.0,23000,ATM-2,CALL,23100,2026-06-11
2026-06-11 13:43:00+05:30,238.85,240.8,231.45,234.95,91455,1985295,13.108254,23219.45,23100.0,23000,ATM-2,CALL,23100,2026-06-11
2026-06-11 13:44:00+05:30,233.65,239.25,229.0,236.6,88920,1987115,12.979218,23223.9,23100.0,23000,ATM-2,CALL,23100,2026-06-11
2026-06-11 13:45:00+05:30,236.55,237.0,233.45,233.45,52780,1987375,12.851397,23221.15,23100.0,23000,ATM-2,CALL,23100,2026-06-11
2026-06-11 13:46:00+05:30,201.1,208.6,198.1,208.0,55965,1557920,13.073152,23227.7,23150.0,23000,ATM-2,CALL,23100,2026-06-11
2026-06-11 13:47:00+05:30,208.2,216.0,208.0,210.0,107640,1557660,12.964843,23232.75,23150.0,23000,ATM-2,CALL,23100,2026-06-11
2026-06-11 13:48:00+05:30,209.5,214.85,207.65,207.65,46865,1565395,12.791345,23231.95,23150.0,23000,ATM-2,CALL,23100,2026-06-11
2026-06-11 13:49:00+05:30,208.65,210.2,204.95,207.6,48490,1573390,12.882744,23230.35,23150.0,23000,ATM-2,CALL,23100,2026-06-11
2026-06-11 13:50:00+05:30,240.0,240.4,235.65,237.35,77285,2043145,13.040259,23224.2,23100.0,23000,ATM-2,CALL,23100,2026-06-11
2026-06-11 13:51:00+05:30,206.6,209.3,202.55,207.65,37570,1569295,13.133466,23226.2,23150.0,23000,ATM-2,CALL,23100,2026-06-11
2026-06-11 13:52:00+05:30,207.95,210.95,203.3,210.75,45630,1578330,13.20664,23229.95,23150.0,23000,ATM-2,CALL,23100,2026-06-11
2026-06-11 13:53:00+05:30,210.65,214.0,209.55,212.75,47385,1568580,13.046876,23235.85,23150.0,23000,ATM-2,CALL,23100,2026-06-11
2026-06-11 13:54:00+05:30,212.5,213.15,208.4,211.7,34775,1570985,13.029206,23234.5,23150.0,23000,ATM-2,CALL,23100,2026-06-11
2026-06-11 13:55:00+05:30,211.85,213.55,207.1,213.55,34125,1573065,13.115932,23236.0,23150.0,23000,ATM-2,CALL,23100,2026-06-11
2026-06-11 13:56:00+05:30,212.4,216.0,210.4,215.35,46410,1578850,13.029281,23240.3,23150.0,23000,ATM-2,CALL,23100,2026-06-11
2026-06-11 13:57:00+05:30,215.25,218.6,210.5,212.6,86450,1565590,12.829186,23239.3,23150.0,23000,ATM-2,CALL,23100,2026-06-11
2026-06-11 13:58:00+05:30,213.0,220.8,212.6,219.15,80470,1567800,12.920105,23248.05,23150.0,23000,ATM-2,CALL,23100,2026-06-11
2026-06-11 13:59:00+05:30,217.35,219.15,206.0,209.25,86320,1580605,12.892293,23233.0,23150.0,23000,ATM-2,CALL,23100,2026-06-11
2026-06-11 14:00:00+05:30,209.7,216.0,207.05,214.9,67015,1579045,12.996976,23240.2,23150.0,23000,ATM-2,CALL,23100,2026-06-11
2026-06-11 14:01:00+05:30,214.5,214.9,209.7,211.75,23010,1574365,12.960976,23235.85,23150.0,23000,ATM-2,CALL,23100,2026-06-11
2026-06-11 14:02:00+05:30,210.9,212.05,209.25,210.8,30095,1579045,13.054183,23232.8,23150.0,23000,ATM-2,CALL,23100,2026-06-11
2026-06-11 14:03:00+05:30,210.75,213.05,209.7,210.0,36920,1576120,12.77293,23236.25,23150.0,23000,ATM-2,CALL,23100,2026-06-11
2026-06-11 14:04:00+05:30,210.1,212.15,208.0,210.4,37765,1590810,12.806029,23236.35,23150.0,23000,ATM-2,CALL,23100,2026-06-11
2026-06-11 14:05:00+05:30,209.7,211.1,202.9,208.95,68315,1592305,12.915224,23232.25,23150.0,23000,ATM-2,CALL,23100,2026-06-11
2026-06-11 14:06:00+05:30,208.5,212.1,206.95,209.8,43680,1590290,12.961057,23232.85,23150.0,23000,ATM-2,CALL,23100,2026-06-11
2026-06-11 14:07:00+05:30,243.0,243.0,228.65,229.0,89505,2053025,12.512299,23220.0,23100.0,23000,ATM-2,CALL,23100,2026-06-11
2026-06-11 14:08:00+05:30,228.95,230.75,222.45,222.6,109785,2058485,12.537272,23210.05,23100.0,23000,ATM-2,CALL,23100,2026-06-11
2026-06-11 14:09:00+05:30,221.75,228.0,220.05,226.5,172640,2048995,12.755008,23212.6,23100.0,23000,ATM-2,CALL,23100,2026-06-11
2026-06-11 14:10:00+05:30,227.75,233.5,225.05,226.7,146510,2085330,12.645404,23214.6,23100.0,23000,ATM-2,CALL,23100,2026-06-11
2026-06-11 14:11:00+05:30,226.45,228.7,222.9,227.4,68510,2095405,12.812984,23213.1,23100.0,23000,ATM-2,CALL,23100,2026-06-11
2026-06-11 14:12:00+05:30,227.55,229.65,223.65,225.1,54990,2117440,12.763706,23210.4,23100.0,23000,ATM-2,CALL,23100,2026-06-11
2026-06-11 14:13:00+05:30,225.25,235.0,224.8,234.2,68185,2122770,12.817864,23223.25,23100.0,23000,ATM-2,CALL,23100,2026-06-11
2026-06-11 14:14:00+05:30,234.6,237.45,230.35,231.75,93405,2110485,12.805557,23219.8,23100.0,23000,ATM-2,CALL,23100,2026-06-11
2026-06-11 14:15:00+05:30,231.9,234.4,228.2,230.75,108940,2112890,13.009477,23215.2,23100.0,23000,ATM-2,CALL,23100,2026-06-11
2026-06-11 14:16:00+05:30,230.85,235.0,229.95,230.55,52520,2125500,12.919435,23216.3,23100.0,23000,ATM-2,CALL,23100,2026-06-11
2026-06-11 14:17:00+05:30,229.7,230.7,227.85,229.05,36400,2133690,12.906804,23214.25,23100.0,23000,ATM-2,CALL,23100,2026-06-11
2026-06-11 14:18:00+05:30,229.45,229.45,222.0,222.0,65910,2136940,12.622156,23208.0,23100.0,23000,ATM-2,CALL,23100,2026-06-11
2026-06-11 14:19:00+05:30,222.4,232.0,220.9,232.0,83070,2150200,13.032619,23216.8,23100.0,23000,ATM-2,CALL,23100,2026-06-11
2026-06-11 14:20:00+05:30,230.0,236.6,230.0,234.35,81835,2145065,12.857327,23223.0,23100.0,23000,ATM-2,CALL,23100,2026-06-11
2026-06-11 14:21:00+05:30,234.9,236.6,232.5,235.5,56485,2162225,13.186259,23219.75,23100.0,23000,ATM-2,CALL,23100,2026-06-11
2026-06-11 14:22:00+05:30,232.4,237.2,231.55,233.25,40885,2156245,12.949479,23220.0,23100.0,23000,ATM-2,CALL,23100,2026-06-11
2026-06-11 14:23:00+05:30,233.6,235.3,223.65,224.45,65585,2165150,12.786603,23209.25,23100.0,23000,ATM-2,CALL,23100,2026-06-11
2026-06-11 14:24:00+05:30,224.7,226.8,223.55,225.5,33865,2161770,13.071823,23206.4,23100.0,23000,ATM-2,CALL,23100,2026-06-11
2026-06-11 14:25:00+05:30,225.55,233.45,225.5,231.5,47190,2164760,13.00666,23216.55,23100.0,23000,ATM-2,CALL,23100,2026-06-11
2026-06-11 14:26:00+05:30,199.5,206.8,198.55,205.65,69160,1681420,13.051525,23225.05,23150.0,23000,ATM-2,CALL,23100,2026-06-11
2026-06-11 14:27:00+05:30,205.15,208.3,204.4,206.8,99840,1674400,13.084925,23226.35,23150.0,23000,ATM-2,CALL,23100,2026-06-11
2026-06-11 14:28:00+05:30,209.6,221.55,206.8,221.55,217100,1654770,12.966838,23251.55,23150.0,23000,ATM-2,CALL,23100,2026-06-11
2026-06-11 14:29:00+05:30,221.55,222.15,212.85,213.05,136955,1620710,12.794865,23241.15,23150.0,23000,ATM-2,CALL,23100,2026-06-11
2026-06-11 14:30:00+05:30,212.0,216.4,206.6,216.25,123890,1602250,12.838277,23245.45,23150.0,23000,ATM-2,CALL,23100,2026-06-11
2026-06-11 14:31:00+05:30,216.25,216.25,210.65,212.05,78910,1615965,12.765627,23240.1,23150.0,23000,ATM-2,CALL,23100,2026-06-11
2026-06-11 14:32:00+05:30,211.1,214.2,207.25,214.2,44395,1614145,12.76716,23243.45,23150.0,23000,ATM-2,CALL,23100,2026-06-11
2026-06-11 14:33:00+05:30,211.45,214.2,202.4,202.9,66885,1616485,12.563522,23229.05,23150.0,23000,ATM-2,CALL,23100,2026-06-11
2026-06-11 14:34:00+05:30,203.15,206.05,201.4,204.4,66560,1605435,12.548406,23231.7,23150.0,23000,ATM-2,CALL,23100,2026-06-11
2026-06-11 14:35:00+05:30,204.7,210.4,204.4,205.45,83070,1605240,12.312816,23237.25,23150.0,23000,ATM-2,CALL,23100,2026-06-11
2026-06-11 14:36:00+05:30,239.4,239.5,226.45,226.85,138320,2065375,12.774159,23213.3,23100.0,23000,ATM-2,CALL,23100,2026-06-11
2026-06-11 14:37:00+05:30,195.3,199.0,186.9,196.85,201110,1562210,12.172986,23226.05,23150.0,23000,ATM-2,CALL,23100,2026-06-11
2026-06-11 14:38:00+05:30,232.15,232.9,223.5,224.85,89310,2059785,12.241285,23218.4,23100.0,23000,ATM-2,CALL,23100,2026-06-11
2026-06-11 14:39:00+05:30,224.35,224.85,213.75,221.05,200850,2054260,11.950919,23217.1,23100.0,23000,ATM-2,CALL,23100,2026-06-11
2026-06-11 14:40:00+05:30,222.05,222.35,215.0,216.0,101270,2086370,12.040973,23208.25,23100.0,23000,ATM-2,CALL,23100,2026-06-11
2026-06-11 14:41:00+05:30,215.8,218.0,210.75,216.9,138125,2116790,11.761615,23213.8,23100.0,23000,ATM-2,CALL,23100,2026-06-11
2026-06-11 14:42:00+05:30,217.75,218.95,212.15,213.2,95940,2124005,11.605855,23210.65,23100.0,23000,ATM-2,CALL,23100,2026-06-11
2026-06-11 14:43:00+05:30,213.15,216.2,202.95,203.2,149110,2124785,11.499973,23197.3,23100.0,23000,ATM-2,CALL,23100,2026-06-11
2026-06-11 14:44:00+05:30,202.95,207.8,201.95,206.35,114725,2146690,11.62183,23200.2,23100.0,23000,ATM-2,CALL,23100,2026-06-11
2026-06-11 14:45:00+05:30,208.3,208.4,203.6,204.2,197340,2186795,11.60336,23197.25,23100.0,23000,ATM-2,CALL,23100,2026-06-11
2026-06-11 14:46:00+05:30,204.05,210.05,199.7,200.15,139165,2186015,11.545806,23192.0,23100.0,23000,ATM-2,CALL,23100,2026-06-11
2026-06-11 14:47:00+05:30,229.9,232.35,214.9,217.6,72930,496665,11.643665,23167.1,23050.0,23000,ATM-2,CALL,23100,2026-06-11
2026-06-11 14:48:00+05:30,186.0,196.3,186.0,195.3,198120,2206230,11.80696,23180.35,23100.0,23000,ATM-2,CALL,23100,2026-06-11
2026-06-11 14:49:00+05:30,197.35,202.25,195.3,200.95,164840,2201940,11.556667,23193.1,23100.0,23000,ATM-2,CALL,23100,2026-06-11
2026-06-11 14:50:00+05:30,230.85,232.6,220.3,220.3,30745,502840,11.527868,23172.75,23050.0,23000,ATM-2,CALL,23100,2026-06-11
2026-06-11 14:51:00+05:30,221.85,227.1,220.3,222.45,14885,503620,11.771868,23172.4,23050.0,23000,ATM-2,CALL,23100,2026-06-11
2026-06-11 14:52:00+05:30,222.05,223.75,219.25,220.45,14430,503425,11.660596,23171.1,23050.0,23000,ATM-2,CALL,23100,2026-06-11
2026-06-11 14:53:00+05:30,219.85,224.3,219.35,222.6,11635,504010,11.677568,23174.0,23050.0,23000,ATM-2,CALL,23100,2026-06-11
2026-06-11 14:54:00+05:30,222.15,223.65,219.0,221.2,12675,501605,11.697055,23171.7,23050.0,23000,ATM-2,CALL,23100,2026-06-11
2026-06-11 14:55:00+05:30,221.4,223.2,219.0,222.15,11765,502320,11.731843,23172.6,23050.0,23000,ATM-2,CALL,23100,2026-06-11
2026-06-11 14:56:00+05:30,222.2,223.15,217.8,218.55,20735,502320,11.524314,23170.35,23050.0,23000,ATM-2,CALL,23100,2026-06-11
2026-06-11 14:57:00+05:30,218.65,220.0,215.45,217.45,24440,503945,11.700977,23166.2,23050.0,23000,ATM-2,CALL,23100,2026-06-11
2026-06-11 14:58:00+05:30,217.7,220.85,217.45,220.4,14495,507845,11.564157,23172.5,23050.0,23000,ATM-2,CALL,23100,2026-06-11
2026-06-11 14:59:00+05:30,191.75,193.25,185.65,190.65,217230,2423785,11.574235,23177.05,23100.0,23000,ATM-2,CALL,23100,2026-06-11
2026-06-11 15:00:00+05:30,229.3,236.45,211.1,211.1,65455,503425,11.8885,23154.0,23050.0,23000,ATM-2,CALL,23100,2026-06-11
2026-06-11 15:01:00+05:30,212.0,213.0,205.45,209.1,52065,510510,11.747768,23153.15,23050.0,23000,ATM-2,CALL,23100,2026-06-11
2026-06-11 15:02:00+05:30,207.0,212.65,201.45,209.85,58760,505440,11.446831,23158.8,23050.0,23000,ATM-2,CALL,23100,2026-06-11
2026-06-11 15:03:00+05:30,211.4,211.4,205.55,208.8,40040,503750,11.379951,23158.25,23050.0,23000,ATM-2,CALL,23100,2026-06-11
2026-06-11 15:04:00+05:30,209.2,210.8,206.0,206.7,28145,503750,12.042341,23145.0,23050.0,23000,ATM-2,CALL,23100,2026-06-11
2026-06-11 15:05:00+05:30,205.4,206.75,200.95,205.35,46605,509535,11.747708,23147.55,23050.0,23000,ATM-2,CALL,23100,2026-06-11
2026-06-11 15:06:00+05:30,206.6,207.0,200.4,201.25,46735,502060,11.871574,23139.35,23050.0,23000,ATM-2,CALL,23100,2026-06-11
2026-06-11 15:07:00+05:30,200.0,207.25,198.95,207.25,56290,501995,11.900785,23148.1,23050.0,23000,ATM-2,CALL,23100,2026-06-11
2026-06-11 15:08:00+05:30,208.95,210.65,205.4,205.4,50115,492765,12.458326,23136.4,23050.0,23000,ATM-2,CALL,23100,2026-06-11
2026-06-11 15:09:00+05:30,205.8,211.65,205.4,209.95,33995,492830,12.436514,23143.85,23050.0,23000,ATM-2,CALL,23100,2026-06-11
2026-06-11 15:10:00+05:30,212.7,218.65,209.95,218.65,64480,487695,12.784959,23151.75,23050.0,23000,ATM-2,CALL,23100,2026-06-11
2026-06-11 15:11:00+05:30,218.75,220.95,213.85,214.05,48230,483210,12.820096,23144.1,23050.0,23000,ATM-2,CALL,23100,2026-06-11
2026-06-11 15:12:00+05:30,213.6,220.2,211.85,219.75,47645,484510,12.906981,23151.55,23050.0,23000,ATM-2,CALL,23100,2026-06-11
2026-06-11 15:13:00+05:30,219.9,224.2,218.95,223.95,55250,470535,12.657059,23161.85,23050.0,23000,ATM-2,CALL,23100,2026-06-11
2026-06-11 15:14:00+05:30,223.55,225.95,220.55,220.85,47710,463905,12.087693,23165.8,23050.0,23000,ATM-2,CALL,23100,2026-06-11
2026-06-11 15:15:00+05:30,220.6,222.0,212.7,221.25,70655,456690,12.088298,23166.4,23050.0,23000,ATM-2,CALL,23100,2026-06-11
2026-06-11 15:16:00+05:30,191.25,200.4,190.2,200.1,400595,2161055,12.284336,23180.55,23100.0,23000,ATM-2,CALL,23100,2026-06-11
2026-06-11 15:17:00+05:30,199.85,201.95,198.3,200.6,226200,2148770,12.251264,23181.9,23100.0,23000,ATM-2,CALL,23100,2026-06-11
2026-06-11 15:18:00+05:30,200.1,201.35,195.5,196.05,229125,2146495,11.861431,23181.15,23100.0,23000,ATM-2,CALL,23100,2026-06-11
2026-06-11 15:19:00+05:30,226.7,227.05,221.35,223.35,34125,426465,11.921149,23172.0,23050.0,23000,ATM-2,CALL,23100,2026-06-11
2026-06-11 15:20:00+05:30,193.05,196.8,192.65,194.6,205595,2084875,11.904666,23178.2,23100.0,23000,ATM-2,CALL,23100,2026-06-11
2026-06-11 15:21:00+05:30,194.9,199.15,194.25,194.6,192335,2051595,11.999708,23176.65,23100.0,23000,ATM-2,CALL,23100,2026-06-11
2026-06-11 15:22:00+05:30,223.25,227.1,222.35,222.4,31005,459160,11.973133,23169.9,23050.0,23000,ATM-2,CALL,23100,2026-06-11
2026-06-11 15:23:00+05:30,222.15,226.8,220.0,225.45,25155,463840,12.212969,23170.9,23050.0,23000,ATM-2,CALL,23100,2026-06-11
2026-06-11 15:24:00+05:30,226.4,228.2,225.2,227.15,22230,458705,12.200412,23173.6,23050.0,23000,ATM-2,CALL,23100,2026-06-11
2026-06-11 15:25:00+05:30,228.45,234.95,226.3,234.95,61685,456950,12.930312,23174.4,23050.0,23000,ATM-2,CALL,23100,2026-06-11
2026-06-11 15:26:00+05:30,203.3,208.1,200.2,206.4,244595,1895465,13.131154,23176.6,23100.0,23000,ATM-2,CALL,23100,2026-06-11
2026-06-11 15:27:00+05:30,206.35,207.25,204.2,205.25,135915,1854515,12.874922,23179.1,23100.0,23000,ATM-2,CALL,23100,2026-06-11
2026-06-11 15:28:00+05:30,206.35,206.85,203.75,206.35,168870,1827020,12.924067,23180.05,23100.0,23000,ATM-2,CALL,23100,2026-06-11
2026-06-11 15:29:00+05:30,206.35,209.45,205.85,208.85,296010,1780415,12.772072,23186.55,23100.0,23000,ATM-2,CALL,23100,2026-06-11
2026-06-11 09:15:00+05:30,120.0,120.0,101.1,116.2,1833195,4632290,15.713299,23104.4,23000.0,23000,ATM-2,PUT,23100,2026-06-11
2026-06-11 09:16:00+05:30,118.45,125.4,116.2,124.95,1449760,4677985,15.740579,23082.3,23000.0,23000,ATM-2,PUT,23100,2026-06-11
2026-06-11 09:17:00+05:30,126.8,132.4,124.3,124.3,1393665,4823455,16.061481,23092.9,23000.0,23000,ATM-2,PUT,23100,2026-06-11
2026-06-11 09:18:00+05:30,123.35,124.3,117.05,119.95,973050,4937725,15.914262,23100.1,23000.0,23000,ATM-2,PUT,23100,2026-06-11
2026-06-11 09:19:00+05:30,119.8,119.95,113.7,114.15,656370,4995315,15.920509,23115.85,23000.0,23000,ATM-2,PUT,23100,2026-06-11
2026-06-11 09:20:00+05:30,135.35,138.1,126.95,128.25,440505,1433185,15.881107,23128.6,23050.0,23000,ATM-2,PUT,23100,2026-06-11
2026-06-11 09:21:00+05:30,127.9,128.95,121.75,123.3,349310,1507805,15.924653,23142.45,23050.0,23000,ATM-2,PUT,23100,2026-06-11
2026-06-11 09:22:00+05:30,123.5,127.1,120.45,123.1,303030,1564875,15.923037,23142.9,23050.0,23000,ATM-2,PUT,23100,2026-06-11
2026-06-11 09:23:00+05:30,122.4,127.1,121.0,126.05,197665,1640275,15.922162,23135.25,23050.0,23000,ATM-2,PUT,23100,2026-06-11
2026-06-11 09:24:00+05:30,106.65,114.45,105.55,112.8,853645,5927220,15.830508,23116.8,23000.0,23000,ATM-2,PUT,23100,2026-06-11
2026-06-11 09:25:00+05:30,112.45,114.75,111.35,114.0,603070,5887440,15.675759,23109.0,23000.0,23000,ATM-2,PUT,23100,2026-06-11
2026-06-11 09:26:00+05:30,114.0,116.0,111.9,113.2,584350,5844930,15.549886,23107.5,23000.0,23000,ATM-2,PUT,23100,2026-06-11
2026-06-11 09:27:00+05:30,113.7,120.2,112.25,116.45,775060,5826275,15.643728,23101.45,23000.0,23000,ATM-2,PUT,23100,2026-06-11
2026-06-11 09:28:00+05:30,116.4,116.45,110.0,110.4,618540,5815550,15.635329,23117.6,23000.0,23000,ATM-2,PUT,23100,2026-06-11
2026-06-11 09:29:00+05:30,110.5,111.6,107.0,109.55,447395,5854030,15.702054,23121.9,23000.0,23000,ATM-2,PUT,23100,2026-06-11
2026-06-11 09:30:00+05:30,109.8,116.7,109.45,115.95,475345,5898165,15.909134,23110.35,23000.0,23000,ATM-2,PUT,23100,2026-06-11
2026-06-11 09:31:00+05:30,115.95,118.05,111.35,111.35,561015,5909150,15.703447,23116.9,23000.0,23000,ATM-2,PUT,23100,2026-06-11
2026-06-11 09:32:00+05:30,111.3,113.2,107.7,113.2,475345,6000215,15.777196,23113.95,23000.0,23000,ATM-2,PUT,23100,2026-06-11
2026-06-11 09:33:00+05:30,113.4,119.0,112.8,118.25,536380,6052540,15.821609,23101.6,23000.0,23000,ATM-2,PUT,23100,2026-06-11
2026-06-11 09:34:00+05:30,118.15,118.5,113.05,113.75,385645,6050525,15.682364,23109.65,23000.0,23000,ATM-2,PUT,23100,2026-06-11
2026-06-11 09:35:00+05:30,114.55,120.65,114.25,120.15,533000,6134700,15.836277,23096.95,23000.0,23000,ATM-2,PUT,23100,2026-06-11
2026-06-11 09:36:00+05:30,120.0,120.4,112.7,112.7,442130,6098950,15.678638,23112.35,23000.0,23000,ATM-2,PUT,23100,2026-06-11
2026-06-11 09:37:00+05:30,112.8,113.8,108.75,110.35,435825,6160505,15.69777,23119.35,23000.0,23000,ATM-2,PUT,23100,2026-06-11
2026-06-11 09:38:00+05:30,129.75,131.05,123.3,125.1,290680,1985555,15.656503,23129.95,23050.0,23000,ATM-2,PUT,23100,2026-06-11
2026-06-11 09:39:00+05:30,125.4,125.4,120.6,122.55,280670,1986725,15.50969,23132.35,23050.0,23000,ATM-2,PUT,23100,2026-06-11
2026-06-11 09:40:00+05:30,103.0,108.1,102.8,108.1,443105,6524115,15.501352,23119.75,23000.0,23000,ATM-2,PUT,23100,2026-06-11
2026-06-11 09:41:00+05:30,108.1,108.6,105.95,107.0,355160,6636240,15.418438,23120.35,23000.0,23000,ATM-2,PUT,23100,2026-06-11
2026-06-11 09:42:00+05:30,107.2,109.5,105.35,107.15,366990,6698835,15.421615,23120.0,23000.0,23000,ATM-2,PUT,23100,2026-06-11
2026-06-11 09:43:00+05:30,127.95,128.25,117.2,118.0,398450,2173990,15.412752,23141.3,23050.0,23000,ATM-2,PUT,23100,2026-06-11
2026-06-11 09:44:00+05:30,117.5,118.25,115.0,116.7,195260,2192450,15.397368,23144.25,23050.0,23000,ATM-2,PUT,23100,2026-06-11
2026-06-11 09:45:00+05:30,116.55,119.7,113.7,115.95,249405,2225340,15.37788,23145.65,23050.0,23000,ATM-2,PUT,23100,2026-06-11
2026-06-11 09:46:00+05:30,116.05,117.75,113.0,113.65,136045,2242110,15.471905,23154.45,23050.0,23000,ATM-2,PUT,23100,2026-06-11
2026-06-11 09:47:00+05:30,113.55,117.75,113.55,117.7,109395,2246400,15.684188,23149.7,23050.0,23000,ATM-2,PUT,23100,2026-06-11
2026-06-11 09:48:00+05:30,117.5,120.85,116.2,120.85,123695,2258620,15.687525,23141.5,23050.0,23000,ATM-2,PUT,23100,2026-06-11
2026-06-11 09:49:00+05:30,120.15,121.1,115.1,115.75,100815,2276170,15.630245,23153.3,23050.0,23000,ATM-2,PUT,23100,2026-06-11
2026-06-11 09:50:00+05:30,115.05,119.4,109.4,110.65,286325,2292550,15.485577,23162.9,23050.0,23000,ATM-2,PUT,23100,2026-06-11
2026-06-11 09:51:00+05:30,111.6,112.2,108.15,109.55,212030,2320305,15.539912,23167.5,23050.0,23000,ATM-2,PUT,23100,2026-06-11
2026-06-11 09:52:00+05:30,109.65,112.7,108.8,110.0,151515,2371005,15.695253,23170.8,23050.0,23000,ATM-2,PUT,23100,2026-06-11
2026-06-11 09:53:00+05:30,109.6,111.45,108.05,109.35,112255,2399085,15.685552,23172.3,23050.0,23000,ATM-2,PUT,23100,2026-06-11
2026-06-11 09:54:00+05:30,109.2,115.55,109.05,114.85,141635,2423200,15.51745,23152.35,23050.0,23000,ATM-2,PUT,23100,2026-06-11
2026-06-11 09:55:00+05:30,115.2,119.45,114.35,117.95,267865,2417935,15.437463,23141.85,23050.0,23000,ATM-2,PUT,23100,2026-06-11
2026-06-11 09:56:00+05:30,118.0,120.0,114.75,119.45,124215,2431650,15.529226,23140.5,23050.0,23000,ATM-2,PUT,23100,2026-06-11
2026-06-11 09:57:00+05:30,119.9,123.55,118.85,122.65,262145,2427100,15.490499,23131.15,23050.0,23000,ATM-2,PUT,23100,2026-06-11
2026-06-11 09:58:00+05:30,103.45,108.0,103.3,107.75,744900,7433985,15.311387,23114.7,23000.0,23000,ATM-2,PUT,23100,2026-06-11
2026-06-11 09:59:00+05:30,107.25,108.9,104.55,107.55,557115,7259915,15.392097,23117.6,23000.0,23000,ATM-2,PUT,23100,2026-06-11
2026-06-11 10:00:00+05:30,126.8,127.35,120.8,121.0,198445,2320890,15.306879,23130.2,23050.0,23000,ATM-2,PUT,23100,2026-06-11
2026-06-11 10:01:00+05:30,120.75,122.1,118.45,120.75,131300,2323100,15.367465,23132.5,23050.0,23000,ATM-2,PUT,23100,2026-06-11
2026-06-11 10:02:00+05:30,101.55,105.9,101.4,104.15,302055,7285395,15.251334,23122.9,23000.0,23000,ATM-2,PUT,23100,2026-06-11
2026-06-11 10:03:00+05:30,104.75,107.55,100.5,106.2,273715,7306585,15.377751,23120.85,23000.0,23000,ATM-2,PUT,23100,2026-06-11
2026-06-11 10:04:00+05:30,106.25,110.25,104.95,110.25,459875,7318155,15.34089,23108.55,23000.0,23000,ATM-2,PUT,23100,2026-06-11
2026-06-11 10:05:00+05:30,110.25,111.95,107.25,107.65,543790,7230145,15.217108,23112.05,23000.0,23000,ATM-2,PUT,23100,2026-06-11
2026-06-11 10:06:00+05:30,128.0,128.75,116.75,118.3,248885,2289430,15.31722,23137.3,23050.0,23000,ATM-2,PUT,23100,2026-06-11
2026-06-11 10:07:00+05:30,118.4,119.8,112.0,113.05,213330,2275130,15.201533,23147.8,23050.0,23000,ATM-2,PUT,23100,2026-06-11
2026-06-11 10:08:00+05:30,113.1,114.7,108.5,109.4,202215,2301325,15.176999,23156.9,23050.0,23000,ATM-2,PUT,23100,2026-06-11
2026-06-11 10:09:00+05:30,108.8,111.15,107.3,110.9,200070,2369445,15.320196,23156.95,23050.0,23000,ATM-2,PUT,23100,2026-06-11
2026-06-11 10:10:00+05:30,111.3,111.55,107.1,109.35,158925,2424825,15.222126,23158.3,23050.0,23000,ATM-2,PUT,23100,2026-06-11
2026-06-11 10:11:00+05:30,109.1,109.35,106.4,107.15,145015,2448225,15.176963,23163.0,23050.0,23000,ATM-2,PUT,23100,2026-06-11
2026-06-11 10:12:00+05:30,107.35,111.05,106.4,110.1,131950,2483130,15.237298,23156.65,23050.0,23000,ATM-2,PUT,23100,2026-06-11
2026-06-11 10:13:00+05:30,110.5,110.9,108.1,108.9,94510,2480855,15.232124,23159.75,23050.0,23000,ATM-2,PUT,23100,2026-06-11
2026-06-11 10:14:00+05:30,108.5,113.95,107.45,113.55,155610,2506920,15.243317,23147.5,23050.0,23000,ATM-2,PUT,23100,2026-06-11
2026-06-11 10:15:00+05:30,112.6,113.55,108.15,109.35,118495,2501785,15.212445,23157.9,23050.0,23000,ATM-2,PUT,23100,2026-06-11
2026-06-11 10:16:00+05:30,108.6,109.35,105.15,107.35,203710,2528305,15.266385,23164.95,23050.0,23000,ATM-2,PUT,23100,2026-06-11
2026-06-11 10:17:00+05:30,107.25,107.5,104.0,104.85,136955,2548130,15.173238,23169.15,23050.0,23000,ATM-2,PUT,23100,2026-06-11
2026-06-11 10:18:00+05:30,104.65,107.65,102.8,103.5,125190,2548195,15.175567,23173.0,23050.0,23000,ATM-2,PUT,23100,2026-06-11
2026-06-11 10:19:00+05:30,122.85,123.05,118.6,118.6,651040,7852325,15.17695,23183.15,23100.0,23000,ATM-2,PUT,23100,2026-06-11
2026-06-11 10:20:00+05:30,118.65,121.05,116.6,116.65,607360,7992075,15.250417,23190.25,23100.0,23000,ATM-2,PUT,23100,2026-06-11
2026-06-11 10:21:00+05:30,117.5,122.35,116.65,121.9,568425,8067540,15.446563,23182.15,23100.0,23000,ATM-2,PUT,23100,2026-06-11
2026-06-11 10:22:00+05:30,121.0,123.6,121.0,122.8,368355,8186035,15.449041,23179.9,23100.0,23000,ATM-2,PUT,23100,2026-06-11
2026-06-11 10:23:00+05:30,123.1,123.2,120.45,121.75,312325,8277685,15.412818,23181.55,23100.0,23000,ATM-2,PUT,23100,2026-06-11
2026-06-11 10:24:00+05:30,122.5,124.55,121.3,123.45,277095,8304010,15.504992,23179.75,23100.0,23000,ATM-2,PUT,23100,2026-06-11
2026-06-11 10:25:00+05:30,123.65,124.25,122.55,123.5,199290,8297705,15.49595,23179.35,23100.0,23000,ATM-2,PUT,23100,2026-06-11
2026-06-11 10:26:00+05:30,123.3,123.6,117.4,117.5,411190,8312200,15.436629,23193.15,23100.0,23000,ATM-2,PUT,23100,2026-06-11
2026-06-11 10:27:00+05:30,117.5,118.2,112.35,112.35,848055,8317010,15.462645,23207.6,23100.0,23000,ATM-2,PUT,23100,2026-06-11
2026-06-11 10:28:00+05:30,112.0,117.65,111.8,116.2,513825,8382270,15.537471,23199.4,23100.0,23000,ATM-2,PUT,23100,2026-06-11
2026-06-11 10:29:00+05:30,116.5,117.2,114.15,116.25,205790,8440445,15.546459,23199.5,23100.0,23000,ATM-2,PUT,23100,2026-06-11
2026-06-11 10:30:00+05:30,116.0,121.3,113.8,120.5,469560,8501545,15.566677,23188.9,23100.0,23000,ATM-2,PUT,23100,2026-06-11
2026-06-11 10:31:00+05:30,120.6,121.3,115.25,116.2,442845,8476000,15.531221,23199.15,23100.0,23000,ATM-2,PUT,23100,2026-06-11
2026-06-11 10:32:00+05:30,115.7,117.35,112.7,114.9,252200,8546005,15.580308,23204.0,23100.0,23000,ATM-2,PUT,23100,2026-06-11
2026-06-11 10:33:00+05:30,115.25,118.35,114.65,115.25,220935,8584550,15.437494,23198.95,23100.0,23000,ATM-2,PUT,23100,2026-06-11
2026-06-11 10:34:00+05:30,116.05,117.05,115.25,116.85,102505,8606520,15.652005,23200.8,23100.0,23000,ATM-2,PUT,23100,2026-06-11
2026-06-11 10:35:00+05:30,116.8,116.85,114.05,116.6,240955,8633690,15.650575,23201.4,23100.0,23000,ATM-2,PUT,23100,2026-06-11
2026-06-11 10:36:00+05:30,116.8,120.45,116.6,119.05,330135,8630115,15.696412,23196.2,23100.0,23000,ATM-2,PUT,23100,2026-06-11
2026-06-11 10:37:00+05:30,118.05,121.3,117.55,119.75,185965,8683090,15.609906,23191.9,23100.0,23000,ATM-2,PUT,23100,2026-06-11
2026-06-11 10:38:00+05:30,118.65,119.75,116.75,116.8,212225,8666255,15.591138,23199.1,23100.0,23000,ATM-2,PUT,23100,2026-06-11
2026-06-11 10:39:00+05:30,115.8,117.3,113.4,114.4,265200,8673860,15.6593,23207.45,23100.0,23000,ATM-2,PUT,23100,2026-06-11
2026-06-11 10:40:00+05:30,114.3,116.0,112.35,113.15,238095,8736065,15.713986,23212.4,23100.0,23000,ATM-2,PUT,23100,2026-06-11
2026-06-11 10:41:00+05:30,113.1,117.85,112.75,117.85,239850,8723975,15.843789,23203.45,23100.0,23000,ATM-2,PUT,23100,2026-06-11
2026-06-11 10:42:00+05:30,117.05,118.45,115.8,116.2,275925,8740875,15.774476,23205.85,23100.0,23000,ATM-2,PUT,23100,2026-06-11
2026-06-11 10:43:00+05:30,116.15,117.85,115.0,117.65,132795,8787350,15.779634,23202.1,23100.0,23000,ATM-2,PUT,23100,2026-06-11
2026-06-11 10:44:00+05:30,117.3,119.5,116.2,116.4,153920,8761415,15.760023,23204.85,23100.0,23000,ATM-2,PUT,23100,2026-06-11
2026-06-11 10:45:00+05:30,117.05,119.95,116.15,116.35,215865,8767980,15.747493,23204.6,23100.0,23000,ATM-2,PUT,23100,2026-06-11
2026-06-11 10:46:00+05:30,116.55,117.05,113.95,116.4,167440,8818160,15.822671,23206.6,23100.0,23000,ATM-2,PUT,23100,2026-06-11
2026-06-11 10:47:00+05:30,116.75,117.45,114.6,114.85,131105,8839025,15.808614,23210.35,23100.0,23000,ATM-2,PUT,23100,2026-06-11
2026-06-11 10:48:00+05:30,114.6,118.7,114.0,116.8,215020,8869770,15.830401,23205.7,23100.0,23000,ATM-2,PUT,23100,2026-06-11
2026-06-11 10:49:00+05:30,116.8,120.35,116.15,120.15,221000,8843575,15.722734,23193.75,23100.0,23000,ATM-2,PUT,23100,2026-06-11
2026-06-11 10:50:00+05:30,120.15,122.35,119.8,121.8,524225,8823555,15.614105,23186.4,23100.0,23000,ATM-2,PUT,23100,2026-06-11
2026-06-11 10:51:00+05:30,121.6,121.8,117.35,120.25,327730,8874580,15.600349,23190.0,23100.0,23000,ATM-2,PUT,23100,2026-06-11
2026-06-11 10:52:00+05:30,120.4,120.8,118.2,120.55,139035,8897915,15.559346,23188.05,23100.0,23000,ATM-2,PUT,23100,2026-06-11
2026-06-11 10:53:00+05:30,101.95,105.3,101.95,104.65,151905,2815540,15.37781,23174.9,23050.0,23000,ATM-2,PUT,23100,2026-06-11
2026-06-11 10:54:00+05:30,104.75,106.1,103.85,104.75,173355,2847325,15.381443,23174.7,23050.0,23000,ATM-2,PUT,23100,2026-06-11
2026-06-11 10:55:00+05:30,104.9,106.7,104.05,104.9,147355,2846090,15.346023,23173.2,23050.0,23000,ATM-2,PUT,23100,2026-06-11
2026-06-11 10:56:00+05:30,124.6,125.0,121.6,122.75,260130,8708310,15.468939,23179.8,23100.0,23000,ATM-2,PUT,23100,2026-06-11
2026-06-11 10:57:00+05:30,122.4,124.75,122.0,123.15,192530,8664305,15.415917,23177.3,23100.0,23000,ATM-2,PUT,23100,2026-06-11
2026-06-11 10:58:00+05:30,123.6,125.65,121.85,124.3,206570,8646560,15.46241,23175.65,23100.0,23000,ATM-2,PUT,23100,2026-06-11
2026-06-11 10:59:00+05:30,124.8,126.0,121.45,122.1,323765,8639540,15.293734,23176.55,23100.0,23000,ATM-2,PUT,23100,2026-06-11
2026-06-11 11:00:00+05:30,102.8,106.1,100.95,106.0,102115,2839655,15.327915,23169.45,23050.0,23000,ATM-2,PUT,23100,2026-06-11
2026-06-11 11:01:00+05:30,106.0,107.8,104.0,107.15,215800,2856685,15.359633,23167.15,23050.0,23000,ATM-2,PUT,23100,2026-06-11
2026-06-11 11:02:00+05:30,106.5,107.7,104.75,105.35,148200,2858635,15.215242,23167.9,23050.0,23000,ATM-2,PUT,23100,2026-06-11
2026-06-11 11:03:00+05:30,125.75,126.35,120.3,120.3,337740,8708765,15.272421,23180.45,23100.0,23000,ATM-2,PUT,23100,2026-06-11
2026-06-11 11:04:00+05:30,120.05,120.95,118.2,120.65,435630,8665605,15.347013,23181.6,23100.0,23000,ATM-2,PUT,23100,2026-06-11
2026-06-11 11:05:00+05:30,119.55,120.65,112.05,112.85,683475,8644415,15.269907,23199.8,23100.0,23000,ATM-2,PUT,23100,2026-06-11
2026-06-11 11:06:00+05:30,111.85,116.3,111.05,111.8,399685,8652540,15.325802,23204.2,23100.0,23000,ATM-2,PUT,23100,2026-06-11
2026-06-11 11:07:00+05:30,111.8,117.45,109.9,117.45,505050,8652995,15.356007,23190.05,23100.0,23000,ATM-2,PUT,23100,2026-06-11
2026-06-11 11:08:00+05:30,117.3,117.55,112.85,114.65,288015,8668595,15.264765,23194.8,23100.0,23000,ATM-2,PUT,23100,2026-06-11
2026-06-11 11:09:00+05:30,115.15,119.9,114.65,116.0,286910,8629465,15.347089,23193.55,23100.0,23000,ATM-2,PUT,23100,2026-06-11
2026-06-11 11:10:00+05:30,116.7,118.7,115.45,115.45,164385,8683480,15.224227,23191.5,23100.0,23000,ATM-2,PUT,23100,2026-06-11
2026-06-11 11:11:00+05:30,116.4,117.85,114.85,117.25,172120,8729175,15.310509,23189.2,23100.0,23000,ATM-2,PUT,23100,2026-06-11
2026-06-11 11:12:00+05:30,117.2,119.0,116.7,117.9,145340,8728070,15.293137,23187.0,23100.0,23000,ATM-2,PUT,23100,2026-06-11
2026-06-11 11:13:00+05:30,117.85,118.75,115.7,117.4,182000,8717085,15.18507,23185.25,23100.0,23000,ATM-2,PUT,23100,2026-06-11
2026-06-11 11:14:00+05:30,117.3,119.85,116.45,118.5,176280,8695440,15.214185,23183.2,23100.0,23000,ATM-2,PUT,23100,2026-06-11
2026-06-11 11:15:00+05:30,118.65,119.75,116.2,116.6,164580,8687575,15.219661,23188.25,23100.0,23000,ATM-2,PUT,23100,2026-06-11
2026-06-11 11:16:00+05:30,117.2,118.3,116.0,116.4,107640,8700965,15.244632,23189.45,23100.0,23000,ATM-2,PUT,23100,2026-06-11
2026-06-11 11:17:00+05:30,116.55,118.75,114.25,114.8,202215,8699340,15.256148,23193.95,23100.0,23000,ATM-2,PUT,23100,2026-06-11
2026-06-11 11:18:00+05:30,114.85,115.95,110.05,110.25,274755,8735025,15.223303,23205.15,23100.0,23000,ATM-2,PUT,23100,2026-06-11
2026-06-11 11:19:00+05:30,110.0,112.5,108.5,112.5,343720,8769215,15.376089,23203.45,23100.0,23000,ATM-2,PUT,23100,2026-06-11
2026-06-11 11:20:00+05:30,112.55,113.5,107.9,108.1,289575,8819785,15.277531,23212.55,23100.0,23000,ATM-2,PUT,23100,2026-06-11
2026-06-11 11:21:00+05:30,107.95,108.5,105.45,105.9,396305,8863920,15.334121,23220.3,23100.0,23000,ATM-2,PUT,23100,2026-06-11
2026-06-11 11:22:00+05:30,105.8,108.85,105.8,108.7,293865,8878740,15.388929,23214.1,23100.0,23000,ATM-2,PUT,23100,2026-06-11
2026-06-11 11:23:00+05:30,108.8,109.6,106.3,109.6,264485,8915075,15.438711,23213.05,23100.0,23000,ATM-2,PUT,23100,2026-06-11
2026-06-11 11:24:00+05:30,109.1,110.75,106.75,107.6,245375,8928595,15.436737,23218.5,23100.0,23000,ATM-2,PUT,23100,2026-06-11
2026-06-11 11:25:00+05:30,107.35,107.95,105.45,107.6,185055,8993985,15.345572,23215.8,23100.0,23000,ATM-2,PUT,23100,2026-06-11
2026-06-11 11:26:00+05:30,126.7,127.1,120.6,120.6,289575,4747860,15.218212,23228.5,23150.0,23000,ATM-2,PUT,23100,2026-06-11
2026-06-11 11:27:00+05:30,120.25,120.6,117.25,117.45,404365,4701320,15.129895,23234.1,23150.0,23000,ATM-2,PUT,23100,2026-06-11
2026-06-11 11:28:00+05:30,116.8,118.35,115.9,116.65,260585,4679220,15.126387,23236.05,23150.0,23000,ATM-2,PUT,23100,2026-06-11
2026-06-11 11:29:00+05:30,117.35,120.5,116.65,117.45,198575,4687995,15.179806,23235.45,23150.0,23000,ATM-2,PUT,23100,2026-06-11
2026-06-11 11:30:00+05:30,117.2,118.9,114.85,118.8,242450,4732780,15.332314,23236.2,23150.0,23000,ATM-2,PUT,23100,2026-06-11
2026-06-11 11:31:00+05:30,117.5,121.95,117.15,120.2,236795,4778215,15.105775,23226.3,23150.0,23000,ATM-2,PUT,23100,2026-06-11
2026-06-11 11:32:00+05:30,120.55,123.2,120.2,121.15,178295,4774120,15.188566,23226.15,23150.0,23000,ATM-2,PUT,23100,2026-06-11
2026-06-11 11:33:00+05:30,121.35,121.35,117.95,120.15,120640,4778930,15.364548,23233.55,23150.0,23000,ATM-2,PUT,23100,2026-06-11
2026-06-11 11:34:00+05:30,119.4,122.9,119.35,122.6,136695,4789915,15.330856,23226.35,23150.0,23000,ATM-2,PUT,23100,2026-06-11
2026-06-11 11:35:00+05:30,122.7,124.0,119.8,119.8,172705,4775290,15.362611,23234.35,23150.0,23000,ATM-2,PUT,23100,2026-06-11
2026-06-11 11:36:00+05:30,101.75,105.8,101.6,105.5,179920,9173320,15.354346,23221.65,23100.0,23000,ATM-2,PUT,23100,2026-06-11
2026-06-11 11:37:00+05:30,105.3,106.0,104.2,105.9,309465,9343360,15.271113,23218.05,23100.0,23000,ATM-2,PUT,23100,2026-06-11
2026-06-11 11:38:00+05:30,105.55,107.6,105.1,107.4,380380,9371245,15.320418,23215.3,23100.0,23000,ATM-2,PUT,23100,2026-06-11
2026-06-11 11:39:00+05:30,107.6,108.1,104.4,105.15,286650,9221485,15.367496,23222.95,23100.0,23000,ATM-2,PUT,23100,2026-06-11
2026-06-11 11:40:00+05:30,105.2,106.1,103.25,105.65,136630,9224670,15.419319,23223.05,23100.0,23000,ATM-2,PUT,23100,2026-06-11
2026-06-11 11:41:00+05:30,124.35,125.25,120.35,120.75,105820,4744155,15.309417,23230.3,23150.0,23000,ATM-2,PUT,23100,2026-06-11
2026-06-11 11:42:00+05:30,121.0,121.75,113.8,113.85,241345,4734535,15.180921,23244.6,23150.0,23000,ATM-2,PUT,23100,2026-06-11
2026-06-11 11:43:00+05:30,114.8,117.85,113.85,117.4,152425,4743700,15.404016,23241.55,23150.0,23000,ATM-2,PUT,23100,2026-06-11
2026-06-11 11:44:00+05:30,117.45,117.8,111.95,112.1,212550,4781335,15.337603,23253.7,23150.0,23000,ATM-2,PUT,23100,2026-06-11
2026-06-11 11:45:00+05:30,111.75,114.15,110.35,113.25,233285,4797975,15.458302,23254.05,23150.0,23000,ATM-2,PUT,23100,2026-06-11
2026-06-11 11:46:00+05:30,113.0,113.95,111.95,112.0,121355,4823065,15.47215,23257.8,23150.0,23000,ATM-2,PUT,23100,2026-06-11
2026-06-11 11:47:00+05:30,111.85,113.5,106.6,106.75,413530,4868695,15.368617,23269.2,23150.0,23000,ATM-2,PUT,23100,2026-06-11
2026-06-11 11:48:00+05:30,106.0,110.7,106.0,108.55,279695,4953715,15.510984,23268.35,23150.0,23000,ATM-2,PUT,23100,2026-06-11
2026-06-11 11:49:00+05:30,108.75,111.0,108.2,110.2,247520,4975035,15.560116,23265.2,23150.0,23000,ATM-2,PUT,23100,2026-06-11
2026-06-11 11:50:00+05:30,109.85,110.2,107.5,107.75,124540,5035940,15.621844,23273.8,23150.0,23000,ATM-2,PUT,23100,2026-06-11
2026-06-11 11:51:00+05:30,107.3,109.0,107.05,109.0,123825,5063240,15.574838,23268.9,23150.0,23000,ATM-2,PUT,23100,2026-06-11
2026-06-11 11:52:00+05:30,108.9,110.65,107.55,108.25,141830,5083065,15.545519,23270.1,23150.0,23000,ATM-2,PUT,23100,2026-06-11
2026-06-11 11:53:00+05:30,108.25,109.3,107.25,107.6,90415,5119270,15.620316,23274.1,23150.0,23000,ATM-2,PUT,23100,2026-06-11
2026-06-11 11:54:00+05:30,107.5,108.45,105.65,107.9,164255,5138315,15.610735,23272.95,23150.0,23000,ATM-2,PUT,23100,2026-06-11
2026-06-11 11:55:00+05:30,107.7,107.95,106.25,107.85,94640,5154825,15.635623,23273.8,23150.0,23000,ATM-2,PUT,23100,2026-06-11
2026-06-11 11:56:00+05:30,126.8,127.9,120.05,120.1,647270,9808435,15.411385,23285.3,23200.0,23000,ATM-2,PUT,23100,2026-06-11
2026-06-11 11:57:00+05:30,120.3,122.6,120.1,120.95,355355,9862645,15.478148,23284.95,23200.0,23000,ATM-2,PUT,23100,2026-06-11
2026-06-11 11:58:00+05:30,121.0,121.15,117.3,120.25,545545,9863490,15.626992,23290.9,23200.0,23000,ATM-2,PUT,23100,2026-06-11
2026-06-11 11:59:00+05:30,120.0,123.15,119.9,123.0,292955,9876490,15.604162,23283.15,23200.0,23000,ATM-2,PUT,23100,2026-06-11
2026-06-11 12:00:00+05:30,121.05,123.0,119.3,122.55,268840,9940645,15.613941,23284.55,23200.0,23000,ATM-2,PUT,23100,2026-06-11
2026-06-11 12:01:00+05:30,122.55,122.95,120.4,121.25,188110,10003110,15.638207,23288.55,23200.0,23000,ATM-2,PUT,23100,2026-06-11
2026-06-11 12:02:00+05:30,121.2,122.9,120.55,122.4,175890,10019815,15.643143,23285.7,23200.0,23000,ATM-2,PUT,23100,2026-06-11
2026-06-11 12:03:00+05:30,122.0,122.55,120.0,120.9,283400,10090925,15.65933,23290.0,23200.0,23000,ATM-2,PUT,23100,2026-06-11
2026-06-11 12:04:00+05:30,121.0,122.75,120.9,122.4,139165,10111465,15.680756,23286.7,23200.0,23000,ATM-2,PUT,23100,2026-06-11
2026-06-11 12:05:00+05:30,121.8,125.5,121.25,124.15,308360,10118225,15.642927,23281.15,23200.0,23000,ATM-2,PUT,23100,2026-06-11
2026-06-11 12:06:00+05:30,122.55,125.0,122.55,123.8,205335,10198435,15.645907,23282.1,23200.0,23000,ATM-2,PUT,23100,2026-06-11
2026-06-11 12:07:00+05:30,123.35,123.8,119.75,120.0,253695,10234315,15.590103,23290.3,23200.0,23000,ATM-2,PUT,23100,2026-06-11
2026-06-11 12:08:00+05:30,120.35,123.8,119.95,122.15,194740,10249005,15.589204,23284.7,23200.0,23000,ATM-2,PUT,23100,2026-06-11
2026-06-11 12:09:00+05:30,122.25,124.05,121.4,123.7,105235,10268700,15.68079,23283.25,23200.0,23000,ATM-2,PUT,23100,2026-06-11
2026-06-11 12:10:00+05:30,123.8,125.0,122.85,124.6,228020,10294960,15.599712,23278.7,23200.0,23000,ATM-2,PUT,23100,2026-06-11
2026-06-11 12:11:00+05:30,124.3,126.5,123.5,125.25,257790,10309845,15.618498,23277.55,23200.0,23000,ATM-2,PUT,23100,2026-06-11
2026-06-11 12:12:00+05:30,123.95,125.55,122.7,122.75,181350,10330710,15.595723,23283.25,23200.0,23000,ATM-2,PUT,23100,2026-06-11
2026-06-11 12:13:00+05:30,122.95,123.8,121.2,122.45,164840,10356645,15.684076,23286.45,23200.0,23000,ATM-2,PUT,23100,2026-06-11
2026-06-11 12:14:00+05:30,122.65,124.0,121.15,121.15,133055,10397010,15.604209,23287.55,23200.0,23000,ATM-2,PUT,23100,2026-06-11
2026-06-11 12:15:00+05:30,121.3,121.3,114.6,116.4,756990,10338640,15.644146,23301.1,23200.0,23000,ATM-2,PUT,23100,2026-06-11
2026-06-11 12:16:00+05:30,116.2,119.4,114.25,114.25,416390,10296910,15.559497,23304.4,23200.0,23000,ATM-2,PUT,23100,2026-06-11
2026-06-11 12:17:00+05:30,114.15,118.0,113.0,117.8,401570,10276045,15.65498,23297.65,23200.0,23000,ATM-2,PUT,23100,2026-06-11
2026-06-11 12:18:00+05:30,117.9,119.95,117.1,119.3,218855,10306920,15.676801,23294.3,23200.0,23000,ATM-2,PUT,23100,2026-06-11
2026-06-11 12:19:00+05:30,119.0,121.4,118.35,121.4,285220,10320895,15.701416,23289.5,23200.0,23000,ATM-2,PUT,23100,2026-06-11
2026-06-11 12:20:00+05:30,121.4,123.15,119.9,122.95,349635,10431460,15.646228,23283.95,23200.0,23000,ATM-2,PUT,23100,2026-06-11
2026-06-11 12:21:00+05:30,122.85,123.85,121.2,122.5,248690,10517650,15.578472,23283.2,23200.0,23000,ATM-2,PUT,23100,2026-06-11
2026-06-11 12:22:00+05:30,122.55,122.55,120.55,121.85,176605,10539100,15.668603,23287.35,23200.0,23000,ATM-2,PUT,23100,2026-06-11
2026-06-11 12:23:00+05:30,121.5,122.8,119.1,120.15,170950,10552360,15.726271,23293.35,23200.0,23000,ATM-2,PUT,23100,2026-06-11
2026-06-11 12:24:00+05:30,120.5,122.15,119.75,119.75,125515,10577645,15.633057,23291.75,23200.0,23000,ATM-2,PUT,23100,2026-06-11
2026-06-11 12:25:00+05:30,119.9,123.45,119.5,122.0,206375,10539555,15.733469,23288.7,23200.0,23000,ATM-2,PUT,23100,2026-06-11
2026-06-11 12:26:00+05:30,121.75,122.0,118.9,121.15,159575,10539555,15.796733,23292.65,23200.0,23000,ATM-2,PUT,23100,2026-06-11
2026-06-11 12:27:00+05:30,120.7,121.35,119.6,119.95,86905,10569780,15.693348,23292.85,23200.0,23000,ATM-2,PUT,23100,2026-06-11
2026-06-11 12:28:00+05:30,120.2,121.95,117.55,119.1,209625,10578295,15.896615,23300.8,23200.0,23000,ATM-2,PUT,23100,2026-06-11
2026-06-11 12:29:00+05:30,118.6,120.2,117.85,119.4,102050,10645440,15.812472,23297.6,23200.0,23000,ATM-2,PUT,23100,2026-06-11
2026-06-11 12:30:00+05:30,118.7,119.4,115.0,116.2,382070,10655190,15.808064,23305.95,23200.0,23000,ATM-2,PUT,23100,2026-06-11
2026-06-11 12:31:00+05:30,116.75,118.0,112.15,112.9,408135,10681775,15.847104,23316.0,23200.0,23000,ATM-2,PUT,23100,2026-06-11
2026-06-11 12:32:00+05:30,113.0,113.3,110.05,110.55,522795,10650575,15.766481,23320.1,23200.0,23000,ATM-2,PUT,23100,2026-06-11
2026-06-11 12:33:00+05:30,110.4,112.8,110.4,110.75,193765,10617100,15.647756,23316.05,23200.0,23000,ATM-2,PUT,23100,2026-06-11
2026-06-11 12:34:00+05:30,111.0,111.65,109.55,110.35,319670,10660195,15.815743,23322.05,23200.0,23000,ATM-2,PUT,23100,2026-06-11
2026-06-11 12:35:00+05:30,109.2,114.55,107.8,112.5,449020,10756980,15.714795,23313.15,23200.0,23000,ATM-2,PUT,23100,2026-06-11
2026-06-11 12:36:00+05:30,112.05,113.65,111.75,112.95,246805,10768420,15.572935,23307.8,23200.0,23000,ATM-2,PUT,23100,2026-06-11
2026-06-11 12:37:00+05:30,113.0,115.55,112.1,114.85,366730,10821785,15.236384,23293.1,23200.0,23000,ATM-2,PUT,23100,2026-06-11
2026-06-11 12:38:00+05:30,114.7,117.4,114.0,116.95,251160,10828480,15.452247,23293.65,23200.0,23000,ATM-2,PUT,23100,2026-06-11
2026-06-11 12:39:00+05:30,117.1,117.1,114.05,114.5,301340,10833030,15.36596,23297.65,23200.0,23000,ATM-2,PUT,23100,2026-06-11
2026-06-11 12:40:00+05:30,114.25,116.3,114.0,115.7,156650,10830430,15.487638,23297.9,23200.0,23000,ATM-2,PUT,23100,2026-06-11
2026-06-11 12:41:00+05:30,115.3,117.2,115.0,117.0,170365,10868390,15.512587,23295.15,23200.0,23000,ATM-2,PUT,23100,2026-06-11
2026-06-11 12:42:00+05:30,117.1,118.8,116.0,117.5,357240,10878985,15.609565,23296.55,23200.0,23000,ATM-2,PUT,23100,2026-06-11
2026-06-11 12:43:00+05:30,117.45,120.15,116.2,117.55,262015,10950550,15.507002,23293.5,23200.0,23000,ATM-2,PUT,23100,2026-06-11
2026-06-11 12:44:00+05:30,117.75,118.1,115.9,116.85,149305,10875345,15.534769,23296.1,23200.0,23000,ATM-2,PUT,23100,2026-06-11
2026-06-11 12:45:00+05:30,116.9,118.5,116.3,117.4,126100,10897770,15.549705,23295.05,23200.0,23000,ATM-2,PUT,23100,2026-06-11
2026-06-11 12:46:00+05:30,116.1,117.4,113.4,114.75,246090,10941775,15.52696,23301.4,23200.0,23000,ATM-2,PUT,23100,2026-06-11
2026-06-11 12:47:00+05:30,114.35,118.1,113.4,117.6,177060,10911810,15.506171,23293.25,23200.0,23000,ATM-2,PUT,23100,2026-06-11
2026-06-11 12:48:00+05:30,117.25,120.6,117.1,120.3,287040,10946390,15.502299,23286.1,23200.0,23000,ATM-2,PUT,23100,2026-06-11
2026-06-11 12:49:00+05:30,119.95,122.95,119.1,122.5,414960,10969140,15.320666,23275.45,23200.0,23000,ATM-2,PUT,23100,2026-06-11
2026-06-11 12:50:00+05:30,121.7,122.5,119.5,120.25,352365,11005345,15.366056,23282.4,23200.0,23000,ATM-2,PUT,23100,2026-06-11
2026-06-11 12:51:00+05:30,119.45,121.5,117.75,121.5,250900,11040965,15.433685,23281.05,23200.0,23000,ATM-2,PUT,23100,2026-06-11
2026-06-11 12:52:00+05:30,120.75,122.3,120.45,121.95,175825,11000210,15.405365,23279.1,23200.0,23000,ATM-2,PUT,23100,2026-06-11
2026-06-11 12:53:00+05:30,121.55,121.95,118.85,119.95,188630,11012755,15.421925,23284.65,23200.0,23000,ATM-2,PUT,23100,2026-06-11
2026-06-11 12:54:00+05:30,120.55,120.55,119.15,119.35,42900,11026405,15.089594,23276.95,23200.0,23000,ATM-2,PUT,23100,2026-06-11
2026-06-11 12:55:00+05:30,119.35,119.35,119.35,119.35,0,11026405,15.089596,23276.95,23200.0,23000,ATM-2,PUT,23100,2026-06-11
2026-06-11 12:56:00+05:30,122.15,122.15,118.35,120.0,437905,11000210,15.367793,23282.95,23200.0,23000,ATM-2,PUT,23100,2026-06-11
2026-06-11 12:57:00+05:30,120.4,120.45,113.3,113.55,342875,10994360,15.339735,23299.0,23200.0,23000,ATM-2,PUT,23100,2026-06-11
2026-06-11 12:58:00+05:30,113.45,114.2,110.55,111.85,352820,10916360,15.349183,23303.8,23200.0,23000,ATM-2,PUT,23100,2026-06-11
2026-06-11 12:59:00+05:30,112.7,115.25,109.45,109.7,253760,10911550,15.302272,23308.25,23200.0,23000,ATM-2,PUT,23100,2026-06-11
2026-06-11 13:00:00+05:30,108.8,109.7,102.65,104.5,976495,10843690,15.353202,23324.15,23200.0,23000,ATM-2,PUT,23100,2026-06-11
2026-06-11 13:01:00+05:30,103.6,108.6,103.3,108.45,399555,10769135,15.387429,23314.1,23200.0,23000,ATM-2,PUT,23100,2026-06-11
2026-06-11 13:02:00+05:30,108.1,111.75,107.6,109.6,400530,10813790,15.243438,23306.75,23200.0,23000,ATM-2,PUT,23100,2026-06-11
2026-06-11 13:03:00+05:30,109.85,112.5,109.6,111.95,253175,10901085,15.374997,23304.15,23200.0,23000,ATM-2,PUT,23100,2026-06-11
2026-06-11 13:04:00+05:30,111.8,112.85,111.1,112.25,157365,10924030,15.314949,23301.6,23200.0,23000,ATM-2,PUT,23100,2026-06-11
2026-06-11 13:05:00+05:30,112.8,113.5,111.5,112.05,196105,10939175,15.335472,23302.7,23200.0,23000,ATM-2,PUT,23100,2026-06-11
2026-06-11 13:06:00+05:30,112.3,113.4,111.1,112.7,123955,10973495,15.355349,23301.5,23200.0,23000,ATM-2,PUT,23100,2026-06-11
2026-06-11 13:07:00+05:30,112.6,114.15,111.7,113.85,124605,10985195,15.378005,23299.05,23200.0,23000,ATM-2,PUT,23100,2026-06-11
2026-06-11 13:08:00+05:30,114.3,116.6,113.85,115.45,274040,10923835,15.275579,23291.9,23200.0,23000,ATM-2,PUT,23100,2026-06-11
2026-06-11 13:09:00+05:30,115.25,119.75,115.05,119.4,298350,11015810,15.239939,23280.65,23200.0,23000,ATM-2,PUT,23100,2026-06-11
2026-06-11 13:10:00+05:30,119.45,119.6,117.2,118.0,298610,10955880,15.17786,23282.5,23200.0,23000,ATM-2,PUT,23100,2026-06-11
2026-06-11 13:11:00+05:30,117.85,120.5,117.55,119.65,207285,10945545,15.203119,23278.95,23200.0,23000,ATM-2,PUT,23100,2026-06-11
2026-06-11 13:12:00+05:30,101.05,105.9,100.65,103.9,300105,5715320,15.109216,23267.45,23150.0,23000,ATM-2,PUT,23100,2026-06-11
2026-06-11 13:13:00+05:30,104.35,106.35,103.8,105.9,206375,5702710,15.057185,23260.35,23150.0,23000,ATM-2,PUT,23100,2026-06-11
2026-06-11 13:14:00+05:30,106.1,106.25,104.4,105.6,167765,5702775,14.998544,23259.45,23150.0,23000,ATM-2,PUT,23100,2026-06-11
2026-06-11 13:15:00+05:30,105.2,105.95,104.75,105.55,105625,5714085,15.022177,23260.25,23150.0,23000,ATM-2,PUT,23100,2026-06-11
2026-06-11 13:16:00+05:30,105.2,107.0,103.15,106.05,196235,5687630,14.895968,23255.2,23150.0,23000,ATM-2,PUT,23100,2026-06-11
2026-06-11 13:17:00+05:30,106.5,108.85,103.1,104.4,256555,5667090,15.017546,23263.25,23150.0,23000,ATM-2,PUT,23100,2026-06-11
2026-06-11 13:18:00+05:30,105.1,107.15,104.4,106.15,130130,5662345,14.856763,23253.75,23150.0,23000,ATM-2,PUT,23100,2026-06-11
2026-06-11 13:19:00+05:30,106.5,108.0,105.0,108.0,141960,5654220,15.04464,23254.1,23150.0,23000,ATM-2,PUT,23100,2026-06-11
2026-06-11 13:20:00+05:30,107.65,111.05,106.7,110.85,310440,5622175,15.184975,23250.4,23150.0,23000,ATM-2,PUT,23100,2026-06-11
2026-06-11 13:21:00+05:30,110.85,114.55,110.85,114.25,413205,5521620,15.09396,23238.8,23150.0,23000,ATM-2,PUT,23100,2026-06-11
2026-06-11 13:22:00+05:30,114.65,115.95,113.75,115.95,389155,5475405,14.878749,23228.4,23150.0,23000,ATM-2,PUT,23100,2026-06-11
2026-06-11 13:23:00+05:30,115.7,115.95,107.7,110.25,343395,5446675,14.898622,23243.8,23150.0,23000,ATM-2,PUT,23100,2026-06-11
2026-06-11 13:24:00+05:30,110.7,112.75,108.85,110.35,155675,5435365,14.749305,23239.3,23150.0,23000,ATM-2,PUT,23100,2026-06-11
2026-06-11 13:25:00+05:30,110.4,114.5,109.9,114.45,160030,5449145,14.900636,23232.8,23150.0,23000,ATM-2,PUT,23100,2026-06-11
2026-06-11 13:26:00+05:30,114.5,117.75,114.4,116.4,327535,5409300,14.80374,23225.1,23150.0,23000,ATM-2,PUT,23100,2026-06-11
2026-06-11 13:27:00+05:30,115.7,116.4,113.25,114.45,190580,5363735,14.822892,23230.6,23150.0,23000,ATM-2,PUT,23100,2026-06-11
2026-06-11 13:28:00+05:30,114.4,115.6,111.65,113.35,145665,5375955,14.840052,23233.9,23150.0,23000,ATM-2,PUT,23100,2026-06-11
2026-06-11 13:29:00+05:30,112.95,113.35,110.2,111.15,115570,5360095,14.95615,23242.9,23150.0,23000,ATM-2,PUT,23100,2026-06-11
2026-06-11 13:30:00+05:30,110.95,111.15,101.7,105.25,341510,5329220,14.911197,23257.5,23150.0,23000,ATM-2,PUT,23100,2026-06-11
2026-06-11 13:31:00+05:30,105.25,108.85,104.95,106.55,155220,5301530,15.007626,23256.7,23150.0,23000,ATM-2,PUT,23100,2026-06-11
2026-06-11 13:32:00+05:30,103.9,106.55,101.75,101.75,167375,5330455,14.761887,23262.8,23150.0,23000,ATM-2,PUT,23100,2026-06-11
2026-06-11 13:33:00+05:30,102.2,103.85,99.3,103.85,212940,5335460,14.823789,23258.75,23150.0,23000,ATM-2,PUT,23100,2026-06-11
2026-06-11 13:34:00+05:30,105.0,108.85,103.85,108.3,226655,5328050,14.718972,23243.65,23150.0,23000,ATM-2,PUT,23100,2026-06-11
2026-06-11 13:35:00+05:30,108.25,108.65,104.8,105.85,139685,5364580,14.676699,23249.0,23150.0,23000,ATM-2,PUT,23100,2026-06-11
2026-06-11 13:36:00+05:30,105.55,106.5,102.45,102.6,110630,5377580,14.622938,23256.3,23150.0,23000,ATM-2,PUT,23100,2026-06-11
2026-06-11 13:37:00+05:30,102.5,105.5,102.5,104.45,76375,5371275,14.619125,23251.1,23150.0,23000,ATM-2,PUT,23100,2026-06-11
2026-06-11 13:38:00+05:30,105.0,110.65,104.45,109.9,161655,5398835,14.82841,23242.4,23150.0,23000,ATM-2,PUT,23100,2026-06-11
2026-06-11 13:39:00+05:30,109.25,114.25,109.25,113.15,244075,5426850,14.787107,23232.7,23150.0,23000,ATM-2,PUT,23100,2026-06-11
2026-06-11 13:40:00+05:30,112.25,114.9,109.2,114.85,145860,5444530,14.948348,23232.75,23150.0,23000,ATM-2,PUT,23100,2026-06-11
2026-06-11 13:41:00+05:30,114.1,115.2,113.1,113.5,183495,5439265,14.705874,23229.5,23150.0,23000,ATM-2,PUT,23100,2026-06-11
2026-06-11 13:42:00+05:30,113.4,113.9,110.45,113.0,118105,5449795,14.667294,23229.7,23150.0,23000,ATM-2,PUT,23100,2026-06-11
2026-06-11 13:43:00+05:30,96.0,99.0,95.0,97.35,321360,9761765,14.603849,23219.45,23100.0,23000,ATM-2,PUT,23100,2026-06-11
2026-06-11 13:44:00+05:30,97.45,99.45,94.55,95.3,322790,9711715,14.556246,23223.9,23100.0,23000,ATM-2,PUT,23100,2026-06-11
2026-06-11 13:45:00+05:30,95.5,97.35,95.25,97.35,173940,9723805,14.66285,23221.15,23100.0,23000,ATM-2,PUT,23100,2026-06-11
2026-06-11 13:46:00+05:30,114.3,117.25,111.35,112.0,176085,5398315,14.504885,23227.7,23150.0,23000,ATM-2,PUT,23100,2026-06-11
2026-06-11 13:47:00+05:30,111.95,112.0,106.75,110.4,274170,5361720,14.538351,23232.75,23150.0,23000,ATM-2,PUT,23100,2026-06-11
2026-06-11 13:48:00+05:30,110.1,111.25,107.25,111.25,103480,5384340,14.589858,23231.95,23150.0,23000,ATM-2,PUT,23100,2026-06-11
2026-06-11 13:49:00+05:30,110.65,113.0,109.85,111.2,112190,5378880,14.528353,23230.35,23150.0,23000,ATM-2,PUT,23100,2026-06-11
2026-06-11 13:50:00+05:30,94.25,96.45,94.0,95.45,218790,9630660,14.585661,23224.2,23100.0,23000,ATM-2,PUT,23100,2026-06-11
2026-06-11 13:51:00+05:30,111.8,114.25,110.5,111.4,105365,5420935,14.398523,23226.2,23150.0,23000,ATM-2,PUT,23100,2026-06-11
2026-06-11 13:52:00+05:30,111.3,114.2,109.25,109.25,107185,5430490,14.334088,23229.95,23150.0,23000,ATM-2,PUT,23100,2026-06-11
2026-06-11 13:53:00+05:30,109.05,110.1,107.6,108.55,121485,5414435,14.480794,23235.85,23150.0,23000,ATM-2,PUT,23100,2026-06-11
2026-06-11 13:54:00+05:30,108.85,111.45,108.15,109.05,72020,5421910,14.480219,23234.5,23150.0,23000,ATM-2,PUT,23100,2026-06-11
2026-06-11 13:55:00+05:30,109.3,112.05,108.0,108.4,79235,5419570,14.473654,23236.0,23150.0,23000,ATM-2,PUT,23100,2026-06-11
2026-06-11 13:56:00+05:30,108.65,109.95,106.45,106.85,88530,5429645,14.481663,23240.3,23150.0,23000,ATM-2,PUT,23100,2026-06-11
2026-06-11 13:57:00+05:30,107.0,109.5,105.2,108.35,165945,5397015,14.588059,23239.3,23150.0,23000,ATM-2,PUT,23100,2026-06-11
2026-06-11 13:58:00+05:30,107.9,108.35,103.3,104.1,139100,5395975,14.49637,23248.05,23150.0,23000,ATM-2,PUT,23100,2026-06-11
2026-06-11 13:59:00+05:30,105.0,111.55,104.1,110.05,141310,5377060,14.524079,23233.0,23150.0,23000,ATM-2,PUT,23100,2026-06-11
2026-06-11 14:00:00+05:30,109.75,111.0,105.85,106.65,108550,5394870,14.462458,23240.2,23150.0,23000,ATM-2,PUT,23100,2026-06-11
2026-06-11 14:01:00+05:30,106.3,109.05,106.3,107.9,45175,5400135,14.426105,23235.85,23150.0,23000,ATM-2,PUT,23100,2026-06-11
2026-06-11 14:02:00+05:30,108.1,109.2,107.7,108.2,74425,5410860,14.345964,23232.8,23150.0,23000,ATM-2,PUT,23100,2026-06-11
2026-06-11 14:03:00+05:30,108.1,109.0,107.0,108.65,67405,5421845,14.512369,23236.25,23150.0,23000,ATM-2,PUT,23100,2026-06-11
2026-06-11 14:04:00+05:30,108.65,110.1,106.5,108.2,101790,5419895,14.474481,23236.35,23150.0,23000,ATM-2,PUT,23100,2026-06-11
2026-06-11 14:05:00+05:30,108.2,112.0,107.35,108.95,117065,5409235,14.398863,23232.25,23150.0,23000,ATM-2,PUT,23100,2026-06-11
2026-06-11 14:06:00+05:30,108.7,110.45,107.15,108.5,69810,5417035,14.379006,23232.85,23150.0,23000,ATM-2,PUT,23100,2026-06-11
2026-06-11 14:07:00+05:30,91.45,97.4,91.25,97.35,322205,9700145,14.64183,23220.0,23100.0,23000,ATM-2,PUT,23100,2026-06-11
2026-06-11 14:08:00+05:30,97.65,100.65,96.9,100.55,606645,9650485,14.611177,23210.05,23100.0,23000,ATM-2,PUT,23100,2026-06-11
2026-06-11 14:09:00+05:30,101.2,103.0,98.0,99.0,734825,9443525,14.550723,23212.6,23100.0,23000,ATM-2,PUT,23100,2026-06-11
2026-06-11 14:10:00+05:30,98.05,99.75,95.9,99.1,386295,9419280,14.629474,23214.6,23100.0,23000,ATM-2,PUT,23100,2026-06-11
2026-06-11 14:11:00+05:30,99.7,101.1,97.75,98.85,336115,9433710,14.55501,23213.1,23100.0,23000,ATM-2,PUT,23100,2026-06-11
2026-06-11 14:12:00+05:30,98.3,100.2,97.0,99.4,191100,9441380,14.51616,23210.4,23100.0,23000,ATM-2,PUT,23100,2026-06-11
2026-06-11 14:13:00+05:30,99.3,99.7,94.2,94.3,353860,9428575,14.460719,23223.25,23100.0,23000,ATM-2,PUT,23100,2026-06-11
2026-06-11 14:14:00+05:30,94.25,96.65,92.8,96.2,285740,9342710,14.529547,23219.8,23100.0,23000,ATM-2,PUT,23100,2026-06-11
2026-06-11 14:15:00+05:30,96.1,97.9,94.6,96.55,219245,9363965,14.408308,23215.2,23100.0,23000,ATM-2,PUT,23100,2026-06-11
2026-06-11 14:16:00+05:30,95.75,96.7,94.15,96.55,138905,9386780,14.446459,23216.3,23100.0,23000,ATM-2,PUT,23100,2026-06-11
2026-06-11 14:17:00+05:30,96.85,98.1,96.4,97.5,198770,9387950,14.469154,23214.25,23100.0,23000,ATM-2,PUT,23100,2026-06-11
2026-06-11 14:18:00+05:30,97.55,100.8,97.55,100.6,262275,9396530,14.553416,23208.0,23100.0,23000,ATM-2,PUT,23100,2026-06-11
2026-06-11 14:19:00+05:30,100.45,101.4,97.15,98.1,229255,9363250,14.615407,23216.8,23100.0,23000,ATM-2,PUT,23100,2026-06-11
2026-06-11 14:20:00+05:30,96.25,96.65,93.6,94.5,346580,9331790,14.477364,23223.0,23100.0,23000,ATM-2,PUT,23100,2026-06-11
2026-06-11 14:21:00+05:30,94.25,95.95,93.4,94.9,185770,9320610,14.407596,23219.75,23100.0,23000,ATM-2,PUT,23100,2026-06-11
2026-06-11 14:22:00+05:30,96.55,96.55,94.0,95.7,144560,9311575,14.494333,23220.0,23100.0,23000,ATM-2,PUT,23100,2026-06-11
2026-06-11 14:23:00+05:30,95.6,100.25,94.75,100.0,283400,9289670,14.54301,23209.25,23100.0,23000,ATM-2,PUT,23100,2026-06-11
2026-06-11 14:24:00+05:30,99.35,100.35,98.7,99.1,162175,9226880,14.35933,23206.4,23100.0,23000,ATM-2,PUT,23100,2026-06-11
2026-06-11 14:25:00+05:30,99.3,99.45,95.35,96.05,157625,9228310,14.413832,23216.55,23100.0,23000,ATM-2,PUT,23100,2026-06-11
2026-06-11 14:26:00+05:30,114.05,114.6,109.7,110.4,145600,5214430,14.290745,23225.05,23150.0,23000,ATM-2,PUT,23100,2026-06-11
2026-06-11 14:27:00+05:30,110.5,111.15,108.35,109.8,153335,5204810,14.282668,23226.35,23150.0,23000,ATM-2,PUT,23100,2026-06-11
2026-06-11 14:28:00+05:30,107.7,109.8,99.95,99.95,374075,5128565,14.247659,23251.55,23150.0,23000,ATM-2,PUT,23100,2026-06-11
2026-06-11 14:29:00+05:30,100.15,106.05,99.3,105.95,215735,5095675,14.453084,23241.15,23150.0,23000,ATM-2,PUT,23100,2026-06-11
2026-06-11 14:30:00+05:30,106.35,109.55,103.05,103.1,234195,5103215,14.335876,23245.45,23150.0,23000,ATM-2,PUT,23100,2026-06-11
2026-06-11 14:31:00+05:30,102.9,105.85,102.9,104.9,105300,5093465,14.318328,23240.1,23150.0,23000,ATM-2,PUT,23100,2026-06-11
2026-06-11 14:32:00+05:30,105.55,107.35,103.65,103.7,115960,5084235,14.323978,23243.45,23150.0,23000,ATM-2,PUT,23100,2026-06-11
2026-06-11 14:33:00+05:30,105.55,110.25,103.7,110.1,130520,5083975,14.413264,23229.05,23150.0,23000,ATM-2,PUT,23100,2026-06-11
2026-06-11 14:34:00+05:30,110.05,111.0,108.0,109.1,167245,5069610,14.41597,23231.7,23150.0,23000,ATM-2,PUT,23100,2026-06-11
2026-06-11 14:35:00+05:30,109.0,109.2,105.65,108.45,96460,5057585,14.554769,23237.25,23150.0,23000,ATM-2,PUT,23100,2026-06-11
2026-06-11 14:36:00+05:30,91.0,97.4,90.8,97.4,377780,8726120,14.4423,23213.3,23100.0,23000,ATM-2,PUT,23100,2026-06-11
2026-06-11 14:37:00+05:30,115.05,120.65,112.9,114.3,490750,4990440,14.700096,23226.05,23150.0,23000,ATM-2,PUT,23100,2026-06-11
2026-06-11 14:38:00+05:30,94.5,99.15,94.2,98.4,291330,8596445,14.714251,23218.4,23100.0,23000,ATM-2,PUT,23100,2026-06-11
2026-06-11 14:39:00+05:30,98.9,103.5,98.4,100.45,700375,8481590,14.868561,23217.1,23100.0,23000,ATM-2,PUT,23100,2026-06-11
2026-06-11 14:40:00+05:30,99.95,103.0,99.1,102.25,460070,8470215,14.737897,23208.25,23100.0,23000,ATM-2,PUT,23100,2026-06-11
2026-06-11 14:41:00+05:30,102.25,104.5,100.25,100.4,483730,8411000,14.752398,23213.8,23100.0,23000,ATM-2,PUT,23100,2026-06-11
2026-06-11 14:42:00+05:30,100.4,103.3,100.0,103.0,324090,8372715,14.894433,23210.65,23100.0,23000,ATM-2,PUT,23100,2026-06-11
2026-06-11 14:43:00+05:30,103.15,108.35,101.8,108.35,649675,8197735,14.938405,23197.3,23100.0,23000,ATM-2,PUT,23100,2026-06-11
2026-06-11 14:44:00+05:30,108.2,108.85,105.15,106.35,546195,8085155,14.851576,23200.2,23100.0,23000,ATM-2,PUT,23100,2026-06-11
2026-06-11 14:45:00+05:30,105.3,109.3,105.3,108.9,596570,8000135,14.990453,23197.25,23100.0,23000,ATM-2,PUT,23100,2026-06-11
2026-06-11 14:46:00+05:30,109.35,111.25,104.55,111.25,663455,7930065,15.026845,23192.0,23100.0,23000,ATM-2,PUT,23100,2026-06-11
2026-06-11 14:47:00+05:30,93.2,101.4,92.4,99.65,689910,3065985,14.827556,23167.1,23050.0,23000,ATM-2,PUT,23100,2026-06-11
2026-06-11 14:48:00+05:30,120.25,120.25,112.5,113.7,721240,7487090,14.838865,23180.35,23100.0,23000,ATM-2,PUT,23100,2026-06-11
2026-06-11 14:49:00+05:30,112.75,113.7,109.3,110.55,445380,7474285,15.002479,23193.1,23100.0,23000,ATM-2,PUT,23100,2026-06-11
2026-06-11 14:50:00+05:30,93.0,98.3,92.1,97.65,278070,3140085,14.828646,23172.75,23050.0,23000,ATM-2,PUT,23100,2026-06-11
2026-06-11 14:51:00+05:30,96.7,98.05,94.45,96.7,159900,3112070,14.725234,23172.4,23050.0,23000,ATM-2,PUT,23100,2026-06-11
2026-06-11 14:52:00+05:30,96.75,98.15,95.7,97.3,177190,3087890,14.740292,23171.1,23050.0,23000,ATM-2,PUT,23100,2026-06-11
2026-06-11 14:53:00+05:30,97.45,97.55,94.8,95.15,158730,3033030,14.629994,23174.0,23050.0,23000,ATM-2,PUT,23100,2026-06-11
2026-06-11 14:54:00+05:30,95.25,97.45,94.95,95.9,114400,2968030,14.626142,23171.7,23050.0,23000,ATM-2,PUT,23100,2026-06-11
2026-06-11 14:55:00+05:30,96.05,97.6,94.6,95.45,108355,2974920,14.613589,23172.6,23050.0,23000,ATM-2,PUT,23100,2026-06-11
2026-06-11 14:56:00+05:30,95.3,96.6,94.65,96.6,88075,2968810,14.650079,23170.35,23050.0,23000,ATM-2,PUT,23100,2026-06-11
2026-06-11 14:57:00+05:30,96.8,98.4,95.2,96.85,160225,3002545,14.533868,23166.2,23050.0,23000,ATM-2,PUT,23100,2026-06-11
2026-06-11 14:58:00+05:30,96.7,96.85,95.0,95.0,96200,2999880,14.568797,23172.5,23050.0,23000,ATM-2,PUT,23100,2026-06-11
2026-06-11 14:59:00+05:30,113.4,117.3,112.65,115.0,380835,7251205,14.849248,23177.05,23100.0,23000,ATM-2,PUT,23100,2026-06-11
2026-06-11 15:00:00+05:30,95.6,100.0,87.3,100.0,656955,2872740,14.419725,23154.0,23050.0,23000,ATM-2,PUT,23100,2026-06-11
2026-06-11 15:01:00+05:30,99.95,103.4,99.2,99.85,526175,2947165,14.376522,23153.15,23050.0,23000,ATM-2,PUT,23100,2026-06-11
2026-06-11 15:02:00+05:30,100.35,104.15,97.7,100.25,315770,2967770,14.612009,23158.8,23050.0,23000,ATM-2,PUT,23100,2026-06-11
2026-06-11 15:03:00+05:30,100.15,102.95,100.1,101.65,272740,2999295,14.728476,23158.25,23050.0,23000,ATM-2,PUT,23100,2026-06-11
2026-06-11 15:04:00+05:30,101.75,103.6,100.45,103.3,145145,2983825,14.422976,23145.0,23050.0,23000,ATM-2,PUT,23100,2026-06-11
2026-06-11 15:05:00+05:30,103.9,105.5,101.9,102.6,269165,2905565,14.446956,23147.55,23050.0,23000,ATM-2,PUT,23100,2026-06-11
2026-06-11 15:06:00+05:30,102.65,106.35,101.5,105.05,354835,2888600,14.390341,23139.35,23050.0,23000,ATM-2,PUT,23100,2026-06-11
2026-06-11 15:07:00+05:30,106.0,106.5,102.1,102.1,241995,2844790,14.420118,23148.1,23050.0,23000,ATM-2,PUT,23100,2026-06-11
2026-06-11 15:08:00+05:30,100.9,104.2,100.0,104.2,267150,2793505,14.205705,23136.4,23050.0,23000,ATM-2,PUT,23100,2026-06-11
2026-06-11 15:09:00+05:30,104.05,104.35,101.2,101.9,191230,2721550,14.252695,23143.85,23050.0,23000,ATM-2,PUT,23100,2026-06-11
2026-06-11 15:10:00+05:30,100.9,101.9,96.9,96.9,349115,2603640,14.05132,23151.75,23050.0,23000,ATM-2,PUT,23100,2026-06-11
2026-06-11 15:11:00+05:30,96.95,100.2,95.4,99.95,213850,2564640,14.076825,23144.1,23050.0,23000,ATM-2,PUT,23100,2026-06-11
2026-06-11 15:12:00+05:30,99.85,101.8,97.75,97.85,182325,2559310,14.137298,23151.55,23050.0,23000,ATM-2,PUT,23100,2026-06-11
2026-06-11 15:13:00+05:30,98.05,98.15,94.8,94.8,168935,2526550,14.199163,23161.85,23050.0,23000,ATM-2,PUT,23100,2026-06-11
2026-06-11 15:14:00+05:30,95.15,97.7,93.55,97.3,202280,2463240,14.577621,23165.8,23050.0,23000,ATM-2,PUT,23100,2026-06-11
2026-06-11 15:15:00+05:30,97.7,101.1,97.05,97.2,253500,2397915,14.589255,23166.4,23050.0,23000,ATM-2,PUT,23100,2026-06-11
2026-06-11 15:16:00+05:30,116.65,116.65,109.2,109.3,634855,6065605,14.455046,23180.55,23100.0,23000,ATM-2,PUT,23100,2026-06-11
2026-06-11 15:17:00+05:30,108.9,110.5,107.45,108.6,413335,6068855,14.438752,23181.9,23100.0,23000,ATM-2,PUT,23100,2026-06-11
2026-06-11 15:18:00+05:30,109.35,115.0,108.6,114.0,338000,6034275,14.920841,23181.15,23100.0,23000,ATM-2,PUT,23100,2026-06-11
2026-06-11 15:19:00+05:30,95.1,98.4,95.1,96.85,194350,2234050,14.749343,23172.0,23050.0,23000,ATM-2,PUT,23100,2026-06-11
2026-06-11 15:20:00+05:30,115.8,116.4,113.45,113.85,332085,6024980,14.800657,23178.2,23100.0,23000,ATM-2,PUT,23100,2026-06-11
2026-06-11 15:21:00+05:30,114.2,114.95,111.0,114.65,265525,5916755,14.819777,23176.65,23100.0,23000,ATM-2,PUT,23100,2026-06-11
2026-06-11 15:22:00+05:30,95.8,97.4,94.85,97.15,236470,2013635,14.709586,23169.9,23050.0,23000,ATM-2,PUT,23100,2026-06-11
2026-06-11 15:23:00+05:30,97.4,98.45,95.25,95.9,217100,1946425,14.622708,23170.9,23050.0,23000,ATM-2,PUT,23100,2026-06-11
2026-06-11 15:24:00+05:30,95.3,96.0,94.05,94.75,146705,1919125,14.602771,23173.6,23050.0,23000,ATM-2,PUT,23100,2026-06-11
2026-06-11 15:25:00+05:30,95.2,95.4,91.1,91.1,228735,1941745,14.273025,23174.4,23050.0,23000,ATM-2,PUT,23100,2026-06-11
2026-06-11 15:26:00+05:30,109.4,110.8,105.6,106.35,383175,5646225,14.041507,23176.6,23100.0,23000,ATM-2,PUT,23100,2026-06-11
2026-06-11 15:27:00+05:30,106.65,109.6,105.75,108.85,313235,5554965,14.368738,23179.1,23100.0,23000,ATM-2,PUT,23100,2026-06-11
2026-06-11 15:28:00+05:30,108.4,110.0,108.0,108.55,397930,5462405,14.375749,23180.05,23100.0,23000,ATM-2,PUT,23100,2026-06-11
2026-06-11 15:29:00+05:30,108.75,108.8,105.5,106.4,585260,5284370,14.407899,23186.55,23100.0,23000,ATM-2,PUT,23100,2026-06-11
2026-06-11 09:15:00+05:30,224.0,224.0,191.45,207.0,280865,139685,14.051515,23104.4,23050.0,23050,ATM-1,CALL,23100,2026-06-11
2026-06-11 09:16:00+05:30,206.45,207.0,187.55,189.3,306020,294580,13.615572,23082.3,23050.0,23050,ATM-1,CALL,23100,2026-06-11
2026-06-11 09:17:00+05:30,189.05,194.05,185.55,194.05,285805,436410,13.492328,23092.9,23050.0,23050,ATM-1,CALL,23100,2026-06-11
2026-06-11 09:18:00+05:30,194.45,203.2,194.05,197.05,384475,594425,13.381645,23100.1,23050.0,23050,ATM-1,CALL,23100,2026-06-11
2026-06-11 09:19:00+05:30,197.5,204.95,197.05,203.7,256685,684450,13.125687,23115.85,23050.0,23050,ATM-1,CALL,23100,2026-06-11
2026-06-11 09:20:00+05:30,175.7,182.2,172.15,180.65,1228695,3530345,12.999453,23128.6,23100.0,23050,ATM-1,CALL,23100,2026-06-11
2026-06-11 09:21:00+05:30,180.3,191.15,179.6,189.3,1522300,3745560,13.057893,23142.45,23100.0,23050,ATM-1,CALL,23100,2026-06-11
2026-06-11 09:22:00+05:30,187.7,191.1,184.0,188.8,921635,3771105,12.989841,23142.9,23100.0,23050,ATM-1,CALL,23100,2026-06-11
2026-06-11 09:23:00+05:30,189.45,193.2,184.0,186.0,829205,3837925,13.140202,23135.25,23100.0,23050,ATM-1,CALL,23100,2026-06-11
2026-06-11 09:24:00+05:30,214.65,217.45,204.6,205.05,186095,806000,13.201943,23116.8,23050.0,23050,ATM-1,CALL,23100,2026-06-11
2026-06-11 09:25:00+05:30,202.45,206.95,201.8,203.1,117325,773500,13.457134,23109.0,23050.0,23050,ATM-1,CALL,23100,2026-06-11
2026-06-11 09:26:00+05:30,201.95,205.65,198.9,203.85,124020,791570,13.608833,23107.5,23050.0,23050,ATM-1,CALL,23100,2026-06-11
2026-06-11 09:27:00+05:30,203.15,206.0,194.2,198.65,160810,814580,13.464212,23101.45,23050.0,23050,ATM-1,CALL,23100,2026-06-11
2026-06-11 09:28:00+05:30,199.35,207.65,198.65,206.35,182130,837135,13.280973,23117.6,23050.0,23050,ATM-1,CALL,23100,2026-06-11
2026-06-11 09:29:00+05:30,207.55,211.8,204.9,208.6,230165,893425,13.246589,23121.9,23050.0,23050,ATM-1,CALL,23100,2026-06-11
2026-06-11 09:30:00+05:30,208.55,209.3,197.25,199.0,142870,922675,13.012599,23110.35,23050.0,23050,ATM-1,CALL,23100,2026-06-11
2026-06-11 09:31:00+05:30,199.4,203.95,194.5,203.95,88010,925210,13.102601,23116.9,23050.0,23050,ATM-1,CALL,23100,2026-06-11
2026-06-11 09:32:00+05:30,205.35,209.8,201.35,201.35,145860,951730,13.029952,23113.95,23050.0,23050,ATM-1,CALL,23100,2026-06-11
2026-06-11 09:33:00+05:30,200.3,201.35,191.5,192.5,151840,985660,12.902008,23101.6,23050.0,23050,ATM-1,CALL,23100,2026-06-11
2026-06-11 09:34:00+05:30,191.3,199.2,191.3,197.5,71695,1000090,12.918089,23109.65,23050.0,23050,ATM-1,CALL,23100,2026-06-11
2026-06-11 09:35:00+05:30,197.35,197.6,188.55,188.55,129805,1017705,12.795982,23096.95,23050.0,23050,ATM-1,CALL,23100,2026-06-11
2026-06-11 09:36:00+05:30,189.6,197.75,188.55,197.7,113555,1032785,12.788052,23112.35,23050.0,23050,ATM-1,CALL,23100,2026-06-11
2026-06-11 09:37:00+05:30,197.5,203.8,197.35,201.4,123565,1046500,12.734787,23119.35,23050.0,23050,ATM-1,CALL,23100,2026-06-11
2026-06-11 09:38:00+05:30,174.6,181.75,173.4,180.1,861185,5797350,12.899285,23129.95,23100.0,23050,ATM-1,CALL,23100,2026-06-11
2026-06-11 09:39:00+05:30,179.35,184.05,179.35,182.0,980785,5770050,12.947279,23132.35,23100.0,23050,ATM-1,CALL,23100,2026-06-11
2026-06-11 09:40:00+05:30,210.5,211.25,201.0,201.15,113880,1026805,12.69197,23119.75,23050.0,23050,ATM-1,CALL,23100,2026-06-11
2026-06-11 09:41:00+05:30,200.7,203.7,198.65,202.4,114985,1032005,12.774468,23120.35,23050.0,23050,ATM-1,CALL,23100,2026-06-11
2026-06-11 09:42:00+05:30,201.85,203.55,196.55,200.0,76180,1044095,12.573214,23120.0,23050.0,23050,ATM-1,CALL,23100,2026-06-11
2026-06-11 09:43:00+05:30,173.45,185.65,172.0,185.0,1054950,5764980,12.752669,23141.3,23100.0,23050,ATM-1,CALL,23100,2026-06-11
2026-06-11 09:44:00+05:30,187.0,188.2,184.3,186.95,1114035,5721885,12.773275,23144.25,23100.0,23050,ATM-1,CALL,23100,2026-06-11
2026-06-11 09:45:00+05:30,186.55,190.2,181.5,186.45,1046175,5530785,12.653801,23145.65,23100.0,23050,ATM-1,CALL,23100,2026-06-11
2026-06-11 09:46:00+05:30,187.5,190.9,184.1,190.25,665145,5453435,12.522355,23154.45,23100.0,23050,ATM-1,CALL,23100,2026-06-11
2026-06-11 09:47:00+05:30,190.35,190.85,186.25,186.25,549770,5505955,12.418326,23149.7,23100.0,23050,ATM-1,CALL,23100,2026-06-11
2026-06-11 09:48:00+05:30,187.55,188.05,181.25,181.25,435370,5490290,12.407059,23141.5,23100.0,23050,ATM-1,CALL,23100,2026-06-11
2026-06-11 09:49:00+05:30,182.05,189.55,181.25,188.55,419510,5521555,12.433273,23153.3,23100.0,23050,ATM-1,CALL,23100,2026-06-11
2026-06-11 09:50:00+05:30,189.0,198.0,184.2,196.55,961220,5494710,12.634437,23162.9,23100.0,23050,ATM-1,CALL,23100,2026-06-11
2026-06-11 09:51:00+05:30,194.7,199.6,193.85,199.0,1205165,5317780,12.601385,23167.5,23100.0,23050,ATM-1,CALL,23100,2026-06-11
2026-06-11 09:52:00+05:30,198.0,200.4,194.05,199.2,655655,5141240,12.432212,23170.8,23100.0,23050,ATM-1,CALL,23100,2026-06-11
2026-06-11 09:53:00+05:30,199.2,202.5,196.8,198.85,629330,5080725,12.314189,23172.3,23100.0,23050,ATM-1,CALL,23100,2026-06-11
2026-06-11 09:54:00+05:30,199.4,199.6,189.45,190.25,495495,4945395,12.645942,23152.35,23100.0,23050,ATM-1,CALL,23100,2026-06-11
2026-06-11 09:55:00+05:30,190.85,190.9,182.45,185.0,658385,4852380,12.735899,23141.85,23100.0,23050,ATM-1,CALL,23100,2026-06-11
2026-06-11 09:56:00+05:30,184.2,189.05,183.0,183.0,410280,4798430,12.627363,23140.5,23100.0,23050,ATM-1,CALL,23100,2026-06-11
2026-06-11 09:57:00+05:30,181.5,183.0,176.0,177.7,587795,4826575,12.640489,23131.15,23100.0,23050,ATM-1,CALL,23100,2026-06-11
2026-06-11 09:58:00+05:30,205.2,205.3,196.3,196.5,127140,886925,12.568129,23114.7,23050.0,23050,ATM-1,CALL,23100,2026-06-11
2026-06-11 09:59:00+05:30,197.35,201.6,194.6,196.45,125970,888745,12.39935,23117.6,23050.0,23050,ATM-1,CALL,23100,2026-06-11
2026-06-11 10:00:00+05:30,169.35,176.45,169.15,176.0,720330,5245500,12.539514,23130.2,23100.0,23050,ATM-1,CALL,23100,2026-06-11
2026-06-11 10:01:00+05:30,177.0,179.35,175.45,177.35,542555,5381220,12.542654,23132.5,23100.0,23050,ATM-1,CALL,23100,2026-06-11
2026-06-11 10:02:00+05:30,205.1,205.15,198.1,199.05,88530,966745,12.338285,23122.9,23050.0,23050,ATM-1,CALL,23100,2026-06-11
2026-06-11 10:03:00+05:30,199.4,204.85,195.9,198.35,59865,964925,12.392989,23120.85,23050.0,23050,ATM-1,CALL,23100,2026-06-11
2026-06-11 10:04:00+05:30,198.2,200.2,191.6,191.85,88075,975260,12.491544,23108.55,23050.0,23050,ATM-1,CALL,23100,2026-06-11
2026-06-11 10:05:00+05:30,191.9,196.0,188.45,195.0,212940,987285,12.586593,23112.05,23050.0,23050,ATM-1,CALL,23100,2026-06-11
2026-06-11 10:06:00+05:30,167.8,179.9,167.05,178.45,1025115,5725720,12.394874,23137.3,23100.0,23050,ATM-1,CALL,23100,2026-06-11
2026-06-11 10:07:00+05:30,177.25,185.75,176.3,184.65,946465,5631665,12.396317,23147.8,23100.0,23050,ATM-1,CALL,23100,2026-06-11
2026-06-11 10:08:00+05:30,184.35,191.9,182.85,191.9,929110,5571410,12.560916,23156.9,23100.0,23050,ATM-1,CALL,23100,2026-06-11
2026-06-11 10:09:00+05:30,192.05,194.6,188.65,189.0,768040,5312255,12.292921,23156.95,23100.0,23050,ATM-1,CALL,23100,2026-06-11
2026-06-11 10:10:00+05:30,187.5,194.25,187.5,190.35,481585,5176340,12.342679,23158.3,23100.0,23050,ATM-1,CALL,23100,2026-06-11
2026-06-11 10:11:00+05:30,190.4,194.7,189.4,194.65,405015,5135065,12.475728,23163.0,23100.0,23050,ATM-1,CALL,23100,2026-06-11
2026-06-11 10:12:00+05:30,194.7,195.15,189.0,189.25,364780,5098210,12.335683,23156.65,23100.0,23050,ATM-1,CALL,23100,2026-06-11
2026-06-11 10:13:00+05:30,189.2,193.2,189.15,192.05,184015,5070780,12.421022,23159.75,23100.0,23050,ATM-1,CALL,23100,2026-06-11
2026-06-11 10:14:00+05:30,191.75,194.8,183.0,183.7,468910,5045625,12.333099,23147.5,23100.0,23050,ATM-1,CALL,23100,2026-06-11
2026-06-11 10:15:00+05:30,185.7,192.2,183.7,190.3,326755,4974190,12.365579,23157.9,23100.0,23050,ATM-1,CALL,23100,2026-06-11
2026-06-11 10:16:00+05:30,191.05,196.9,190.3,193.35,501735,4988165,12.250261,23164.95,23100.0,23050,ATM-1,CALL,23100,2026-06-11
2026-06-11 10:17:00+05:30,194.05,199.05,193.2,198.65,422045,4932850,12.502058,23169.15,23100.0,23050,ATM-1,CALL,23100,2026-06-11
2026-06-11 10:18:00+05:30,198.05,203.0,193.9,200.9,496990,4857385,12.490226,23173.0,23100.0,23050,ATM-1,CALL,23100,2026-06-11
2026-06-11 10:19:00+05:30,173.25,178.15,172.35,178.0,620230,3225755,12.554897,23183.15,23150.0,23050,ATM-1,CALL,23100,2026-06-11
2026-06-11 10:20:00+05:30,178.8,184.45,174.25,182.8,877890,3088020,12.61614,23190.25,23150.0,23050,ATM-1,CALL,23100,2026-06-11
2026-06-11 10:21:00+05:30,182.0,182.8,174.6,174.95,519545,2959645,12.333783,23182.15,23150.0,23050,ATM-1,CALL,23100,2026-06-11
2026-06-11 10:22:00+05:30,177.6,178.0,174.0,175.05,225225,2926690,12.461008,23179.9,23150.0,23050,ATM-1,CALL,23100,2026-06-11
2026-06-11 10:23:00+05:30,175.15,179.45,174.45,176.0,201565,2920060,12.461929,23181.55,23150.0,23050,ATM-1,CALL,23100,2026-06-11
2026-06-11 10:24:00+05:30,176.6,177.25,172.95,174.9,198120,2911805,12.457307,23179.75,23150.0,23050,ATM-1,CALL,23100,2026-06-11
2026-06-11 10:25:00+05:30,174.65,176.55,173.05,173.8,139880,2881125,12.379875,23179.35,23150.0,23050,ATM-1,CALL,23100,2026-06-11
2026-06-11 10:26:00+05:30,174.6,184.0,173.8,183.05,374010,2885285,12.490309,23193.15,23150.0,23050,ATM-1,CALL,23100,2026-06-11
2026-06-11 10:27:00+05:30,182.35,193.55,182.25,192.7,847795,2821195,12.584008,23207.6,23150.0,23050,ATM-1,CALL,23100,2026-06-11
2026-06-11 10:28:00+05:30,192.7,194.25,183.75,186.35,436540,2633475,12.455084,23199.4,23150.0,23050,ATM-1,CALL,23100,2026-06-11
2026-06-11 10:29:00+05:30,186.9,190.65,185.55,187.55,210730,2597140,12.560136,23199.5,23150.0,23050,ATM-1,CALL,23100,2026-06-11
2026-06-11 10:30:00+05:30,188.4,192.35,178.25,180.15,398060,2584790,12.457933,23188.9,23150.0,23050,ATM-1,CALL,23100,2026-06-11
2026-06-11 10:31:00+05:30,180.05,185.65,178.1,184.8,332670,2530775,12.330348,23199.15,23150.0,23050,ATM-1,CALL,23100,2026-06-11
2026-06-11 10:32:00+05:30,184.3,190.85,182.25,188.2,265135,2606695,12.376075,23204.0,23150.0,23050,ATM-1,CALL,23100,2026-06-11
2026-06-11 10:33:00+05:30,186.9,188.2,182.3,186.55,157170,2606370,12.502994,23198.95,23150.0,23050,ATM-1,CALL,23100,2026-06-11
2026-06-11 10:34:00+05:30,185.0,186.7,184.1,185.4,74880,2600000,12.297981,23200.8,23150.0,23050,ATM-1,CALL,23100,2026-06-11
2026-06-11 10:35:00+05:30,185.5,190.7,185.25,186.15,195455,2596100,12.334669,23201.4,23150.0,23050,ATM-1,CALL,23100,2026-06-11
2026-06-11 10:36:00+05:30,185.45,186.15,180.45,183.3,173420,2587325,12.359018,23196.2,23150.0,23050,ATM-1,CALL,23100,2026-06-11
2026-06-11 10:37:00+05:30,183.4,186.0,179.3,181.25,131690,2577640,12.405029,23191.9,23150.0,23050,ATM-1,CALL,23100,2026-06-11
2026-06-11 10:38:00+05:30,180.8,186.2,180.8,185.6,113360,2568410,12.413302,23199.1,23150.0,23050,ATM-1,CALL,23100,2026-06-11
2026-06-11 10:39:00+05:30,185.85,191.65,185.05,190.15,249665,2569840,12.370825,23207.45,23150.0,23050,ATM-1,CALL,23100,2026-06-11
2026-06-11 10:40:00+05:30,190.2,194.65,188.05,193.45,227825,2556515,12.398041,23212.4,23150.0,23050,ATM-1,CALL,23100,2026-06-11
2026-06-11 10:41:00+05:30,193.6,193.6,187.05,187.2,220545,2444000,12.324105,23203.45,23150.0,23050,ATM-1,CALL,23100,2026-06-11
2026-06-11 10:42:00+05:30,187.9,189.45,184.3,189.4,161005,2428465,12.394025,23205.85,23150.0,23050,ATM-1,CALL,23100,2026-06-11
2026-06-11 10:43:00+05:30,189.4,191.05,186.1,186.75,100620,2433795,12.359335,23202.1,23150.0,23050,ATM-1,CALL,23100,2026-06-11
2026-06-11 10:44:00+05:30,186.85,189.8,184.0,189.5,120120,2449200,12.460644,23204.85,23150.0,23050,ATM-1,CALL,23100,2026-06-11
2026-06-11 10:45:00+05:30,188.5,189.5,182.9,188.9,134875,2429245,12.420499,23204.6,23150.0,23050,ATM-1,CALL,23100,2026-06-11
2026-06-11 10:46:00+05:30,187.9,192.3,187.2,187.3,138255,2402660,12.16353,23206.6,23150.0,23050,ATM-1,CALL,23100,2026-06-11
2026-06-11 10:47:00+05:30,187.55,191.0,186.85,190.6,62075,2420860,12.258094,23210.35,23150.0,23050,ATM-1,CALL,23100,2026-06-11
2026-06-11 10:48:00+05:30,191.4,193.3,184.8,187.65,157820,2392325,12.247897,23205.7,23150.0,23050,ATM-1,CALL,23100,2026-06-11
2026-06-11 10:49:00+05:30,188.35,188.4,181.4,181.5,106470,2383550,12.340708,23193.75,23150.0,23050,ATM-1,CALL,23100,2026-06-11
2026-06-11 10:50:00+05:30,181.85,181.85,176.55,177.5,270530,2324725,12.370617,23186.4,23150.0,23050,ATM-1,CALL,23100,2026-06-11
2026-06-11 10:51:00+05:30,177.6,186.0,177.5,180.65,163085,2312830,12.4664,23190.0,23150.0,23050,ATM-1,CALL,23100,2026-06-11
2026-06-11 10:52:00+05:30,181.4,184.75,179.8,180.35,101075,2338440,12.543815,23188.05,23150.0,23050,ATM-1,CALL,23100,2026-06-11
2026-06-11 10:53:00+05:30,209.0,209.2,200.2,201.3,303030,3668925,12.4538,23174.9,23100.0,23050,ATM-1,CALL,23100,2026-06-11
2026-06-11 10:54:00+05:30,200.2,204.05,198.3,201.55,246155,3611530,12.48986,23174.7,23100.0,23050,ATM-1,CALL,23100,2026-06-11
2026-06-11 10:55:00+05:30,201.0,202.45,197.4,200.45,178685,3589560,12.475577,23173.2,23100.0,23050,ATM-1,CALL,23100,2026-06-11
2026-06-11 10:56:00+05:30,172.2,176.65,170.7,175.75,211185,2384915,12.564267,23179.8,23150.0,23050,ATM-1,CALL,23100,2026-06-11
2026-06-11 10:57:00+05:30,175.2,176.0,171.85,174.0,131170,2404610,12.536743,23177.3,23150.0,23050,ATM-1,CALL,23100,2026-06-11
2026-06-11 10:58:00+05:30,172.75,175.6,171.3,171.65,144820,2464540,12.410825,23175.65,23150.0,23050,ATM-1,CALL,23100,2026-06-11
2026-06-11 10:59:00+05:30,171.25,175.4,168.2,174.2,182260,2479555,12.595535,23176.55,23150.0,23050,ATM-1,CALL,23100,2026-06-11
2026-06-11 11:00:00+05:30,201.95,204.8,196.2,196.25,158470,3700645,12.306733,23169.45,23100.0,23050,ATM-1,CALL,23100,2026-06-11
2026-06-11 11:01:00+05:30,195.5,200.25,193.8,196.25,428350,3700970,12.440048,23167.15,23100.0,23050,ATM-1,CALL,23100,2026-06-11
2026-06-11 11:02:00+05:30,196.75,198.5,194.9,195.75,224575,3751150,12.351615,23167.9,23100.0,23050,ATM-1,CALL,23100,2026-06-11
2026-06-11 11:03:00+05:30,167.7,175.45,166.2,175.45,184080,2552290,12.51056,23180.45,23150.0,23050,ATM-1,CALL,23100,2026-06-11
2026-06-11 11:04:00+05:30,176.25,178.7,173.7,174.95,429065,2574650,12.406344,23181.6,23150.0,23050,ATM-1,CALL,23100,2026-06-11
2026-06-11 11:05:00+05:30,176.0,186.05,174.95,185.45,574795,2596945,12.389226,23199.8,23150.0,23050,ATM-1,CALL,23100,2026-06-11
2026-06-11 11:06:00+05:30,185.7,188.05,180.45,186.75,352300,2581670,12.267043,23204.2,23150.0,23050,ATM-1,CALL,23100,2026-06-11
2026-06-11 11:07:00+05:30,188.0,189.15,177.5,177.95,327145,2513095,12.234624,23190.05,23150.0,23050,ATM-1,CALL,23100,2026-06-11
2026-06-11 11:08:00+05:30,178.1,183.4,176.4,181.0,194285,2503670,12.257848,23194.8,23150.0,23050,ATM-1,CALL,23100,2026-06-11
2026-06-11 11:09:00+05:30,180.0,181.0,172.8,179.4,182000,2509000,12.180497,23193.55,23150.0,23050,ATM-1,CALL,23100,2026-06-11
2026-06-11 11:10:00+05:30,179.05,180.4,175.65,180.3,89570,2548520,12.373932,23191.5,23150.0,23050,ATM-1,CALL,23100,2026-06-11
2026-06-11 11:11:00+05:30,179.6,181.05,176.7,177.8,107705,2577510,12.270502,23189.2,23150.0,23050,ATM-1,CALL,23100,2026-06-11
2026-06-11 11:12:00+05:30,178.5,178.6,175.35,177.25,86515,2599285,12.338643,23187.0,23150.0,23050,ATM-1,CALL,23100,2026-06-11
2026-06-11 11:13:00+05:30,177.35,180.4,175.8,177.25,90155,2592265,12.432274,23185.25,23150.0,23050,ATM-1,CALL,23100,2026-06-11
2026-06-11 11:14:00+05:30,177.6,180.2,174.0,176.75,102115,2595125,12.495832,23183.2,23150.0,23050,ATM-1,CALL,23100,2026-06-11
2026-06-11 11:15:00+05:30,176.65,180.0,174.5,178.7,98215,2596035,12.407079,23188.25,23150.0,23050,ATM-1,CALL,23100,2026-06-11
2026-06-11 11:16:00+05:30,178.25,180.0,175.65,178.9,64870,2595255,12.362352,23189.45,23150.0,23050,ATM-1,CALL,23100,2026-06-11
2026-06-11 11:17:00+05:30,178.2,182.0,175.65,180.8,136890,2590445,12.294799,23193.95,23150.0,23050,ATM-1,CALL,23100,2026-06-11
2026-06-11 11:18:00+05:30,180.6,188.25,179.3,187.7,243685,2564380,12.313973,23205.15,23150.0,23050,ATM-1,CALL,23100,2026-06-11
2026-06-11 11:19:00+05:30,187.8,190.0,184.1,185.55,235950,2532205,12.211748,23203.45,23150.0,23050,ATM-1,CALL,23100,2026-06-11
2026-06-11 11:20:00+05:30,185.0,192.45,183.25,191.65,263900,2526615,12.264819,23212.55,23150.0,23050,ATM-1,CALL,23100,2026-06-11
2026-06-11 11:21:00+05:30,191.75,198.55,191.1,196.9,420030,2457000,12.309158,23220.3,23150.0,23050,ATM-1,CALL,23100,2026-06-11
2026-06-11 11:22:00+05:30,196.75,197.95,193.3,193.65,285935,2414620,12.363973,23214.1,23150.0,23050,ATM-1,CALL,23100,2026-06-11
2026-06-11 11:23:00+05:30,193.25,197.65,190.2,190.9,267215,2435095,12.170086,23213.05,23150.0,23050,ATM-1,CALL,23100,2026-06-11
2026-06-11 11:24:00+05:30,191.6,196.0,190.0,195.45,156325,2406300,12.281283,23218.5,23150.0,23050,ATM-1,CALL,23100,2026-06-11
2026-06-11 11:25:00+05:30,195.7,198.4,193.95,194.8,174005,2399930,12.376801,23215.8,23150.0,23050,ATM-1,CALL,23100,2026-06-11
2026-06-11 11:26:00+05:30,166.7,175.95,166.3,175.95,1092780,7227740,12.64974,23228.5,23200.0,23050,ATM-1,CALL,23100,2026-06-11
2026-06-11 11:27:00+05:30,177.5,182.6,175.95,181.65,1405170,6850935,12.874685,23234.1,23200.0,23050,ATM-1,CALL,23100,2026-06-11
2026-06-11 11:28:00+05:30,181.9,182.65,177.45,180.5,608660,6754800,12.669379,23236.05,23200.0,23050,ATM-1,CALL,23100,2026-06-11
2026-06-11 11:29:00+05:30,179.35,181.35,175.15,180.8,462670,6763510,12.729142,23235.45,23200.0,23050,ATM-1,CALL,23100,2026-06-11
2026-06-11 11:30:00+05:30,180.8,185.65,179.15,179.25,966290,6703970,12.550283,23236.2,23200.0,23050,ATM-1,CALL,23100,2026-06-11
2026-06-11 11:31:00+05:30,179.6,182.3,173.75,176.0,482430,6661330,12.772836,23226.3,23200.0,23050,ATM-1,CALL,23100,2026-06-11
2026-06-11 11:32:00+05:30,175.7,176.2,171.35,174.3,328965,6664580,12.628297,23226.15,23200.0,23050,ATM-1,CALL,23100,2026-06-11
2026-06-11 11:33:00+05:30,174.75,180.95,174.3,178.25,364780,6705465,12.602106,23233.55,23200.0,23050,ATM-1,CALL,23100,2026-06-11
2026-06-11 11:34:00+05:30,178.4,178.4,172.25,172.25,264550,6741800,12.435115,23226.35,23200.0,23050,ATM-1,CALL,23100,2026-06-11
2026-06-11 11:35:00+05:30,172.6,178.25,170.15,178.25,431795,6764745,12.562226,23234.35,23200.0,23050,ATM-1,CALL,23100,2026-06-11
2026-06-11 11:36:00+05:30,206.95,207.0,197.75,198.25,102960,2085980,12.372421,23221.65,23150.0,23050,ATM-1,CALL,23100,2026-06-11
2026-06-11 11:37:00+05:30,198.25,201.1,197.6,197.9,72150,2090725,12.548386,23218.05,23150.0,23050,ATM-1,CALL,23100,2026-06-11
2026-06-11 11:38:00+05:30,198.65,199.05,194.25,194.35,115700,2055950,12.377202,23215.3,23150.0,23050,ATM-1,CALL,23100,2026-06-11
2026-06-11 11:39:00+05:30,193.6,198.95,191.6,198.4,122070,2047045,12.313969,23222.95,23150.0,23050,ATM-1,CALL,23100,2026-06-11
2026-06-11 11:40:00+05:30,198.55,200.85,196.0,197.05,109525,2072980,12.183021,23223.05,23150.0,23050,ATM-1,CALL,23100,2026-06-11
2026-06-11 11:41:00+05:30,168.75,174.6,167.65,174.1,288925,6946160,12.40464,23230.3,23200.0,23050,ATM-1,CALL,23100,2026-06-11
2026-06-11 11:42:00+05:30,173.7,185.8,172.6,184.2,861575,6854640,12.56495,23244.6,23200.0,23050,ATM-1,CALL,23100,2026-06-11
2026-06-11 11:43:00+05:30,184.7,184.7,180.1,181.45,527670,6767800,12.479309,23241.55,23200.0,23050,ATM-1,CALL,23100,2026-06-11
2026-06-11 11:44:00+05:30,181.4,190.7,181.05,190.7,932620,6771180,12.665743,23253.7,23200.0,23050,ATM-1,CALL,23100,2026-06-11
2026-06-11 11:45:00+05:30,191.0,195.0,188.85,190.95,1039870,6643715,12.670455,23254.05,23200.0,23050,ATM-1,CALL,23100,2026-06-11
2026-06-11 11:46:00+05:30,191.0,194.6,189.6,194.6,372125,6653335,12.799267,23257.8,23200.0,23050,ATM-1,CALL,23100,2026-06-11
2026-06-11 11:47:00+05:30,194.1,204.8,191.2,204.2,977795,6601400,13.045576,23269.2,23200.0,23050,ATM-1,CALL,23100,2026-06-11
2026-06-11 11:48:00+05:30,204.75,206.0,197.15,200.95,693550,6457425,12.794254,23268.35,23200.0,23050,ATM-1,CALL,23100,2026-06-11
2026-06-11 11:49:00+05:30,199.85,200.95,194.6,197.85,364065,6398795,12.687374,23265.2,23200.0,23050,ATM-1,CALL,23100,2026-06-11
2026-06-11 11:50:00+05:30,198.8,203.3,197.85,202.35,313495,6330480,12.613421,23273.8,23200.0,23050,ATM-1,CALL,23100,2026-06-11
2026-06-11 11:51:00+05:30,202.95,204.8,199.65,199.65,289250,6309810,12.645644,23268.9,23200.0,23050,ATM-1,CALL,23100,2026-06-11
2026-06-11 11:52:00+05:30,199.3,202.15,197.15,202.15,289250,6296290,12.809899,23270.1,23200.0,23050,ATM-1,CALL,23100,2026-06-11
2026-06-11 11:53:00+05:30,200.8,202.95,199.95,202.1,162240,6222515,12.57594,23274.1,23200.0,23050,ATM-1,CALL,23100,2026-06-11
2026-06-11 11:54:00+05:30,202.2,206.55,200.0,201.4,376090,6204965,12.578455,23272.95,23200.0,23050,ATM-1,CALL,23100,2026-06-11
2026-06-11 11:55:00+05:30,202.3,206.05,201.4,201.6,273130,6207370,12.54889,23273.8,23200.0,23050,ATM-1,CALL,23100,2026-06-11
2026-06-11 11:56:00+05:30,173.15,185.85,171.4,184.25,643240,2969655,13.046226,23285.3,23250.0,23050,ATM-1,CALL,23100,2026-06-11
2026-06-11 11:57:00+05:30,184.05,184.25,180.05,183.4,285155,2940080,12.988725,23284.95,23250.0,23050,ATM-1,CALL,23100,2026-06-11
2026-06-11 11:58:00+05:30,183.35,188.3,181.65,182.75,325585,2902965,12.616959,23290.9,23250.0,23050,ATM-1,CALL,23100,2026-06-11
2026-06-11 11:59:00+05:30,183.2,183.85,177.85,178.15,227240,2917070,12.610112,23283.15,23250.0,23050,ATM-1,CALL,23100,2026-06-11
2026-06-11 12:00:00+05:30,179.1,184.1,178.15,179.2,231270,2913560,12.632846,23284.55,23250.0,23050,ATM-1,CALL,23100,2026-06-11
2026-06-11 12:01:00+05:30,179.35,184.9,179.2,183.25,160095,2935140,12.790191,23288.55,23250.0,23050,ATM-1,CALL,23100,2026-06-11
2026-06-11 12:02:00+05:30,183.0,184.6,180.15,181.1,124605,2939235,12.746599,23285.7,23250.0,23050,ATM-1,CALL,23100,2026-06-11
2026-06-11 12:03:00+05:30,181.2,185.85,180.05,183.6,139100,2938000,12.747256,23290.0,23250.0,23050,ATM-1,CALL,23100,2026-06-11
2026-06-11 12:04:00+05:30,183.0,183.6,179.45,180.4,145470,2955615,12.632645,23286.7,23250.0,23050,ATM-1,CALL,23100,2026-06-11
2026-06-11 12:05:00+05:30,181.0,182.7,173.55,176.75,366275,2845310,12.594126,23281.15,23250.0,23050,ATM-1,CALL,23100,2026-06-11
2026-06-11 12:06:00+05:30,177.25,179.9,174.8,178.25,151515,2832505,12.681298,23282.1,23250.0,23050,ATM-1,CALL,23100,2026-06-11
2026-06-11 12:07:00+05:30,178.95,185.9,178.25,184.9,317850,2837380,12.853575,23290.3,23250.0,23050,ATM-1,CALL,23100,2026-06-11
2026-06-11 12:08:00+05:30,185.95,185.95,178.5,181.15,179010,2876510,12.809917,23284.7,23250.0,23050,ATM-1,CALL,23100,2026-06-11
2026-06-11 12:09:00+05:30,181.35,182.0,178.5,178.85,79105,2889250,12.678678,23283.25,23250.0,23050,ATM-1,CALL,23100,2026-06-11
2026-06-11 12:10:00+05:30,178.3,179.6,175.65,176.8,129220,2871375,12.730985,23278.7,23250.0,23050,ATM-1,CALL,23100,2026-06-11
2026-06-11 12:11:00+05:30,177.0,178.85,173.0,174.65,173875,2859935,12.59733,23277.55,23250.0,23050,ATM-1,CALL,23100,2026-06-11
2026-06-11 12:12:00+05:30,173.75,177.85,173.25,177.6,82030,2875405,12.56866,23283.25,23250.0,23050,ATM-1,CALL,23100,2026-06-11
2026-06-11 12:13:00+05:30,178.8,180.7,175.55,178.95,125970,2897830,12.523751,23286.45,23250.0,23050,ATM-1,CALL,23100,2026-06-11
2026-06-11 12:14:00+05:30,178.55,181.65,175.9,181.65,98865,2900495,12.711637,23287.55,23250.0,23050,ATM-1,CALL,23100,2026-06-11
2026-06-11 12:15:00+05:30,181.35,191.8,181.35,189.75,575380,2832050,12.722775,23301.1,23250.0,23050,ATM-1,CALL,23100,2026-06-11
2026-06-11 12:16:00+05:30,190.55,193.45,183.75,192.05,371345,2822105,12.753566,23304.4,23250.0,23050,ATM-1,CALL,23100,2026-06-11
2026-06-11 12:17:00+05:30,192.25,194.7,185.0,186.0,287365,2808585,12.569961,23297.65,23250.0,23050,ATM-1,CALL,23100,2026-06-11
2026-06-11 12:18:00+05:30,185.5,187.65,182.5,183.6,163995,2850770,12.533141,23294.3,23250.0,23050,ATM-1,CALL,23100,2026-06-11
2026-06-11 12:19:00+05:30,184.05,184.95,179.35,180.05,153595,2851355,12.468108,23289.5,23250.0,23050,ATM-1,CALL,23100,2026-06-11
2026-06-11 12:20:00+05:30,179.4,182.65,176.45,177.15,263250,2873455,12.499501,23283.95,23250.0,23050,ATM-1,CALL,23100,2026-06-11
2026-06-11 12:21:00+05:30,176.95,180.0,175.25,178.55,130325,2874235,12.666719,23283.2,23250.0,23050,ATM-1,CALL,23100,2026-06-11
2026-06-11 12:22:00+05:30,178.7,182.4,178.0,180.35,110565,2873780,12.612636,23287.35,23250.0,23050,ATM-1,CALL,23100,2026-06-11
2026-06-11 12:23:00+05:30,180.35,185.5,179.1,184.15,133835,2869490,12.639582,23293.35,23250.0,23050,ATM-1,CALL,23100,2026-06-11
2026-06-11 12:24:00+05:30,184.3,184.3,180.5,183.8,80665,2872350,12.694429,23291.75,23250.0,23050,ATM-1,CALL,23100,2026-06-11
2026-06-11 12:25:00+05:30,184.0,184.0,178.8,180.85,78260,2872350,12.589648,23288.7,23250.0,23050,ATM-1,CALL,23100,2026-06-11
2026-06-11 12:26:00+05:30,181.15,187.2,180.85,182.7,150540,2851875,12.548195,23292.65,23250.0,23050,ATM-1,CALL,23100,2026-06-11
2026-06-11 12:27:00+05:30,183.05,185.6,182.0,184.65,75205,2857140,12.716149,23292.85,23250.0,23050,ATM-1,CALL,23100,2026-06-11
2026-06-11 12:28:00+05:30,184.75,189.4,182.0,188.05,131170,2860195,12.597378,23300.8,23250.0,23050,ATM-1,CALL,23100,2026-06-11
2026-06-11 12:29:00+05:30,186.1,189.7,185.2,186.4,135005,2845050,12.621857,23297.6,23250.0,23050,ATM-1,CALL,23100,2026-06-11
2026-06-11 12:30:00+05:30,187.15,197.4,186.4,194.3,441610,2867215,12.889532,23305.95,23250.0,23050,ATM-1,CALL,23100,2026-06-11
2026-06-11 12:31:00+05:30,192.95,201.6,191.35,199.9,328120,2772380,12.845076,23316.0,23250.0,23050,ATM-1,CALL,23100,2026-06-11
2026-06-11 12:32:00+05:30,199.55,204.35,198.8,202.45,296920,2696915,12.849155,23320.1,23250.0,23050,ATM-1,CALL,23100,2026-06-11
2026-06-11 12:33:00+05:30,202.3,202.45,198.5,201.0,142870,2627560,12.946074,23316.05,23250.0,23050,ATM-1,CALL,23100,2026-06-11
2026-06-11 12:34:00+05:30,201.05,202.95,198.0,202.95,132795,2617745,12.785963,23322.05,23250.0,23050,ATM-1,CALL,23100,2026-06-11
2026-06-11 12:35:00+05:30,202.65,205.65,190.6,195.0,295230,2632955,12.557554,23313.15,23250.0,23050,ATM-1,CALL,23100,2026-06-11
2026-06-11 12:36:00+05:30,196.45,197.25,191.3,193.0,110890,2642510,12.674062,23307.8,23250.0,23050,ATM-1,CALL,23100,2026-06-11
2026-06-11 12:37:00+05:30,194.7,195.05,187.0,187.9,164385,2659735,13.009392,23293.1,23250.0,23050,ATM-1,CALL,23100,2026-06-11
2026-06-11 12:38:00+05:30,188.9,190.5,184.6,185.65,214240,2617810,12.776055,23293.65,23250.0,23050,ATM-1,CALL,23100,2026-06-11
2026-06-11 12:39:00+05:30,185.25,191.35,185.2,191.05,106340,2542605,13.054502,23297.65,23250.0,23050,ATM-1,CALL,23100,2026-06-11
2026-06-11 12:40:00+05:30,191.1,191.75,187.8,189.0,71435,2543255,12.85486,23297.9,23250.0,23050,ATM-1,CALL,23100,2026-06-11
2026-06-11 12:41:00+05:30,189.0,191.8,186.55,187.8,62855,2554500,12.89475,23295.15,23250.0,23050,ATM-1,CALL,23100,2026-06-11
2026-06-11 12:42:00+05:30,187.3,190.5,184.45,187.95,85605,2558270,12.834084,23296.55,23250.0,23050,ATM-1,CALL,23100,2026-06-11
2026-06-11 12:43:00+05:30,187.7,189.55,182.2,186.9,111995,2559245,12.903367,23293.5,23250.0,23050,ATM-1,CALL,23100,2026-06-11
2026-06-11 12:44:00+05:30,187.05,190.35,186.5,189.3,73060,2571205,12.98372,23296.1,23250.0,23050,ATM-1,CALL,23100,2026-06-11
2026-06-11 12:45:00+05:30,188.95,189.5,185.9,188.95,74945,2563405,13.009306,23295.05,23250.0,23050,ATM-1,CALL,23100,2026-06-11
2026-06-11 12:46:00+05:30,191.1,196.7,188.95,194.2,179595,2561325,13.146863,23301.4,23250.0,23050,ATM-1,CALL,23100,2026-06-11
2026-06-11 12:47:00+05:30,194.6,196.45,187.0,188.85,105365,2550470,13.098711,23293.25,23250.0,23050,ATM-1,CALL,23100,2026-06-11
2026-06-11 12:48:00+05:30,188.85,189.7,183.3,183.3,102635,2557685,12.973959,23286.1,23250.0,23050,ATM-1,CALL,23100,2026-06-11
2026-06-11 12:49:00+05:30,183.5,186.7,175.2,177.0,184925,2551510,12.957689,23275.45,23250.0,23050,ATM-1,CALL,23100,2026-06-11
2026-06-11 12:50:00+05:30,177.9,183.65,176.6,182.95,183300,2536820,13.137923,23282.4,23250.0,23050,ATM-1,CALL,23100,2026-06-11
2026-06-11 12:51:00+05:30,182.95,187.15,180.05,180.05,170105,2556450,12.94651,23281.05,23250.0,23050,ATM-1,CALL,23100,2026-06-11
2026-06-11 12:52:00+05:30,179.75,181.2,178.1,179.05,80080,2555345,12.958185,23279.1,23250.0,23050,ATM-1,CALL,23100,2026-06-11
2026-06-11 12:53:00+05:30,180.0,185.0,179.05,183.3,97695,2568020,13.055434,23284.65,23250.0,23050,ATM-1,CALL,23100,2026-06-11
2026-06-11 12:54:00+05:30,181.85,184.2,181.85,184.2,31720,2568215,13.537797,23276.95,23250.0,23050,ATM-1,CALL,23100,2026-06-11
2026-06-11 12:55:00+05:30,184.2,184.2,184.2,184.2,0,2568215,13.537799,23276.95,23250.0,23050,ATM-1,CALL,23100,2026-06-11
2026-06-11 12:56:00+05:30,180.2,185.65,179.75,181.15,213460,2588885,12.952544,23282.95,23250.0,23050,ATM-1,CALL,23100,2026-06-11
2026-06-11 12:57:00+05:30,181.75,194.35,181.15,193.75,224315,2588365,13.247856,23299.0,23250.0,23050,ATM-1,CALL,23100,2026-06-11
2026-06-11 12:58:00+05:30,194.05,200.0,193.75,197.65,268255,2523040,13.345188,23303.8,23250.0,23050,ATM-1,CALL,23100,2026-06-11
2026-06-11 12:59:00+05:30,196.2,202.7,192.75,201.85,213135,2521740,13.487696,23308.25,23250.0,23050,ATM-1,CALL,23100,2026-06-11
2026-06-11 13:00:00+05:30,201.15,212.9,201.15,211.5,509405,2493725,13.488343,23324.15,23250.0,23050,ATM-1,CALL,23100,2026-06-11
2026-06-11 13:01:00+05:30,211.6,212.95,201.5,201.9,225225,2458495,13.169592,23314.1,23250.0,23050,ATM-1,CALL,23100,2026-06-11
2026-06-11 13:02:00+05:30,202.55,203.35,194.95,199.45,156260,2424695,13.353167,23306.75,23250.0,23050,ATM-1,CALL,23100,2026-06-11
2026-06-11 13:03:00+05:30,199.1,199.45,194.9,196.0,58110,2419235,13.180301,23304.15,23250.0,23050,ATM-1,CALL,23100,2026-06-11
2026-06-11 13:04:00+05:30,195.8,197.05,193.0,194.4,61490,2428140,13.173986,23301.6,23250.0,23050,ATM-1,CALL,23100,2026-06-11
2026-06-11 13:05:00+05:30,191.95,196.45,191.95,195.45,68185,2440165,13.211333,23302.7,23250.0,23050,ATM-1,CALL,23100,2026-06-11
2026-06-11 13:06:00+05:30,195.25,196.8,192.75,194.7,57200,2415400,13.2091,23301.5,23250.0,23050,ATM-1,CALL,23100,2026-06-11
2026-06-11 13:07:00+05:30,194.5,196.3,191.55,191.55,45630,2425735,13.054881,23299.05,23250.0,23050,ATM-1,CALL,23100,2026-06-11
2026-06-11 13:08:00+05:30,192.45,192.9,188.0,189.7,104325,2424110,13.270973,23291.9,23250.0,23050,ATM-1,CALL,23100,2026-06-11
2026-06-11 13:09:00+05:30,190.8,190.8,181.1,181.8,148655,2425800,13.145226,23280.65,23250.0,23050,ATM-1,CALL,23100,2026-06-11
2026-06-11 13:10:00+05:30,182.4,184.95,180.65,183.4,152880,2400255,13.195206,23282.5,23250.0,23050,ATM-1,CALL,23100,2026-06-11
2026-06-11 13:11:00+05:30,184.1,184.35,178.2,181.0,117715,2413645,13.162949,23278.95,23250.0,23050,ATM-1,CALL,23100,2026-06-11
2026-06-11 13:12:00+05:30,211.05,211.6,199.8,204.8,342940,5178550,13.29395,23267.45,23200.0,23050,ATM-1,CALL,23100,2026-06-11
2026-06-11 13:13:00+05:30,203.55,204.8,198.0,198.0,161720,5154240,13.064706,23260.35,23200.0,23050,ATM-1,CALL,23100,2026-06-11
2026-06-11 13:14:00+05:30,198.5,201.2,198.0,198.85,137540,5162495,13.194488,23259.45,23200.0,23050,ATM-1,CALL,23100,2026-06-11
2026-06-11 13:15:00+05:30,200.8,201.75,198.85,199.85,127985,5166720,13.243393,23260.25,23200.0,23050,ATM-1,CALL,23100,2026-06-11
2026-06-11 13:16:00+05:30,202.15,205.2,197.1,197.9,233220,5176535,13.344108,23255.2,23200.0,23050,ATM-1,CALL,23100,2026-06-11
2026-06-11 13:17:00+05:30,197.0,203.45,192.7,203.45,358670,5165745,13.410825,23263.25,23200.0,23050,ATM-1,CALL,23100,2026-06-11
2026-06-11 13:18:00+05:30,201.05,203.45,194.95,198.45,171665,5189015,13.476373,23253.75,23200.0,23050,ATM-1,CALL,23100,2026-06-11
2026-06-11 13:19:00+05:30,198.5,200.8,194.45,194.75,206180,5195190,13.117986,23254.1,23200.0,23050,ATM-1,CALL,23100,2026-06-11
2026-06-11 13:20:00+05:30,195.3,195.45,187.5,188.5,377910,5183035,12.747136,23250.4,23200.0,23050,ATM-1,CALL,23100,2026-06-11
2026-06-11 13:21:00+05:30,187.65,188.5,179.0,179.85,489450,5206435,12.582996,23238.8,23200.0,23050,ATM-1,CALL,23100,2026-06-11
2026-06-11 13:22:00+05:30,178.6,179.85,176.05,176.95,340925,5212545,12.867608,23228.4,23200.0,23050,ATM-1,CALL,23100,2026-06-11
2026-06-11 13:23:00+05:30,176.8,189.8,176.05,185.3,575900,5277935,12.815495,23243.8,23200.0,23050,ATM-1,CALL,23100,2026-06-11
2026-06-11 13:24:00+05:30,186.15,187.55,181.65,186.95,235625,5346835,13.208182,23239.3,23200.0,23050,ATM-1,CALL,23100,2026-06-11
2026-06-11 13:25:00+05:30,186.4,186.95,178.0,178.0,248690,5348655,12.736417,23232.8,23200.0,23050,ATM-1,CALL,23100,2026-06-11
2026-06-11 13:26:00+05:30,177.75,178.0,172.45,174.85,372710,5383170,12.851919,23225.1,23200.0,23050,ATM-1,CALL,23100,2026-06-11
2026-06-11 13:27:00+05:30,175.5,179.5,174.85,176.95,281255,5419180,12.758278,23230.6,23200.0,23050,ATM-1,CALL,23100,2026-06-11
2026-06-11 13:28:00+05:30,176.8,181.7,175.15,179.8,260390,5441085,12.845776,23233.9,23200.0,23050,ATM-1,CALL,23100,2026-06-11
2026-06-11 13:29:00+05:30,180.0,185.1,179.8,184.6,314340,5445895,12.806288,23242.9,23200.0,23050,ATM-1,CALL,23100,2026-06-11
2026-06-11 13:30:00+05:30,185.3,199.6,184.6,193.6,771745,5464875,12.835582,23257.5,23200.0,23050,ATM-1,CALL,23100,2026-06-11
2026-06-11 13:31:00+05:30,194.15,194.15,187.75,191.15,315185,5477875,12.654742,23256.7,23200.0,23050,ATM-1,CALL,23100,2026-06-11
2026-06-11 13:32:00+05:30,196.25,199.15,194.1,197.7,339430,5469100,12.92016,23262.8,23200.0,23050,ATM-1,CALL,23100,2026-06-11
2026-06-11 13:33:00+05:30,196.9,200.75,193.05,193.65,343980,5505435,12.773591,23258.75,23200.0,23050,ATM-1,CALL,23100,2026-06-11
2026-06-11 13:34:00+05:30,193.95,193.95,184.15,184.45,305045,5505175,12.757457,23243.65,23200.0,23050,ATM-1,CALL,23100,2026-06-11
2026-06-11 13:35:00+05:30,184.75,190.2,184.0,188.55,181220,5477745,12.844491,23249.0,23200.0,23050,ATM-1,CALL,23100,2026-06-11
2026-06-11 13:36:00+05:30,188.0,194.35,187.2,194.35,152490,5503095,12.978152,23256.3,23200.0,23050,ATM-1,CALL,23100,2026-06-11
2026-06-11 13:37:00+05:30,194.15,194.35,187.75,188.5,180375,5513170,12.726912,23251.1,23200.0,23050,ATM-1,CALL,23100,2026-06-11
2026-06-11 13:38:00+05:30,188.45,188.55,181.45,182.4,232505,5548855,12.641198,23242.4,23200.0,23050,ATM-1,CALL,23100,2026-06-11
2026-06-11 13:39:00+05:30,183.3,183.3,175.1,178.2,396110,5509010,12.774793,23232.7,23200.0,23050,ATM-1,CALL,23100,2026-06-11
2026-06-11 13:40:00+05:30,177.95,183.45,175.15,175.15,181415,5503420,12.494993,23232.75,23200.0,23050,ATM-1,CALL,23100,2026-06-11
2026-06-11 13:41:00+05:30,175.8,177.7,173.7,177.0,199875,5449860,12.835182,23229.5,23200.0,23050,ATM-1,CALL,23100,2026-06-11
2026-06-11 13:42:00+05:30,177.1,180.4,176.5,177.35,135590,5442385,12.857681,23229.7,23200.0,23050,ATM-1,CALL,23100,2026-06-11
2026-06-11 13:43:00+05:30,207.15,208.7,199.75,202.0,121160,1655225,12.985957,23219.45,23150.0,23050,ATM-1,CALL,23100,2026-06-11
2026-06-11 13:44:00+05:30,202.8,206.1,197.25,204.0,123370,1592955,12.917024,23223.9,23150.0,23050,ATM-1,CALL,23100,2026-06-11
2026-06-11 13:45:00+05:30,204.0,205.05,201.35,201.35,44655,1557465,12.829264,23221.15,23150.0,23050,ATM-1,CALL,23100,2026-06-11
2026-06-11 13:46:00+05:30,171.9,178.65,168.8,178.65,228540,5565235,13.084258,23227.7,23200.0,23050,ATM-1,CALL,23100,2026-06-11
2026-06-11 13:47:00+05:30,178.2,184.95,178.2,179.25,518765,5549765,12.87647,23232.75,23200.0,23050,ATM-1,CALL,23100,2026-06-11
2026-06-11 13:48:00+05:30,179.3,184.2,177.45,177.45,285935,5595135,12.755403,23231.95,23200.0,23050,ATM-1,CALL,23100,2026-06-11
2026-06-11 13:49:00+05:30,177.7,179.75,175.35,177.7,179270,5627700,12.863107,23230.35,23200.0,23050,ATM-1,CALL,23100,2026-06-11
2026-06-11 13:50:00+05:30,208.55,208.55,203.8,205.05,44200,1574235,13.004719,23224.2,23150.0,23050,ATM-1,CALL,23100,2026-06-11
2026-06-11 13:51:00+05:30,176.55,178.65,172.65,177.6,157040,5640115,13.071793,23226.2,23200.0,23050,ATM-1,CALL,23100,2026-06-11
2026-06-11 13:52:00+05:30,177.85,180.75,173.6,180.5,133510,5667415,13.142252,23229.95,23200.0,23050,ATM-1,CALL,23100,2026-06-11
2026-06-11 13:53:00+05:30,180.2,183.5,179.25,181.55,250120,5670080,12.929383,23235.85,23200.0,23050,ATM-1,CALL,23100,2026-06-11
2026-06-11 13:54:00+05:30,181.85,182.95,178.2,180.1,151320,5705245,12.869373,23234.5,23200.0,23050,ATM-1,CALL,23100,2026-06-11
2026-06-11 13:55:00+05:30,180.9,182.95,177.45,182.15,125580,5698940,12.978427,23236.0,23200.0,23050,ATM-1,CALL,23100,2026-06-11
2026-06-11 13:56:00+05:30,181.6,185.55,180.1,184.3,175175,5714085,12.947415,23240.3,23200.0,23050,ATM-1,CALL,23100,2026-06-11
2026-06-11 13:57:00+05:30,184.6,187.55,180.5,182.0,311740,5724030,12.791299,23239.3,23200.0,23050,ATM-1,CALL,23100,2026-06-11
2026-06-11 13:58:00+05:30,182.35,189.4,182.0,188.15,296920,5733910,12.884413,23248.05,23200.0,23050,ATM-1,CALL,23100,2026-06-11
2026-06-11 13:59:00+05:30,187.0,188.15,176.65,178.7,399880,5771935,12.825991,23233.0,23200.0,23050,ATM-1,CALL,23100,2026-06-11
2026-06-11 14:00:00+05:30,179.25,184.8,177.0,184.35,273520,5711355,12.961677,23240.2,23200.0,23050,ATM-1,CALL,23100,2026-06-11
2026-06-11 14:01:00+05:30,183.25,184.2,180.1,181.05,96785,5707390,12.892305,23235.85,23200.0,23050,ATM-1,CALL,23100,2026-06-11
2026-06-11 14:02:00+05:30,180.95,181.3,178.9,180.9,120250,5715710,13.040561,23232.8,23200.0,23050,ATM-1,CALL,23100,2026-06-11
2026-06-11 14:03:00+05:30,180.8,182.95,179.35,179.85,137215,5703555,12.763478,23236.25,23200.0,23050,ATM-1,CALL,23100,2026-06-11
2026-06-11 14:04:00+05:30,179.25,181.8,177.9,179.95,229320,5723120,12.768385,23236.35,23200.0,23050,ATM-1,CALL,23100,2026-06-11
2026-06-11 14:05:00+05:30,179.55,180.8,173.0,178.5,280085,5706870,12.853628,23232.25,23200.0,23050,ATM-1,CALL,23100,2026-06-11
2026-06-11 14:06:00+05:30,178.7,180.9,176.85,179.15,152750,5675670,12.882494,23232.85,23200.0,23050,ATM-1,CALL,23100,2026-06-11
2026-06-11 14:07:00+05:30,210.25,210.25,197.2,197.8,72475,1596530,12.58688,23220.0,23150.0,23050,ATM-1,CALL,23100,2026-06-11
2026-06-11 14:08:00+05:30,197.35,198.85,191.2,191.2,124735,1600105,12.541723,23210.05,23150.0,23050,ATM-1,CALL,23100,2026-06-11
2026-06-11 14:09:00+05:30,190.45,196.45,188.45,196.35,136175,1607515,12.878221,23212.6,23150.0,23050,ATM-1,CALL,23100,2026-06-11
2026-06-11 14:10:00+05:30,196.8,200.6,193.95,195.55,118690,1630200,12.690713,23214.6,23150.0,23050,ATM-1,CALL,23100,2026-06-11
2026-06-11 14:11:00+05:30,195.0,197.35,191.8,196.0,56355,1632345,12.81937,23213.1,23150.0,23050,ATM-1,CALL,23100,2026-06-11
2026-06-11 14:12:00+05:30,196.55,198.0,192.1,194.8,56355,1645150,12.861589,23210.4,23150.0,23050,ATM-1,CALL,23100,2026-06-11
2026-06-11 14:13:00+05:30,194.75,202.9,193.7,202.5,65195,1660295,12.845856,23223.25,23150.0,23050,ATM-1,CALL,23100,2026-06-11
2026-06-11 14:14:00+05:30,202.6,205.55,198.9,199.85,86450,1662440,12.798477,23219.8,23150.0,23050,ATM-1,CALL,23100,2026-06-11
2026-06-11 14:15:00+05:30,200.05,202.15,196.8,199.05,69095,1671215,12.988861,23215.2,23150.0,23050,ATM-1,CALL,23100,2026-06-11
2026-06-11 14:16:00+05:30,199.95,202.7,198.5,199.2,37180,1658670,12.941164,23216.3,23150.0,23050,ATM-1,CALL,23100,2026-06-11
2026-06-11 14:17:00+05:30,198.0,199.6,196.2,197.4,26390,1665495,12.891134,23214.25,23150.0,23050,ATM-1,CALL,23100,2026-06-11
2026-06-11 14:18:00+05:30,197.7,197.7,191.2,191.5,51285,1668810,12.696243,23208.0,23150.0,23050,ATM-1,CALL,23100,2026-06-11
2026-06-11 14:19:00+05:30,191.8,199.65,189.65,199.65,58890,1673750,12.957924,23216.8,23150.0,23050,ATM-1,CALL,23100,2026-06-11
2026-06-11 14:20:00+05:30,199.5,204.2,198.15,202.3,93600,1674725,12.849318,23223.0,23150.0,23050,ATM-1,CALL,23100,2026-06-11
2026-06-11 14:21:00+05:30,202.5,204.75,200.6,202.8,54730,1686360,13.085592,23219.75,23150.0,23050,ATM-1,CALL,23100,2026-06-11
2026-06-11 14:22:00+05:30,199.8,204.3,199.8,201.65,34320,1683435,12.964516,23220.0,23150.0,23050,ATM-1,CALL,23100,2026-06-11
2026-06-11 14:23:00+05:30,201.85,203.0,192.45,192.85,58305,1683760,12.756887,23209.25,23150.0,23050,ATM-1,CALL,23100,2026-06-11
2026-06-11 14:24:00+05:30,192.9,195.4,192.15,194.15,37375,1686815,13.038727,23206.4,23150.0,23050,ATM-1,CALL,23100,2026-06-11
2026-06-11 14:25:00+05:30,194.8,200.95,194.15,200.65,53560,1691365,13.072358,23216.55,23150.0,23050,ATM-1,CALL,23100,2026-06-11
2026-06-11 14:26:00+05:30,170.2,176.5,169.25,175.35,291655,6035835,12.96427,23225.05,23200.0,23050,ATM-1,CALL,23100,2026-06-11
2026-06-11 14:27:00+05:30,175.05,178.5,174.2,176.7,360100,5983250,13.021085,23226.35,23200.0,23050,ATM-1,CALL,23100,2026-06-11
2026-06-11 14:28:00+05:30,179.9,190.0,176.7,189.6,1022645,5963035,12.858731,23251.55,23200.0,23050,ATM-1,CALL,23100,2026-06-11
2026-06-11 14:29:00+05:30,190.15,190.65,181.5,181.5,560560,5945550,12.680366,23241.15,23200.0,23050,ATM-1,CALL,23100,2026-06-11
2026-06-11 14:30:00+05:30,180.4,185.2,176.2,184.6,724230,5873725,12.733753,23245.45,23200.0,23050,ATM-1,CALL,23100,2026-06-11
2026-06-11 14:31:00+05:30,185.05,185.05,179.75,181.2,335530,5972785,12.711473,23240.1,23200.0,23050,ATM-1,CALL,23100,2026-06-11
2026-06-11 14:32:00+05:30,180.95,183.05,177.05,183.05,259675,5991180,12.701815,23243.45,23200.0,23050,ATM-1,CALL,23100,2026-06-11
2026-06-11 14:33:00+05:30,182.75,183.05,172.3,173.0,452335,6012630,12.549072,23229.05,23200.0,23050,ATM-1,CALL,23100,2026-06-11
2026-06-11 14:34:00+05:30,173.1,176.5,171.45,174.65,368355,6043050,12.561591,23231.7,23200.0,23050,ATM-1,CALL,23100,2026-06-11
2026-06-11 14:35:00+05:30,174.8,180.2,174.65,175.8,294970,6113835,12.372736,23237.25,23200.0,23050,ATM-1,CALL,23100,2026-06-11
2026-06-11 14:36:00+05:30,206.5,206.5,195.1,195.1,90350,1594060,12.751165,23213.3,23150.0,23050,ATM-1,CALL,23100,2026-06-11
2026-06-11 14:37:00+05:30,166.05,169.35,159.15,167.9,887835,6013215,12.244321,23226.05,23200.0,23050,ATM-1,CALL,23100,2026-06-11
2026-06-11 14:38:00+05:30,199.9,200.9,191.9,193.6,84370,1586780,12.318397,23218.4,23150.0,23050,ATM-1,CALL,23100,2026-06-11
2026-06-11 14:39:00+05:30,193.2,193.6,183.75,190.15,140205,1600885,12.070416,23217.1,23150.0,23050,ATM-1,CALL,23100,2026-06-11
2026-06-11 14:40:00+05:30,190.1,191.6,183.35,185.7,92560,1623765,12.164576,23208.25,23150.0,23050,ATM-1,CALL,23100,2026-06-11
2026-06-11 14:41:00+05:30,185.0,186.75,180.3,186.35,102570,1622335,11.907124,23213.8,23150.0,23050,ATM-1,CALL,23100,2026-06-11
2026-06-11 14:42:00+05:30,186.35,188.0,181.65,182.65,92235,1630005,11.74304,23210.65,23150.0,23050,ATM-1,CALL,23100,2026-06-11
2026-06-11 14:43:00+05:30,182.65,185.6,172.9,173.15,163215,1647750,11.615599,23197.3,23150.0,23050,ATM-1,CALL,23100,2026-06-11
2026-06-11 14:44:00+05:30,172.55,177.85,172.35,176.45,141245,1652300,11.761173,23200.2,23150.0,23050,ATM-1,CALL,23100,2026-06-11
2026-06-11 14:45:00+05:30,178.5,178.5,173.7,174.4,133900,1676675,11.736663,23197.25,23150.0,23050,ATM-1,CALL,23100,2026-06-11
2026-06-11 14:46:00+05:30,174.75,179.95,170.45,170.45,139425,1671280,11.66218,23192.0,23150.0,23050,ATM-1,CALL,23100,2026-06-11
2026-06-11 14:47:00+05:30,197.65,200.15,184.5,186.45,381550,2189590,11.759153,23167.1,23100.0,23050,ATM-1,CALL,23100,2026-06-11
2026-06-11 14:48:00+05:30,158.5,167.95,157.95,166.6,293670,1742390,11.939636,23180.35,23150.0,23050,ATM-1,CALL,23100,2026-06-11
2026-06-11 14:49:00+05:30,167.75,172.85,166.6,171.6,172120,1730040,11.711138,23193.1,23150.0,23050,ATM-1,CALL,23100,2026-06-11
2026-06-11 14:50:00+05:30,199.55,200.95,189.8,189.8,181545,2227485,11.744059,23172.75,23100.0,23050,ATM-1,CALL,23100,2026-06-11
2026-06-11 14:51:00+05:30,190.95,196.3,189.25,190.9,139425,2274025,11.870779,23172.4,23100.0,23050,ATM-1,CALL,23100,2026-06-11
2026-06-11 14:52:00+05:30,191.15,192.9,188.0,189.55,91845,2296710,11.821082,23171.1,23100.0,23050,ATM-1,CALL,23100,2026-06-11
2026-06-11 14:53:00+05:30,189.75,193.3,188.7,192.1,89635,2340975,11.891255,23174.0,23100.0,23050,ATM-1,CALL,23100,2026-06-11
2026-06-11 14:54:00+05:30,191.6,192.6,188.25,190.6,95550,2367430,11.887191,23171.7,23100.0,23050,ATM-1,CALL,23100,2026-06-11
2026-06-11 14:55:00+05:30,189.65,193.1,188.5,191.45,86125,2369770,11.91533,23172.6,23100.0,23050,ATM-1,CALL,23100,2026-06-11
2026-06-11 14:56:00+05:30,191.4,192.2,187.3,187.9,97630,2380170,11.713106,23170.35,23100.0,23050,ATM-1,CALL,23100,2026-06-11
2026-06-11 14:57:00+05:30,188.4,189.65,184.55,187.75,151125,2389595,11.945574,23166.2,23100.0,23050,ATM-1,CALL,23100,2026-06-11
2026-06-11 14:58:00+05:30,187.6,190.7,187.3,190.7,95810,2390765,11.853077,23172.5,23100.0,23050,ATM-1,CALL,23100,2026-06-11
2026-06-11 14:59:00+05:30,162.8,164.6,156.35,162.65,326820,1959165,11.762973,23177.05,23150.0,23050,ATM-1,CALL,23100,2026-06-11
2026-06-11 15:00:00+05:30,192.75,203.1,181.1,181.1,435305,2349490,12.027018,23154.0,23100.0,23050,ATM-1,CALL,23100,2026-06-11
2026-06-11 15:01:00+05:30,181.1,182.8,175.8,180.1,361075,2351050,11.982657,23153.15,23100.0,23050,ATM-1,CALL,23100,2026-06-11
2026-06-11 15:02:00+05:30,178.9,182.4,172.3,179.95,383045,2370875,11.646044,23158.8,23100.0,23050,ATM-1,CALL,23100,2026-06-11
2026-06-11 15:03:00+05:30,180.9,180.9,176.4,179.55,144105,2386150,11.641228,23158.25,23100.0,23050,ATM-1,CALL,23100,2026-06-11
2026-06-11 15:04:00+05:30,179.2,180.9,176.35,177.2,134485,2380170,12.171278,23145.0,23100.0,23050,ATM-1,CALL,23100,2026-06-11
2026-06-11 15:05:00+05:30,177.1,177.4,172.15,175.95,235690,2403440,11.91425,23147.55,23100.0,23050,ATM-1,CALL,23100,2026-06-11
2026-06-11 15:06:00+05:30,176.85,177.7,170.9,171.5,254670,2452580,11.954729,23139.35,23100.0,23050,ATM-1,CALL,23100,2026-06-11
2026-06-11 15:07:00+05:30,171.0,178.0,170.45,178.0,313040,2483130,12.076715,23148.1,23100.0,23050,ATM-1,CALL,23100,2026-06-11
2026-06-11 15:08:00+05:30,178.25,180.85,176.7,176.85,274885,2447835,12.611634,23136.4,23100.0,23050,ATM-1,CALL,23100,2026-06-11
2026-06-11 15:09:00+05:30,176.35,181.7,176.35,180.65,193570,2406950,12.560199,23143.85,23100.0,23050,ATM-1,CALL,23100,2026-06-11
2026-06-11 15:10:00+05:30,180.9,188.0,180.65,188.0,273650,2366780,12.808238,23151.75,23100.0,23050,ATM-1,CALL,23100,2026-06-11
2026-06-11 15:11:00+05:30,188.0,190.55,183.8,183.95,280410,2320825,12.854686,23144.1,23100.0,23050,ATM-1,CALL,23100,2026-06-11
2026-06-11 15:12:00+05:30,183.8,189.75,181.9,188.9,258700,2280395,12.905352,23151.55,23100.0,23050,ATM-1,CALL,23100,2026-06-11
2026-06-11 15:13:00+05:30,188.95,193.5,188.25,193.35,268775,2288585,12.742026,23161.85,23100.0,23050,ATM-1,CALL,23100,2026-06-11
2026-06-11 15:14:00+05:30,193.25,195.25,190.25,190.8,280150,2222415,12.275124,23165.8,23100.0,23050,ATM-1,CALL,23100,2026-06-11
2026-06-11 15:15:00+05:30,190.6,192.0,182.9,190.2,324935,2205255,12.184468,23166.4,23100.0,23050,ATM-1,CALL,23100,2026-06-11
2026-06-11 15:16:00+05:30,163.0,171.6,162.7,170.65,421915,1946815,12.330325,23180.55,23150.0,23050,ATM-1,CALL,23100,2026-06-11
2026-06-11 15:17:00+05:30,170.85,172.85,169.5,171.15,240890,1921075,12.305619,23181.9,23150.0,23050,ATM-1,CALL,23100,2026-06-11
2026-06-11 15:18:00+05:30,170.85,172.3,167.05,168.2,227695,1900145,12.075015,23181.15,23150.0,23050,ATM-1,CALL,23100,2026-06-11
2026-06-11 15:19:00+05:30,196.0,196.05,190.7,192.65,181025,2101840,12.090559,23172.0,23100.0,23050,ATM-1,CALL,23100,2026-06-11
2026-06-11 15:20:00+05:30,164.85,168.15,164.15,166.2,279370,1797510,12.04977,23178.2,23150.0,23050,ATM-1,CALL,23100,2026-06-11
2026-06-11 15:21:00+05:30,166.3,170.25,165.85,165.85,206245,1806285,12.100508,23176.65,23150.0,23050,ATM-1,CALL,23100,2026-06-11
2026-06-11 15:22:00+05:30,193.0,196.6,192.0,192.2,141765,2020460,12.175551,23169.9,23100.0,23050,ATM-1,CALL,23100,2026-06-11
2026-06-11 15:23:00+05:30,191.7,196.0,189.3,195.5,119730,2013440,12.430553,23170.9,23100.0,23050,ATM-1,CALL,23100,2026-06-11
2026-06-11 15:24:00+05:30,195.4,197.0,194.1,197.0,109070,2003495,12.414315,23173.6,23100.0,23050,ATM-1,CALL,23100,2026-06-11
2026-06-11 15:25:00+05:30,196.0,203.5,195.55,203.5,214305,1972165,12.984734,23174.4,23100.0,23050,ATM-1,CALL,23100,2026-06-11
2026-06-11 15:26:00+05:30,174.3,178.5,171.35,176.9,301145,1732770,13.122622,23176.6,23150.0,23050,ATM-1,CALL,23100,2026-06-11
2026-06-11 15:27:00+05:30,176.0,177.6,174.85,175.85,178295,1713920,12.896536,23179.1,23150.0,23050,ATM-1,CALL,23100,2026-06-11
2026-06-11 15:28:00+05:30,176.15,177.65,174.75,177.0,175630,1664325,12.953299,23180.05,23150.0,23050,ATM-1,CALL,23100,2026-06-11
2026-06-11 15:29:00+05:30,176.75,179.9,176.75,179.35,356200,1651065,12.82559,23186.55,23150.0,23050,ATM-1,CALL,23100,2026-06-11
2026-06-11 09:15:00+05:30,130.0,137.7,126.3,136.5,730730,809770,15.731963,23104.4,23050.0,23050,ATM-1,PUT,23100,2026-06-11
2026-06-11 09:16:00+05:30,138.2,146.95,136.5,146.55,796640,922220,15.788538,23082.3,23050.0,23050,ATM-1,PUT,23100,2026-06-11
2026-06-11 09:17:00+05:30,146.9,154.95,146.55,148.5,880945,1087905,16.376761,23092.9,23050.0,23050,ATM-1,PUT,23100,2026-06-11
2026-06-11 09:18:00+05:30,146.55,148.5,137.15,140.75,558220,1174420,15.955532,23100.1,23050.0,23050,ATM-1,PUT,23100,2026-06-11
2026-06-11 09:19:00+05:30,140.85,140.85,134.0,135.0,402545,1304615,16.027636,23115.85,23050.0,23050,ATM-1,PUT,23100,2026-06-11
2026-06-11 09:20:00+05:30,157.6,161.35,149.0,150.5,1146470,4133675,15.968867,23128.6,23100.0,23050,ATM-1,PUT,23100,2026-06-11
2026-06-11 09:21:00+05:30,150.2,151.0,143.4,144.6,970775,4483505,15.98023,23142.45,23100.0,23050,ATM-1,PUT,23100,2026-06-11
2026-06-11 09:22:00+05:30,145.2,148.75,141.4,144.5,903305,4807335,15.989399,23142.9,23100.0,23050,ATM-1,PUT,23100,2026-06-11
2026-06-11 09:23:00+05:30,144.4,149.0,142.3,147.9,599950,5093790,15.999145,23135.25,23100.0,23050,ATM-1,PUT,23100,2026-06-11
2026-06-11 09:24:00+05:30,126.1,133.95,124.7,132.2,378820,1693705,15.812479,23116.8,23050.0,23050,ATM-1,PUT,23100,2026-06-11
2026-06-11 09:25:00+05:30,133.95,134.85,131.05,133.3,318500,1619280,15.623132,23109.0,23050.0,23050,ATM-1,PUT,23100,2026-06-11
2026-06-11 09:26:00+05:30,134.35,136.15,131.4,133.7,249925,1619605,15.604057,23107.5,23050.0,23050,ATM-1,PUT,23100,2026-06-11
2026-06-11 09:27:00+05:30,133.55,140.9,131.9,136.85,396240,1631045,15.662,23101.45,23050.0,23050,ATM-1,PUT,23100,2026-06-11
2026-06-11 09:28:00+05:30,136.7,136.85,129.5,130.45,291915,1688245,15.686059,23117.6,23050.0,23050,ATM-1,PUT,23100,2026-06-11
2026-06-11 09:29:00+05:30,129.65,131.5,126.1,129.1,203905,1712750,15.72194,23121.9,23050.0,23050,ATM-1,PUT,23100,2026-06-11
2026-06-11 09:30:00+05:30,129.4,137.6,128.8,136.5,274885,1724385,15.968086,23110.35,23050.0,23050,ATM-1,PUT,23100,2026-06-11
2026-06-11 09:31:00+05:30,136.15,139.0,131.5,131.5,247520,1735435,15.758314,23116.9,23050.0,23050,ATM-1,PUT,23100,2026-06-11
2026-06-11 09:32:00+05:30,130.35,132.4,126.0,132.4,229905,1785290,15.731701,23113.95,23050.0,23050,ATM-1,PUT,23100,2026-06-11
2026-06-11 09:33:00+05:30,133.15,140.3,132.4,139.45,283465,1823835,15.907735,23101.6,23050.0,23050,ATM-1,PUT,23100,2026-06-11
2026-06-11 09:34:00+05:30,139.45,139.45,132.65,134.15,176345,1808040,15.732014,23109.65,23050.0,23050,ATM-1,PUT,23100,2026-06-11
2026-06-11 09:35:00+05:30,134.45,142.25,134.15,142.25,364325,1850875,15.984929,23096.95,23050.0,23050,ATM-1,PUT,23100,2026-06-11
2026-06-11 09:36:00+05:30,141.45,142.25,133.35,133.45,401830,1905475,15.770941,23112.35,23050.0,23050,ATM-1,PUT,23100,2026-06-11
2026-06-11 09:37:00+05:30,133.05,134.25,128.4,130.7,236405,1966640,15.780867,23119.35,23050.0,23050,ATM-1,PUT,23100,2026-06-11
2026-06-11 09:38:00+05:30,152.7,153.55,145.0,146.9,904670,6222450,15.714717,23129.95,23100.0,23050,ATM-1,PUT,23100,2026-06-11
2026-06-11 09:39:00+05:30,147.05,147.05,142.4,144.45,746265,6324370,15.590007,23132.35,23100.0,23050,ATM-1,PUT,23100,2026-06-11
2026-06-11 09:40:00+05:30,122.2,128.3,121.95,127.85,215410,2063230,15.538039,23119.75,23050.0,23050,ATM-1,PUT,23100,2026-06-11
2026-06-11 09:41:00+05:30,127.95,128.75,125.7,126.95,198315,2115035,15.478694,23120.35,23050.0,23050,ATM-1,PUT,23100,2026-06-11
2026-06-11 09:42:00+05:30,127.0,129.75,125.15,127.25,165100,2157480,15.494071,23120.0,23050.0,23050,ATM-1,PUT,23100,2026-06-11
2026-06-11 09:43:00+05:30,149.65,150.35,138.55,139.5,1082705,6775080,15.495715,23141.3,23100.0,23050,ATM-1,PUT,23100,2026-06-11
2026-06-11 09:44:00+05:30,137.85,139.7,136.25,138.0,880685,6827665,15.474669,23144.25,23100.0,23050,ATM-1,PUT,23100,2026-06-11
2026-06-11 09:45:00+05:30,137.7,141.3,134.6,137.3,916435,7056205,15.465912,23145.65,23100.0,23050,ATM-1,PUT,23100,2026-06-11
2026-06-11 09:46:00+05:30,136.9,139.05,133.65,134.8,567385,7321535,15.574603,23154.45,23100.0,23050,ATM-1,PUT,23100,2026-06-11
2026-06-11 09:47:00+05:30,134.8,139.15,134.7,139.05,439660,7488000,15.779684,23149.7,23100.0,23050,ATM-1,PUT,23100,2026-06-11
2026-06-11 09:48:00+05:30,138.25,143.0,137.75,143.0,616720,7465250,15.822406,23141.5,23100.0,23050,ATM-1,PUT,23100,2026-06-11
2026-06-11 09:49:00+05:30,142.4,143.0,136.3,136.85,388505,7587450,15.719084,23153.3,23100.0,23050,ATM-1,PUT,23100,2026-06-11
2026-06-11 09:50:00+05:30,136.8,140.7,129.55,131.0,841425,7626125,15.54932,23162.9,23100.0,23050,ATM-1,PUT,23100,2026-06-11
2026-06-11 09:51:00+05:30,132.45,132.75,128.3,129.8,650260,7673380,15.611166,23167.5,23100.0,23050,ATM-1,PUT,23100,2026-06-11
2026-06-11 09:52:00+05:30,130.05,133.55,128.75,130.15,447460,7797855,15.765276,23170.8,23100.0,23050,ATM-1,PUT,23100,2026-06-11
2026-06-11 09:53:00+05:30,129.55,131.7,127.65,129.2,370955,7872215,15.734493,23172.3,23100.0,23050,ATM-1,PUT,23100,2026-06-11
2026-06-11 09:54:00+05:30,129.4,136.2,129.0,136.2,451880,7954245,15.628552,23152.35,23100.0,23050,ATM-1,PUT,23100,2026-06-11
2026-06-11 09:55:00+05:30,135.5,141.3,135.4,139.45,1024530,7938060,15.522135,23141.85,23100.0,23050,ATM-1,PUT,23100,2026-06-11
2026-06-11 09:56:00+05:30,139.35,140.85,135.75,140.85,461240,7976670,15.596986,23140.5,23100.0,23050,ATM-1,PUT,23100,2026-06-11
2026-06-11 09:57:00+05:30,141.65,145.35,140.45,144.35,895765,7944170,15.548729,23131.15,23100.0,23050,ATM-1,PUT,23100,2026-06-11
2026-06-11 09:58:00+05:30,122.65,128.0,122.65,127.3,348270,2405585,15.31632,23114.7,23050.0,23050,ATM-1,PUT,23100,2026-06-11
2026-06-11 09:59:00+05:30,126.9,129.25,124.0,127.35,275340,2347930,15.428821,23117.6,23050.0,23050,ATM-1,PUT,23100,2026-06-11
2026-06-11 10:00:00+05:30,149.7,150.45,142.9,143.55,780975,7666425,15.442119,23130.2,23100.0,23050,ATM-1,PUT,23100,2026-06-11
2026-06-11 10:01:00+05:30,142.6,144.05,140.2,142.9,557115,7639905,15.474663,23132.5,23100.0,23050,ATM-1,PUT,23100,2026-06-11
2026-06-11 10:02:00+05:30,121.1,125.5,120.45,124.65,155740,2338180,15.378765,23122.9,23050.0,23050,ATM-1,PUT,23100,2026-06-11
2026-06-11 10:03:00+05:30,124.15,127.7,120.2,126.2,136240,2345590,15.446482,23120.85,23050.0,23050,ATM-1,PUT,23100,2026-06-11
2026-06-11 10:04:00+05:30,126.35,131.0,124.6,130.4,179205,2366390,15.37472,23108.55,23050.0,23050,ATM-1,PUT,23100,2026-06-11
2026-06-11 10:05:00+05:30,130.45,132.2,127.05,127.75,300885,2333110,15.264733,23112.05,23050.0,23050,ATM-1,PUT,23100,2026-06-11
2026-06-11 10:06:00+05:30,150.95,151.85,138.2,139.45,941005,7523750,15.355375,23137.3,23100.0,23050,ATM-1,PUT,23100,2026-06-11
2026-06-11 10:07:00+05:30,140.65,141.9,132.9,134.15,845390,7417800,15.281267,23147.8,23100.0,23050,ATM-1,PUT,23100,2026-06-11
2026-06-11 10:08:00+05:30,134.4,135.7,129.15,129.75,796705,7441850,15.226831,23156.9,23100.0,23050,ATM-1,PUT,23100,2026-06-11
2026-06-11 10:09:00+05:30,129.55,132.0,127.05,131.6,754715,7458035,15.397406,23156.95,23100.0,23050,ATM-1,PUT,23100,2026-06-11
2026-06-11 10:10:00+05:30,132.2,132.55,127.15,129.7,511875,7584200,15.276241,23158.3,23100.0,23050,ATM-1,PUT,23100,2026-06-11
2026-06-11 10:11:00+05:30,129.75,129.8,126.25,126.8,413725,7662460,15.188077,23163.0,23100.0,23050,ATM-1,PUT,23100,2026-06-11
2026-06-11 10:12:00+05:30,126.85,131.3,126.25,131.3,304525,7687225,15.361375,23156.65,23100.0,23050,ATM-1,PUT,23100,2026-06-11
2026-06-11 10:13:00+05:30,131.0,131.5,128.6,129.8,280540,7698015,15.341872,23159.75,23100.0,23050,ATM-1,PUT,23100,2026-06-11
2026-06-11 10:14:00+05:30,129.2,135.0,127.2,134.45,449800,7727265,15.302604,23147.5,23100.0,23050,ATM-1,PUT,23100,2026-06-11
2026-06-11 10:15:00+05:30,133.3,134.45,128.3,129.5,427895,7728890,15.247156,23157.9,23100.0,23050,ATM-1,PUT,23100,2026-06-11
2026-06-11 10:16:00+05:30,129.1,129.5,124.95,127.55,559455,7743905,15.332585,23164.95,23100.0,23050,ATM-1,PUT,23100,2026-06-11
2026-06-11 10:17:00+05:30,127.05,127.55,123.5,124.55,394615,7775040,15.214209,23169.15,23100.0,23050,ATM-1,PUT,23100,2026-06-11
2026-06-11 10:18:00+05:30,125.0,127.65,122.15,123.05,370370,7836010,15.218469,23173.0,23100.0,23050,ATM-1,PUT,23100,2026-06-11
2026-06-11 10:19:00+05:30,144.55,144.7,139.4,139.85,664820,3626935,15.210422,23183.15,23150.0,23050,ATM-1,PUT,23100,2026-06-11
2026-06-11 10:20:00+05:30,139.35,142.3,137.3,138.25,495040,3806660,15.342359,23190.25,23150.0,23050,ATM-1,PUT,23100,2026-06-11
2026-06-11 10:21:00+05:30,138.85,143.75,138.25,143.35,371800,3931135,15.487094,23182.15,23150.0,23050,ATM-1,PUT,23100,2026-06-11
2026-06-11 10:22:00+05:30,141.95,145.1,141.95,144.35,351260,3999190,15.489451,23179.9,23150.0,23050,ATM-1,PUT,23100,2026-06-11
2026-06-11 10:23:00+05:30,144.45,144.5,141.5,143.85,251485,4045210,15.510101,23181.55,23150.0,23050,ATM-1,PUT,23100,2026-06-11
2026-06-11 10:24:00+05:30,143.45,145.95,142.55,144.9,212160,4081090,15.534498,23179.75,23150.0,23050,ATM-1,PUT,23100,2026-06-11
2026-06-11 10:25:00+05:30,145.2,146.0,143.75,145.2,216775,4098380,15.546492,23179.35,23150.0,23050,ATM-1,PUT,23100,2026-06-11
2026-06-11 10:26:00+05:30,144.4,145.2,138.0,138.5,326755,4125420,15.481203,23193.15,23150.0,23050,ATM-1,PUT,23100,2026-06-11
2026-06-11 10:27:00+05:30,138.7,138.95,132.2,132.2,618800,4108780,15.460361,23207.6,23150.0,23050,ATM-1,PUT,23100,2026-06-11
2026-06-11 10:28:00+05:30,132.7,138.1,131.75,136.85,320645,4131075,15.572649,23199.4,23150.0,23050,ATM-1,PUT,23100,2026-06-11
2026-06-11 10:29:00+05:30,136.95,137.6,134.45,136.75,171145,4192240,15.56824,23199.5,23150.0,23050,ATM-1,PUT,23100,2026-06-11
2026-06-11 10:30:00+05:30,136.25,142.5,133.6,141.75,370305,4236050,15.613276,23188.9,23150.0,23050,ATM-1,PUT,23100,2026-06-11
2026-06-11 10:31:00+05:30,142.0,142.25,135.45,136.2,378495,4263285,15.506912,23199.15,23150.0,23050,ATM-1,PUT,23100,2026-06-11
2026-06-11 10:32:00+05:30,136.3,138.0,132.9,134.5,212420,4306315,15.537575,23204.0,23150.0,23050,ATM-1,PUT,23100,2026-06-11
2026-06-11 10:33:00+05:30,135.6,138.95,134.5,135.75,176475,4341155,15.460298,23198.95,23150.0,23050,ATM-1,PUT,23100,2026-06-11
2026-06-11 10:34:00+05:30,136.8,137.7,135.75,137.05,75270,4376905,15.648837,23200.8,23150.0,23050,ATM-1,PUT,23100,2026-06-11
2026-06-11 10:35:00+05:30,137.05,137.15,133.8,136.95,134420,4394585,15.663387,23201.4,23150.0,23050,ATM-1,PUT,23100,2026-06-11
2026-06-11 10:36:00+05:30,137.3,141.05,136.95,139.55,259155,4450810,15.700964,23196.2,23150.0,23050,ATM-1,PUT,23100,2026-06-11
2026-06-11 10:37:00+05:30,139.4,141.95,137.7,141.05,166920,4495140,15.671902,23191.9,23150.0,23050,ATM-1,PUT,23100,2026-06-11
2026-06-11 10:38:00+05:30,140.55,140.95,137.0,137.4,182130,4486820,15.619183,23199.1,23150.0,23050,ATM-1,PUT,23100,2026-06-11
2026-06-11 10:39:00+05:30,137.0,137.6,133.15,134.45,197860,4530435,15.668632,23207.45,23150.0,23050,ATM-1,PUT,23100,2026-06-11
2026-06-11 10:40:00+05:30,134.25,136.25,131.9,133.25,189345,4533555,15.745688,23212.4,23150.0,23050,ATM-1,PUT,23100,2026-06-11
2026-06-11 10:41:00+05:30,133.2,137.95,132.35,137.95,225810,4530565,15.836508,23203.45,23150.0,23050,ATM-1,PUT,23100,2026-06-11
2026-06-11 10:42:00+05:30,137.3,139.35,136.05,136.05,234065,4548635,15.755969,23205.85,23150.0,23050,ATM-1,PUT,23100,2026-06-11
2026-06-11 10:43:00+05:30,135.7,138.6,134.95,138.05,115375,4579250,15.796086,23202.1,23150.0,23050,ATM-1,PUT,23100,2026-06-11
2026-06-11 10:44:00+05:30,138.0,140.1,136.3,136.45,139100,4592055,15.756169,23204.85,23150.0,23050,ATM-1,PUT,23100,2026-06-11
2026-06-11 10:45:00+05:30,136.85,140.65,136.2,136.2,151515,4601935,15.724927,23204.6,23150.0,23050,ATM-1,PUT,23100,2026-06-11
2026-06-11 10:46:00+05:30,136.9,137.3,133.75,136.85,135850,4614220,15.860083,23206.6,23150.0,23050,ATM-1,PUT,23100,2026-06-11
2026-06-11 10:47:00+05:30,137.0,137.55,134.45,134.95,69095,4618575,15.829419,23210.35,23150.0,23050,ATM-1,PUT,23100,2026-06-11
2026-06-11 10:48:00+05:30,134.7,139.2,133.5,137.0,142415,4622865,15.841435,23205.7,23150.0,23050,ATM-1,PUT,23100,2026-06-11
2026-06-11 10:49:00+05:30,137.6,140.9,136.75,140.9,133575,4610190,15.739592,23193.75,23150.0,23050,ATM-1,PUT,23100,2026-06-11
2026-06-11 10:50:00+05:30,141.35,143.85,140.6,143.1,439010,4644380,15.654219,23186.4,23150.0,23050,ATM-1,PUT,23100,2026-06-11
2026-06-11 10:51:00+05:30,142.65,143.1,137.7,141.2,257140,4683575,15.623659,23190.0,23150.0,23050,ATM-1,PUT,23100,2026-06-11
2026-06-11 10:52:00+05:30,141.15,141.75,138.7,141.75,123630,4688775,15.59848,23188.05,23150.0,23050,ATM-1,PUT,23100,2026-06-11
2026-06-11 10:53:00+05:30,120.6,124.55,120.55,124.4,512525,8893820,15.440111,23174.9,23100.0,23050,ATM-1,PUT,23100,2026-06-11
2026-06-11 10:54:00+05:30,124.65,125.35,122.55,123.9,491465,8808670,15.387731,23174.7,23100.0,23050,ATM-1,PUT,23100,2026-06-11
2026-06-11 10:55:00+05:30,124.6,126.35,123.5,124.55,489385,8694920,15.393443,23173.2,23100.0,23050,ATM-1,PUT,23100,2026-06-11
2026-06-11 10:56:00+05:30,146.15,146.65,142.65,143.7,320645,4657640,15.454846,23179.8,23150.0,23050,ATM-1,PUT,23100,2026-06-11
2026-06-11 10:57:00+05:30,143.6,146.3,143.2,144.55,145600,4608435,15.433456,23177.3,23150.0,23050,ATM-1,PUT,23100,2026-06-11
2026-06-11 10:58:00+05:30,145.45,146.2,142.65,146.2,130065,4625855,15.517081,23175.65,23150.0,23050,ATM-1,PUT,23100,2026-06-11
2026-06-11 10:59:00+05:30,145.9,147.6,142.75,143.5,302120,4654130,15.311158,23176.55,23150.0,23050,ATM-1,PUT,23100,2026-06-11
2026-06-11 11:00:00+05:30,120.6,126.1,119.95,125.8,364975,8665735,15.374593,23169.45,23100.0,23050,ATM-1,PUT,23100,2026-06-11
2026-06-11 11:01:00+05:30,125.95,127.0,123.85,126.85,456365,8701095,15.386732,23167.15,23100.0,23050,ATM-1,PUT,23100,2026-06-11
2026-06-11 11:02:00+05:30,126.85,127.85,124.35,125.65,359970,8704085,15.305393,23167.9,23100.0,23050,ATM-1,PUT,23100,2026-06-11
2026-06-11 11:03:00+05:30,148.0,148.6,141.6,141.7,299650,4806555,15.306293,23180.45,23150.0,23050,ATM-1,PUT,23100,2026-06-11
2026-06-11 11:04:00+05:30,141.1,142.4,138.8,141.9,476515,4704115,15.370212,23181.6,23150.0,23050,ATM-1,PUT,23100,2026-06-11
2026-06-11 11:05:00+05:30,140.75,141.9,132.2,132.75,558350,4644055,15.247168,23199.8,23150.0,23050,ATM-1,PUT,23100,2026-06-11
2026-06-11 11:06:00+05:30,132.0,136.8,130.95,131.95,355550,4597775,15.341851,23204.2,23150.0,23050,ATM-1,PUT,23100,2026-06-11
2026-06-11 11:07:00+05:30,131.0,138.0,130.05,137.5,348075,4574765,15.305028,23190.05,23150.0,23050,ATM-1,PUT,23100,2026-06-11
2026-06-11 11:08:00+05:30,137.4,138.7,133.1,134.95,263250,4628260,15.258137,23194.8,23150.0,23050,ATM-1,PUT,23100,2026-06-11
2026-06-11 11:09:00+05:30,135.95,141.05,134.95,136.8,317785,4585880,15.37825,23193.55,23150.0,23050,ATM-1,PUT,23100,2026-06-11
2026-06-11 11:10:00+05:30,136.4,139.6,135.9,136.3,153660,4614675,15.255031,23191.5,23150.0,23050,ATM-1,PUT,23100,2026-06-11
2026-06-11 11:11:00+05:30,136.4,138.8,135.2,137.9,121550,4627935,15.311508,23189.2,23150.0,23050,ATM-1,PUT,23100,2026-06-11
2026-06-11 11:12:00+05:30,137.4,140.0,137.15,138.95,153400,4653740,15.321749,23187.0,23150.0,23050,ATM-1,PUT,23100,2026-06-11
2026-06-11 11:13:00+05:30,138.65,139.7,136.15,138.5,161655,4677140,15.213925,23185.25,23150.0,23050,ATM-1,PUT,23100,2026-06-11
2026-06-11 11:14:00+05:30,138.15,141.0,136.5,139.5,153530,4671550,15.224868,23183.2,23150.0,23050,ATM-1,PUT,23100,2026-06-11
2026-06-11 11:15:00+05:30,139.3,140.9,136.6,137.9,123695,4683120,15.277958,23188.25,23150.0,23050,ATM-1,PUT,23100,2026-06-11
2026-06-11 11:16:00+05:30,137.75,140.0,136.85,137.4,92560,4704050,15.280094,23189.45,23150.0,23050,ATM-1,PUT,23100,2026-06-11
2026-06-11 11:17:00+05:30,137.3,139.6,134.6,135.4,179530,4680195,15.273532,23193.95,23150.0,23050,ATM-1,PUT,23100,2026-06-11
2026-06-11 11:18:00+05:30,135.45,136.75,130.0,130.1,286065,4689555,15.219329,23205.15,23150.0,23050,ATM-1,PUT,23100,2026-06-11
2026-06-11 11:19:00+05:30,130.15,132.8,128.2,132.3,306540,4658940,15.355941,23203.45,23150.0,23050,ATM-1,PUT,23100,2026-06-11
2026-06-11 11:20:00+05:30,132.5,134.0,127.0,127.85,252525,4676230,15.292805,23212.55,23150.0,23050,ATM-1,PUT,23100,2026-06-11
2026-06-11 11:21:00+05:30,127.7,128.0,124.05,124.9,317980,4678050,15.310246,23220.3,23150.0,23050,ATM-1,PUT,23100,2026-06-11
2026-06-11 11:22:00+05:30,124.95,128.3,124.9,128.0,200395,4691635,15.365707,23214.1,23150.0,23050,ATM-1,PUT,23100,2026-06-11
2026-06-11 11:23:00+05:30,128.0,129.45,125.35,128.8,181350,4714710,15.400525,23213.05,23150.0,23050,ATM-1,PUT,23100,2026-06-11
2026-06-11 11:24:00+05:30,128.3,129.9,126.0,126.35,161525,4742660,15.379261,23218.5,23150.0,23050,ATM-1,PUT,23100,2026-06-11
2026-06-11 11:25:00+05:30,126.35,127.35,124.5,126.85,145990,4757545,15.326118,23215.8,23150.0,23050,ATM-1,PUT,23100,2026-06-11
2026-06-11 11:26:00+05:30,148.95,148.95,141.55,141.75,704730,8003385,15.222648,23228.5,23200.0,23050,ATM-1,PUT,23100,2026-06-11
2026-06-11 11:27:00+05:30,140.75,141.75,137.9,137.9,924235,8120190,15.096529,23234.1,23200.0,23050,ATM-1,PUT,23100,2026-06-11
2026-06-11 11:28:00+05:30,137.4,139.25,136.25,138.0,494780,8263710,15.182158,23236.05,23200.0,23050,ATM-1,PUT,23100,2026-06-11
2026-06-11 11:29:00+05:30,137.9,141.7,137.5,138.0,393510,8373950,15.159648,23235.45,23200.0,23050,ATM-1,PUT,23100,2026-06-11
2026-06-11 11:30:00+05:30,137.7,139.85,135.35,139.85,457860,8466250,15.35621,23236.2,23200.0,23050,ATM-1,PUT,23100,2026-06-11
2026-06-11 11:31:00+05:30,139.15,143.0,137.65,141.65,547040,8574150,15.130916,23226.3,23200.0,23050,ATM-1,PUT,23100,2026-06-11
2026-06-11 11:32:00+05:30,141.5,144.45,141.3,142.9,419185,8667100,15.238023,23226.15,23200.0,23050,ATM-1,PUT,23100,2026-06-11
2026-06-11 11:33:00+05:30,142.55,142.9,138.35,140.0,312325,8690695,15.268907,23233.55,23200.0,23050,ATM-1,PUT,23100,2026-06-11
2026-06-11 11:34:00+05:30,140.0,144.3,139.95,144.1,255320,8721245,15.355291,23226.35,23200.0,23050,ATM-1,PUT,23100,2026-06-11
2026-06-11 11:35:00+05:30,143.9,145.65,140.4,140.5,448695,8695375,15.346757,23234.35,23200.0,23050,ATM-1,PUT,23100,2026-06-11
2026-06-11 11:36:00+05:30,119.7,124.95,119.7,124.05,174915,4760860,15.294134,23221.65,23150.0,23050,ATM-1,PUT,23100,2026-06-11
2026-06-11 11:37:00+05:30,124.15,124.85,122.8,124.7,130000,4777370,15.222277,23218.05,23150.0,23050,ATM-1,PUT,23100,2026-06-11
2026-06-11 11:38:00+05:30,124.5,126.9,124.1,126.5,202930,4771455,15.286265,23215.3,23150.0,23050,ATM-1,PUT,23100,2026-06-11
2026-06-11 11:39:00+05:30,126.9,127.4,123.0,123.75,178360,4748835,15.316656,23222.95,23150.0,23050,ATM-1,PUT,23100,2026-06-11
2026-06-11 11:40:00+05:30,123.75,125.35,122.15,124.4,108355,4735250,15.380827,23223.05,23150.0,23050,ATM-1,PUT,23100,2026-06-11
2026-06-11 11:41:00+05:30,146.15,146.9,141.3,142.1,279955,8676200,15.337015,23230.3,23200.0,23050,ATM-1,PUT,23100,2026-06-11
2026-06-11 11:42:00+05:30,142.1,142.8,133.8,134.7,635700,8685560,15.22537,23244.6,23200.0,23050,ATM-1,PUT,23100,2026-06-11
2026-06-11 11:43:00+05:30,134.85,138.8,134.7,137.8,396760,8762455,15.389104,23241.55,23200.0,23050,ATM-1,PUT,23100,2026-06-11
2026-06-11 11:44:00+05:30,137.95,138.4,131.6,131.6,595855,8908575,15.292042,23253.7,23200.0,23050,ATM-1,PUT,23100,2026-06-11
2026-06-11 11:45:00+05:30,131.0,133.8,129.9,133.0,695825,9091680,15.433159,23254.05,23200.0,23050,ATM-1,PUT,23100,2026-06-11
2026-06-11 11:46:00+05:30,132.75,133.75,131.4,131.5,283400,9158305,15.438859,23257.8,23200.0,23050,ATM-1,PUT,23100,2026-06-11
2026-06-11 11:47:00+05:30,131.2,133.15,125.35,125.65,759655,9238710,15.329591,23269.2,23200.0,23050,ATM-1,PUT,23100,2026-06-11
2026-06-11 11:48:00+05:30,125.05,129.9,124.4,127.35,640445,9248850,15.454581,23268.35,23200.0,23050,ATM-1,PUT,23100,2026-06-11
2026-06-11 11:49:00+05:30,128.0,130.5,127.35,129.25,335790,9307415,15.512454,23265.2,23200.0,23050,ATM-1,PUT,23100,2026-06-11
2026-06-11 11:50:00+05:30,129.0,129.25,126.3,127.0,285545,9368840,15.624436,23273.8,23200.0,23050,ATM-1,PUT,23100,2026-06-11
2026-06-11 11:51:00+05:30,126.5,128.2,125.6,127.9,275015,9430980,15.527641,23268.9,23200.0,23050,ATM-1,PUT,23100,2026-06-11
2026-06-11 11:52:00+05:30,128.05,129.95,127.0,127.1,330850,9501050,15.499498,23270.1,23200.0,23050,ATM-1,PUT,23100,2026-06-11
2026-06-11 11:53:00+05:30,127.5,128.5,126.0,126.45,197340,9571900,15.587538,23274.1,23200.0,23050,ATM-1,PUT,23100,2026-06-11
2026-06-11 11:54:00+05:30,126.4,127.55,124.1,127.15,344695,9660235,15.610414,23272.95,23200.0,23050,ATM-1,PUT,23100,2026-06-11
2026-06-11 11:55:00+05:30,126.5,127.15,124.8,127.0,247845,9727510,15.628657,23273.8,23200.0,23050,ATM-1,PUT,23100,2026-06-11
2026-06-11 11:56:00+05:30,148.05,149.2,140.1,141.1,487695,3751865,15.424742,23285.3,23250.0,23050,ATM-1,PUT,23100,2026-06-11
2026-06-11 11:57:00+05:30,140.95,143.15,140.8,141.5,260520,3803670,15.447914,23284.95,23250.0,23050,ATM-1,PUT,23100,2026-06-11
2026-06-11 11:58:00+05:30,141.1,141.65,137.0,140.75,280800,3841370,15.612079,23290.9,23250.0,23050,ATM-1,PUT,23100,2026-06-11
2026-06-11 11:59:00+05:30,140.65,143.95,140.45,143.5,203970,3882190,15.559127,23283.15,23250.0,23050,ATM-1,PUT,23100,2026-06-11
2026-06-11 12:00:00+05:30,142.4,143.5,139.5,143.0,161850,3944330,15.56972,23284.55,23250.0,23050,ATM-1,PUT,23100,2026-06-11
2026-06-11 12:01:00+05:30,143.65,143.75,140.8,141.55,117910,4002895,15.595702,23288.55,23250.0,23050,ATM-1,PUT,23100,2026-06-11
2026-06-11 12:02:00+05:30,141.75,143.6,141.0,142.7,106470,4026815,15.589255,23285.7,23250.0,23050,ATM-1,PUT,23100,2026-06-11
2026-06-11 12:03:00+05:30,143.15,143.35,140.4,141.25,124410,4056260,15.626523,23290.0,23250.0,23050,ATM-1,PUT,23100,2026-06-11
2026-06-11 12:04:00+05:30,141.55,143.4,141.25,142.8,90805,4070430,15.63888,23286.7,23250.0,23050,ATM-1,PUT,23100,2026-06-11
2026-06-11 12:05:00+05:30,142.7,146.6,141.9,145.05,313625,4123535,15.625001,23281.15,23250.0,23050,ATM-1,PUT,23100,2026-06-11
2026-06-11 12:06:00+05:30,144.4,146.25,143.35,144.4,165230,4202445,15.604713,23282.1,23250.0,23050,ATM-1,PUT,23100,2026-06-11
2026-06-11 12:07:00+05:30,144.5,144.5,140.0,140.35,187915,4220385,15.56033,23290.3,23250.0,23050,ATM-1,PUT,23100,2026-06-11
2026-06-11 12:08:00+05:30,140.3,144.4,140.0,142.45,142805,4235660,15.53273,23284.7,23250.0,23050,ATM-1,PUT,23100,2026-06-11
2026-06-11 12:09:00+05:30,142.3,144.8,142.0,144.45,95810,4271345,15.656803,23283.25,23250.0,23050,ATM-1,PUT,23100,2026-06-11
2026-06-11 12:10:00+05:30,144.3,146.1,143.6,145.45,255125,4314700,15.568608,23278.7,23250.0,23050,ATM-1,PUT,23100,2026-06-11
2026-06-11 12:11:00+05:30,145.25,147.5,144.2,145.95,306215,4373655,15.568914,23277.55,23250.0,23050,ATM-1,PUT,23100,2026-06-11
2026-06-11 12:12:00+05:30,146.4,146.55,143.55,143.65,179920,4395430,15.587336,23283.25,23250.0,23050,ATM-1,PUT,23100,2026-06-11
2026-06-11 12:13:00+05:30,143.25,144.6,141.8,143.15,106860,4390100,15.668195,23286.45,23250.0,23050,ATM-1,PUT,23100,2026-06-11
2026-06-11 12:14:00+05:30,143.2,144.6,141.4,141.4,104650,4389385,15.554181,23287.55,23250.0,23050,ATM-1,PUT,23100,2026-06-11
2026-06-11 12:15:00+05:30,141.75,141.75,134.35,136.25,678080,4260685,15.610528,23301.1,23250.0,23050,ATM-1,PUT,23100,2026-06-11
2026-06-11 12:16:00+05:30,135.8,139.9,133.55,134.0,292435,4317365,15.532393,23304.4,23250.0,23050,ATM-1,PUT,23100,2026-06-11
2026-06-11 12:17:00+05:30,134.05,138.0,132.05,137.65,261495,4312295,15.607447,23297.65,23250.0,23050,ATM-1,PUT,23100,2026-06-11
2026-06-11 12:18:00+05:30,137.6,140.0,137.25,139.4,217685,4343300,15.638053,23294.3,23250.0,23050,ATM-1,PUT,23100,2026-06-11
2026-06-11 12:19:00+05:30,138.85,141.8,138.4,141.8,174330,4365725,15.67015,23289.5,23250.0,23050,ATM-1,PUT,23100,2026-06-11
2026-06-11 12:20:00+05:30,141.7,143.9,139.9,143.25,285155,4445805,15.585407,23283.95,23250.0,23050,ATM-1,PUT,23100,2026-06-11
2026-06-11 12:21:00+05:30,143.35,144.5,141.65,143.0,207415,4482205,15.534357,23283.2,23250.0,23050,ATM-1,PUT,23100,2026-06-11
2026-06-11 12:22:00+05:30,142.9,143.1,140.8,142.3,98930,4488055,15.634206,23287.35,23250.0,23050,ATM-1,PUT,23100,2026-06-11
2026-06-11 12:23:00+05:30,142.55,143.05,139.0,140.15,132080,4492085,15.673443,23293.35,23250.0,23050,ATM-1,PUT,23100,2026-06-11
2026-06-11 12:24:00+05:30,140.25,142.55,140.0,140.05,88530,4488835,15.603504,23291.75,23250.0,23050,ATM-1,PUT,23100,2026-06-11
2026-06-11 12:25:00+05:30,140.05,143.95,139.7,142.2,128440,4488835,15.680218,23288.7,23250.0,23050,ATM-1,PUT,23100,2026-06-11
2026-06-11 12:26:00+05:30,142.3,142.45,138.55,141.2,112190,4517760,15.743821,23292.65,23250.0,23050,ATM-1,PUT,23100,2026-06-11
2026-06-11 12:27:00+05:30,140.8,141.9,139.65,140.55,85605,4538950,15.693669,23292.85,23250.0,23050,ATM-1,PUT,23100,2026-06-11
2026-06-11 12:28:00+05:30,140.25,142.1,137.6,138.4,134095,4550975,15.80491,23300.8,23250.0,23050,ATM-1,PUT,23100,2026-06-11
2026-06-11 12:29:00+05:30,139.35,140.25,137.75,139.0,94185,4549155,15.737827,23297.6,23250.0,23050,ATM-1,PUT,23100,2026-06-11
2026-06-11 12:30:00+05:30,138.65,139.0,134.15,135.45,276640,4560725,15.734387,23305.95,23250.0,23050,ATM-1,PUT,23100,2026-06-11
2026-06-11 12:31:00+05:30,136.55,137.4,131.05,131.6,253305,4567030,15.761214,23316.0,23250.0,23050,ATM-1,PUT,23100,2026-06-11
2026-06-11 12:32:00+05:30,131.65,132.0,128.25,128.8,407615,4539405,15.657978,23320.1,23250.0,23050,ATM-1,PUT,23100,2026-06-11
2026-06-11 12:33:00+05:30,129.05,131.45,128.8,129.3,135980,4609995,15.554785,23316.05,23250.0,23050,ATM-1,PUT,23100,2026-06-11
2026-06-11 12:34:00+05:30,129.3,130.75,127.6,127.6,151905,4625595,15.621594,23322.05,23250.0,23050,ATM-1,PUT,23100,2026-06-11
2026-06-11 12:35:00+05:30,127.4,133.7,126.5,131.5,250965,4659655,15.649399,23313.15,23250.0,23050,ATM-1,PUT,23100,2026-06-11
2026-06-11 12:36:00+05:30,131.25,132.8,130.5,132.25,114140,4695990,15.518224,23307.8,23250.0,23050,ATM-1,PUT,23100,2026-06-11
2026-06-11 12:37:00+05:30,131.05,135.3,131.05,134.55,205725,4726865,15.168992,23293.1,23250.0,23050,ATM-1,PUT,23100,2026-06-11
2026-06-11 12:38:00+05:30,134.25,137.5,133.5,136.25,256815,4738760,15.344827,23293.65,23250.0,23050,ATM-1,PUT,23100,2026-06-11
2026-06-11 12:39:00+05:30,136.7,136.85,133.4,133.85,126750,4753840,15.281524,23297.65,23250.0,23050,ATM-1,PUT,23100,2026-06-11
2026-06-11 12:40:00+05:30,133.7,135.85,133.6,135.0,76245,4766255,15.396166,23297.9,23250.0,23050,ATM-1,PUT,23100,2026-06-11
2026-06-11 12:41:00+05:30,134.95,137.15,134.2,136.7,118040,4786925,15.445699,23295.15,23250.0,23050,ATM-1,PUT,23100,2026-06-11
2026-06-11 12:42:00+05:30,136.8,138.95,135.5,137.2,191035,4770805,15.545543,23296.55,23250.0,23050,ATM-1,PUT,23100,2026-06-11
2026-06-11 12:43:00+05:30,137.1,140.25,136.0,137.65,169260,4801095,15.469901,23293.5,23250.0,23050,ATM-1,PUT,23100,2026-06-11
2026-06-11 12:44:00+05:30,137.0,137.95,135.25,136.25,99580,4783090,15.443884,23296.1,23250.0,23050,ATM-1,PUT,23100,2026-06-11
2026-06-11 12:45:00+05:30,136.85,138.3,136.1,136.6,115245,4797455,15.436121,23295.05,23250.0,23050,ATM-1,PUT,23100,2026-06-11
2026-06-11 12:46:00+05:30,136.8,136.8,132.25,133.65,192660,4838730,15.411979,23301.4,23250.0,23050,ATM-1,PUT,23100,2026-06-11
2026-06-11 12:47:00+05:30,133.7,137.85,132.6,137.15,126230,4857515,15.418331,23293.25,23250.0,23050,ATM-1,PUT,23100,2026-06-11
2026-06-11 12:48:00+05:30,136.8,140.6,136.45,140.4,255580,4893785,15.435719,23286.1,23250.0,23050,ATM-1,PUT,23100,2026-06-11
2026-06-11 12:49:00+05:30,139.9,143.35,138.65,142.85,522795,4908215,15.238161,23275.45,23250.0,23050,ATM-1,PUT,23100,2026-06-11
2026-06-11 12:50:00+05:30,142.3,142.85,139.35,139.8,358410,4847505,15.238441,23282.4,23250.0,23050,ATM-1,PUT,23100,2026-06-11
2026-06-11 12:51:00+05:30,139.75,141.75,137.4,141.75,203840,4853095,15.362092,23281.05,23250.0,23050,ATM-1,PUT,23100,2026-06-11
2026-06-11 12:52:00+05:30,141.75,142.75,140.55,142.25,171275,4843410,15.33111,23279.1,23250.0,23050,ATM-1,PUT,23100,2026-06-11
2026-06-11 12:53:00+05:30,141.6,142.25,138.7,140.3,136045,4853940,15.374169,23284.65,23250.0,23050,ATM-1,PUT,23100,2026-06-11
2026-06-11 12:54:00+05:30,140.0,140.85,139.25,139.7,33345,4869540,15.018777,23276.95,23250.0,23050,ATM-1,PUT,23100,2026-06-11
2026-06-11 12:55:00+05:30,139.7,139.7,139.7,139.7,0,4869540,15.018778,23276.95,23250.0,23050,ATM-1,PUT,23100,2026-06-11
2026-06-11 12:56:00+05:30,142.45,142.45,138.25,141.0,375700,4876365,15.373221,23282.95,23250.0,23050,ATM-1,PUT,23100,2026-06-11
2026-06-11 12:57:00+05:30,140.55,141.0,132.2,132.7,334295,4899895,15.243434,23299.0,23250.0,23050,ATM-1,PUT,23100,2026-06-11
2026-06-11 12:58:00+05:30,132.5,133.35,129.15,130.55,300820,4831775,15.230955,23303.8,23250.0,23050,ATM-1,PUT,23100,2026-06-11
2026-06-11 12:59:00+05:30,131.45,134.5,127.7,128.25,218205,4782895,15.189696,23308.25,23250.0,23050,ATM-1,PUT,23100,2026-06-11
2026-06-11 13:00:00+05:30,128.65,128.65,120.35,122.7,580060,4740255,15.270563,23324.15,23250.0,23050,ATM-1,PUT,23100,2026-06-11
2026-06-11 13:01:00+05:30,122.05,127.1,121.15,127.1,224770,4647760,15.304689,23314.1,23250.0,23050,ATM-1,PUT,23100,2026-06-11
2026-06-11 13:02:00+05:30,125.9,130.95,125.9,128.05,244725,4686955,15.117596,23306.75,23250.0,23050,ATM-1,PUT,23100,2026-06-11
2026-06-11 13:03:00+05:30,128.5,131.5,128.05,130.65,114335,4731675,15.257405,23304.15,23250.0,23050,ATM-1,PUT,23100,2026-06-11
2026-06-11 13:04:00+05:30,130.8,131.7,129.75,130.9,96720,4745975,15.18441,23301.6,23250.0,23050,ATM-1,PUT,23100,2026-06-11
2026-06-11 13:05:00+05:30,131.7,132.5,130.25,130.45,141115,4749160,15.18597,23302.7,23250.0,23050,ATM-1,PUT,23100,2026-06-11
2026-06-11 13:06:00+05:30,131.15,132.25,129.8,131.85,152945,4776720,15.268697,23301.5,23250.0,23050,ATM-1,PUT,23100,2026-06-11
2026-06-11 13:07:00+05:30,131.55,133.2,130.7,133.2,93470,4826055,15.299007,23299.05,23250.0,23050,ATM-1,PUT,23100,2026-06-11
2026-06-11 13:08:00+05:30,133.3,135.9,132.6,134.85,222430,4843215,15.175172,23291.9,23250.0,23050,ATM-1,PUT,23100,2026-06-11
2026-06-11 13:09:00+05:30,134.1,139.95,134.1,139.4,219765,4885985,15.149003,23280.65,23250.0,23050,ATM-1,PUT,23100,2026-06-11
2026-06-11 13:10:00+05:30,138.95,139.55,136.65,137.45,359775,4883190,15.046369,23282.5,23250.0,23050,ATM-1,PUT,23100,2026-06-11
2026-06-11 13:11:00+05:30,137.2,141.0,136.7,138.75,223275,4832360,15.024919,23278.95,23250.0,23050,ATM-1,PUT,23100,2026-06-11
2026-06-11 13:12:00+05:30,118.85,124.75,118.5,122.4,767585,10856170,15.03656,23267.45,23200.0,23050,ATM-1,PUT,23100,2026-06-11
2026-06-11 13:13:00+05:30,122.75,125.25,122.25,124.9,493025,10820940,15.003057,23260.35,23200.0,23050,ATM-1,PUT,23100,2026-06-11
2026-06-11 13:14:00+05:30,124.9,125.0,122.95,123.95,338000,10697375,14.883097,23259.45,23200.0,23050,ATM-1,PUT,23100,2026-06-11
2026-06-11 13:15:00+05:30,123.45,124.5,122.95,123.95,282490,10642060,14.913817,23260.25,23200.0,23050,ATM-1,PUT,23100,2026-06-11
2026-06-11 13:16:00+05:30,122.6,125.5,121.3,125.15,455585,10570820,14.835039,23255.2,23200.0,23050,ATM-1,PUT,23100,2026-06-11
2026-06-11 13:17:00+05:30,125.25,127.8,121.25,121.4,678470,10498800,14.793053,23263.25,23200.0,23050,ATM-1,PUT,23100,2026-06-11
2026-06-11 13:18:00+05:30,122.8,126.15,121.4,124.65,356980,10489180,14.736191,23253.75,23200.0,23050,ATM-1,PUT,23100,2026-06-11
2026-06-11 13:19:00+05:30,124.65,126.85,123.0,126.8,303875,10543130,14.946879,23254.1,23200.0,23050,ATM-1,PUT,23100,2026-06-11
2026-06-11 13:20:00+05:30,126.4,130.35,125.4,129.8,800995,10475400,15.081341,23250.4,23200.0,23050,ATM-1,PUT,23100,2026-06-11
2026-06-11 13:21:00+05:30,130.45,134.55,129.8,133.8,1000415,10267140,14.999945,23238.8,23200.0,23050,ATM-1,PUT,23100,2026-06-11
2026-06-11 13:22:00+05:30,134.9,136.3,133.5,136.1,950690,10177700,14.801554,23228.4,23200.0,23050,ATM-1,PUT,23100,2026-06-11
2026-06-11 13:23:00+05:30,135.5,136.25,126.75,130.15,882440,10191220,14.862937,23243.8,23200.0,23050,ATM-1,PUT,23100,2026-06-11
2026-06-11 13:24:00+05:30,129.5,132.6,128.6,129.9,429455,10145005,14.667226,23239.3,23200.0,23050,ATM-1,PUT,23100,2026-06-11
2026-06-11 13:25:00+05:30,129.75,134.85,129.35,134.65,436215,10182380,14.845917,23232.8,23200.0,23050,ATM-1,PUT,23100,2026-06-11
2026-06-11 13:26:00+05:30,134.5,138.9,134.35,136.65,896675,10120500,14.723574,23225.1,23200.0,23050,ATM-1,PUT,23100,2026-06-11
2026-06-11 13:27:00+05:30,136.2,136.8,133.15,134.85,471185,10087155,14.77911,23230.6,23200.0,23050,ATM-1,PUT,23100,2026-06-11
2026-06-11 13:28:00+05:30,134.9,136.0,131.7,133.8,360555,10056995,14.814323,23233.9,23200.0,23050,ATM-1,PUT,23100,2026-06-11
2026-06-11 13:29:00+05:30,133.3,133.8,129.6,130.25,366340,10096970,14.842163,23242.9,23200.0,23050,ATM-1,PUT,23100,2026-06-11
2026-06-11 13:30:00+05:30,130.4,130.4,119.9,123.95,866775,10037170,14.822829,23257.5,23200.0,23050,ATM-1,PUT,23100,2026-06-11
2026-06-11 13:31:00+05:30,124.1,128.0,123.9,126.0,384670,9942660,14.981467,23256.7,23200.0,23050,ATM-1,PUT,23100,2026-06-11
2026-06-11 13:32:00+05:30,122.55,126.0,120.25,120.35,371865,9966840,14.691717,23262.8,23200.0,23050,ATM-1,PUT,23100,2026-06-11
2026-06-11 13:33:00+05:30,120.85,122.55,117.6,122.5,447915,9993425,14.739049,23258.75,23200.0,23050,ATM-1,PUT,23100,2026-06-11
2026-06-11 13:34:00+05:30,122.65,128.3,122.5,128.0,501150,9973080,14.669966,23243.65,23200.0,23050,ATM-1,PUT,23100,2026-06-11
2026-06-11 13:35:00+05:30,127.5,128.2,124.15,124.8,358475,10127000,14.583274,23249.0,23200.0,23050,ATM-1,PUT,23100,2026-06-11
2026-06-11 13:36:00+05:30,125.55,126.0,121.2,121.2,250445,10177115,14.530223,23256.3,23200.0,23050,ATM-1,PUT,23100,2026-06-11
2026-06-11 13:37:00+05:30,121.1,124.8,121.1,124.45,180115,10159630,14.632623,23251.1,23200.0,23050,ATM-1,PUT,23100,2026-06-11
2026-06-11 13:38:00+05:30,124.4,130.7,124.4,129.9,465530,10239905,14.798156,23242.4,23200.0,23050,ATM-1,PUT,23100,2026-06-11
2026-06-11 13:39:00+05:30,128.95,135.0,128.95,132.5,726505,10313290,14.657924,23232.7,23200.0,23050,ATM-1,PUT,23100,2026-06-11
2026-06-11 13:40:00+05:30,132.85,135.5,129.2,135.5,522210,10353720,14.933039,23232.75,23200.0,23050,ATM-1,PUT,23100,2026-06-11
2026-06-11 13:41:00+05:30,135.1,136.0,133.55,134.25,564330,10247770,14.692333,23229.5,23200.0,23050,ATM-1,PUT,23100,2026-06-11
2026-06-11 13:42:00+05:30,133.45,134.5,130.8,133.7,274430,10305230,14.651119,23229.7,23200.0,23050,ATM-1,PUT,23100,2026-06-11
2026-06-11 13:43:00+05:30,113.55,116.75,112.4,114.8,231660,5455190,14.462058,23219.45,23150.0,23050,ATM-1,PUT,23100,2026-06-11
2026-06-11 13:44:00+05:30,115.25,117.25,111.95,113.05,243880,5416320,14.463073,23223.9,23150.0,23050,ATM-1,PUT,23100,2026-06-11
2026-06-11 13:45:00+05:30,112.85,114.85,112.45,114.85,100360,5388435,14.530624,23221.15,23150.0,23050,ATM-1,PUT,23100,2026-06-11
2026-06-11 13:46:00+05:30,135.55,138.25,131.55,131.55,565890,10379005,14.380143,23227.7,23200.0,23050,ATM-1,PUT,23100,2026-06-11
2026-06-11 13:47:00+05:30,132.4,132.4,126.35,130.05,682175,10275655,14.443529,23232.75,23200.0,23050,ATM-1,PUT,23100,2026-06-11
2026-06-11 13:48:00+05:30,130.75,131.65,126.85,131.65,299195,10319985,14.558296,23231.95,23200.0,23050,ATM-1,PUT,23100,2026-06-11
2026-06-11 13:49:00+05:30,131.45,133.3,130.0,131.4,303160,10376015,14.473421,23230.35,23200.0,23050,ATM-1,PUT,23100,2026-06-11
2026-06-11 13:50:00+05:30,110.7,113.7,110.7,112.9,115310,5401695,14.464754,23224.2,23150.0,23050,ATM-1,PUT,23100,2026-06-11
2026-06-11 13:51:00+05:30,132.8,135.2,130.8,131.75,365820,10473450,14.342696,23226.2,23200.0,23050,ATM-1,PUT,23100,2026-06-11
2026-06-11 13:52:00+05:30,131.45,134.7,129.05,129.05,255320,10476115,14.246506,23229.95,23200.0,23050,ATM-1,PUT,23100,2026-06-11
2026-06-11 13:53:00+05:30,129.75,130.45,127.55,128.45,269620,10457655,14.423785,23235.85,23200.0,23050,ATM-1,PUT,23100,2026-06-11
2026-06-11 13:54:00+05:30,128.65,131.6,128.0,130.0,190385,10445695,14.512915,23234.5,23200.0,23050,ATM-1,PUT,23100,2026-06-11
2026-06-11 13:55:00+05:30,129.85,132.35,128.15,128.35,228150,10480275,14.422068,23236.0,23200.0,23050,ATM-1,PUT,23100,2026-06-11
2026-06-11 13:56:00+05:30,128.95,130.2,125.5,126.95,248690,10512645,14.462198,23240.3,23200.0,23050,ATM-1,PUT,23100,2026-06-11
2026-06-11 13:57:00+05:30,126.55,129.5,124.45,128.45,412620,10344100,14.561032,23239.3,23200.0,23050,ATM-1,PUT,23100,2026-06-11
2026-06-11 13:58:00+05:30,128.0,128.45,122.3,123.6,377390,10349235,14.455248,23248.05,23200.0,23050,ATM-1,PUT,23100,2026-06-11
2026-06-11 13:59:00+05:30,123.9,131.75,123.6,130.35,447720,10265970,14.489883,23233.0,23200.0,23050,ATM-1,PUT,23100,2026-06-11
2026-06-11 14:00:00+05:30,130.0,131.6,125.6,125.8,416195,10281180,14.356493,23240.2,23200.0,23050,ATM-1,PUT,23100,2026-06-11
2026-06-11 14:01:00+05:30,126.4,129.2,125.8,127.85,109915,10322520,14.375303,23235.85,23200.0,23050,ATM-1,PUT,23100,2026-06-11
2026-06-11 14:02:00+05:30,128.0,129.4,127.85,128.6,173160,10339680,14.325137,23232.8,23200.0,23050,ATM-1,PUT,23100,2026-06-11
2026-06-11 14:03:00+05:30,128.55,129.5,127.05,129.25,162305,10380630,14.519984,23236.25,23200.0,23050,ATM-1,PUT,23100,2026-06-11
2026-06-11 14:04:00+05:30,129.5,130.25,126.5,128.1,228865,10384725,14.419882,23236.35,23200.0,23050,ATM-1,PUT,23100,2026-06-11
2026-06-11 14:05:00+05:30,128.55,132.85,127.6,129.25,352560,10333700,14.365009,23232.25,23200.0,23050,ATM-1,PUT,23100,2026-06-11
2026-06-11 14:06:00+05:30,129.3,130.9,127.5,128.8,189280,10431070,14.348362,23232.85,23200.0,23050,ATM-1,PUT,23100,2026-06-11
2026-06-11 14:07:00+05:30,108.0,115.3,108.0,115.05,194155,5397600,14.524337,23220.0,23150.0,23050,ATM-1,PUT,23100,2026-06-11
2026-06-11 14:08:00+05:30,115.0,119.5,114.6,119.5,313560,5389020,14.568077,23210.05,23150.0,23050,ATM-1,PUT,23100,2026-06-11
2026-06-11 14:09:00+05:30,119.7,122.0,116.05,116.8,489385,5273320,14.414455,23212.6,23150.0,23050,ATM-1,PUT,23100,2026-06-11
2026-06-11 14:10:00+05:30,116.2,118.05,113.65,117.4,185055,5228340,14.545136,23214.6,23150.0,23050,ATM-1,PUT,23100,2026-06-11
2026-06-11 14:11:00+05:30,117.9,119.6,115.8,116.85,215735,5237310,14.439248,23213.1,23150.0,23050,ATM-1,PUT,23100,2026-06-11
2026-06-11 14:12:00+05:30,116.45,118.35,114.75,117.4,185575,5253105,14.390261,23210.4,23150.0,23050,ATM-1,PUT,23100,2026-06-11
2026-06-11 14:13:00+05:30,116.95,117.85,111.25,111.6,148135,5272020,14.327041,23223.25,23150.0,23050,ATM-1,PUT,23100,2026-06-11
2026-06-11 14:14:00+05:30,111.25,114.4,109.85,114.1,163670,5230290,14.434215,23219.8,23150.0,23050,ATM-1,PUT,23100,2026-06-11
2026-06-11 14:15:00+05:30,113.95,115.95,112.7,113.95,116935,5217160,14.25148,23215.2,23150.0,23050,ATM-1,PUT,23100,2026-06-11
2026-06-11 14:16:00+05:30,113.85,114.45,111.85,114.35,79040,5240625,14.330032,23216.3,23150.0,23050,ATM-1,PUT,23100,2026-06-11
2026-06-11 14:17:00+05:30,115.0,116.1,114.1,115.35,88530,5243160,14.347686,23214.25,23150.0,23050,ATM-1,PUT,23100,2026-06-11
2026-06-11 14:18:00+05:30,115.35,118.9,115.35,118.75,157235,5256030,14.429789,23208.0,23150.0,23050,ATM-1,PUT,23100,2026-06-11
2026-06-11 14:19:00+05:30,118.8,120.35,113.5,113.6,170170,5224570,14.281181,23216.8,23150.0,23050,ATM-1,PUT,23100,2026-06-11
2026-06-11 14:20:00+05:30,113.6,114.4,110.7,111.8,181155,5203250,14.342018,23223.0,23150.0,23050,ATM-1,PUT,23100,2026-06-11
2026-06-11 14:21:00+05:30,111.5,113.55,110.2,112.55,104195,5208840,14.293673,23219.75,23150.0,23050,ATM-1,PUT,23100,2026-06-11
2026-06-11 14:22:00+05:30,113.95,114.25,111.5,113.45,61360,5224050,14.387381,23220.0,23150.0,23050,ATM-1,PUT,23100,2026-06-11
2026-06-11 14:23:00+05:30,113.25,118.5,112.15,118.35,123565,5221450,14.443642,23209.25,23150.0,23050,ATM-1,PUT,23100,2026-06-11
2026-06-11 14:24:00+05:30,118.35,118.75,116.9,117.7,122785,5233020,14.277334,23206.4,23150.0,23050,ATM-1,PUT,23100,2026-06-11
2026-06-11 14:25:00+05:30,117.3,117.7,113.25,113.75,97565,5222165,14.290538,23216.55,23150.0,23050,ATM-1,PUT,23100,2026-06-11
2026-06-11 14:26:00+05:30,134.85,135.6,130.25,131.4,431925,10434645,14.291905,23225.05,23200.0,23050,ATM-1,PUT,23100,2026-06-11
2026-06-11 14:27:00+05:30,131.2,131.6,127.6,127.6,495625,10377315,13.998773,23226.35,23200.0,23050,ATM-1,PUT,23100,2026-06-11
2026-06-11 14:28:00+05:30,127.15,127.6,118.75,119.35,1313000,9910355,14.221462,23251.55,23200.0,23050,ATM-1,PUT,23100,2026-06-11
2026-06-11 14:29:00+05:30,119.3,126.0,118.55,126.0,710385,9823320,14.433931,23241.15,23200.0,23050,ATM-1,PUT,23100,2026-06-11
2026-06-11 14:30:00+05:30,126.85,130.05,122.85,122.85,871130,9837490,14.311905,23245.45,23200.0,23050,ATM-1,PUT,23100,2026-06-11
2026-06-11 14:31:00+05:30,123.2,125.9,122.45,124.9,315640,9773335,14.294231,23240.1,23200.0,23050,ATM-1,PUT,23100,2026-06-11
2026-06-11 14:32:00+05:30,125.05,128.0,123.6,123.65,294125,9756565,14.309924,23243.45,23200.0,23050,ATM-1,PUT,23100,2026-06-11
2026-06-11 14:33:00+05:30,123.7,131.2,123.65,130.8,456950,9765665,14.401509,23229.05,23200.0,23050,ATM-1,PUT,23100,2026-06-11
2026-06-11 14:34:00+05:30,130.85,131.9,128.5,129.65,444405,9782435,14.402147,23231.7,23200.0,23050,ATM-1,PUT,23100,2026-06-11
2026-06-11 14:35:00+05:30,129.95,129.95,125.85,128.95,274300,9795370,14.556654,23237.25,23200.0,23050,ATM-1,PUT,23100,2026-06-11
2026-06-11 14:36:00+05:30,107.95,115.0,107.95,115.0,167635,5055440,14.294709,23213.3,23150.0,23050,ATM-1,PUT,23100,2026-06-11
2026-06-11 14:37:00+05:30,136.4,142.65,133.55,135.65,1562470,9673040,14.726681,23226.05,23200.0,23050,ATM-1,PUT,23100,2026-06-11
2026-06-11 14:38:00+05:30,112.5,117.7,111.8,117.05,172835,4991545,14.675824,23218.4,23150.0,23050,ATM-1,PUT,23100,2026-06-11
2026-06-11 14:39:00+05:30,116.8,122.35,116.8,118.5,458900,4894045,14.763124,23217.1,23150.0,23050,ATM-1,PUT,23100,2026-06-11
2026-06-11 14:40:00+05:30,118.8,122.0,117.65,120.7,229905,4882670,14.636726,23208.25,23150.0,23050,ATM-1,PUT,23100,2026-06-11
2026-06-11 14:41:00+05:30,121.4,123.75,118.85,119.2,309140,4814095,14.706812,23213.8,23150.0,23050,ATM-1,PUT,23100,2026-06-11
2026-06-11 14:42:00+05:30,119.0,122.4,118.05,122.1,182455,4789200,14.858121,23210.65,23150.0,23050,ATM-1,PUT,23100,2026-06-11
2026-06-11 14:43:00+05:30,122.25,128.3,120.1,128.0,462800,4735835,14.894645,23197.3,23150.0,23050,ATM-1,PUT,23100,2026-06-11
2026-06-11 14:44:00+05:30,128.1,128.85,124.95,126.5,475540,4588480,14.868954,23200.2,23150.0,23050,ATM-1,PUT,23100,2026-06-11
2026-06-11 14:45:00+05:30,124.9,129.4,124.9,128.95,448370,4571905,14.981637,23197.25,23150.0,23050,ATM-1,PUT,23100,2026-06-11
2026-06-11 14:46:00+05:30,128.95,131.65,123.9,131.25,530790,4498065,14.990088,23192.0,23150.0,23050,ATM-1,PUT,23100,2026-06-11
2026-06-11 14:47:00+05:30,112.0,122.0,110.75,119.35,1577355,7598110,14.877919,23167.1,23100.0,23050,ATM-1,PUT,23100,2026-06-11
2026-06-11 14:48:00+05:30,141.4,142.45,133.4,134.95,636545,4092205,14.871938,23180.35,23150.0,23050,ATM-1,PUT,23100,2026-06-11
2026-06-11 14:49:00+05:30,134.0,135.65,129.8,130.95,381680,4089150,15.007823,23193.1,23150.0,23050,ATM-1,PUT,23100,2026-06-11
2026-06-11 14:50:00+05:30,111.55,117.8,110.55,117.6,662090,7482995,14.926869,23172.75,23100.0,23050,ATM-1,PUT,23100,2026-06-11
2026-06-11 14:51:00+05:30,117.0,117.8,113.6,116.7,470275,7436715,14.83073,23172.4,23100.0,23050,ATM-1,PUT,23100,2026-06-11
2026-06-11 14:52:00+05:30,116.25,117.95,115.1,116.7,334490,7528885,14.783517,23171.1,23100.0,23050,ATM-1,PUT,23100,2026-06-11
2026-06-11 14:53:00+05:30,116.8,117.25,114.45,114.5,279630,7517900,14.685651,23174.0,23100.0,23050,ATM-1,PUT,23100,2026-06-11
2026-06-11 14:54:00+05:30,114.8,116.8,114.4,115.65,207675,7492485,14.709256,23171.7,23100.0,23050,ATM-1,PUT,23100,2026-06-11
2026-06-11 14:55:00+05:30,115.85,117.0,113.75,114.8,306280,7470060,14.663811,23172.6,23100.0,23050,ATM-1,PUT,23100,2026-06-11
2026-06-11 14:56:00+05:30,114.85,117.0,114.0,116.15,243295,7433270,14.707672,23170.35,23100.0,23050,ATM-1,PUT,23100,2026-06-11
2026-06-11 14:57:00+05:30,116.35,118.35,115.25,116.3,451620,7322770,14.568455,23166.2,23100.0,23050,ATM-1,PUT,23100,2026-06-11
2026-06-11 14:58:00+05:30,116.45,116.6,113.95,113.95,237120,7315945,14.583048,23172.5,23100.0,23050,ATM-1,PUT,23100,2026-06-11
2026-06-11 14:59:00+05:30,136.0,139.4,133.65,136.7,439270,4032470,14.908943,23177.05,23150.0,23050,ATM-1,PUT,23100,2026-06-11
2026-06-11 15:00:00+05:30,114.3,120.55,106.15,120.55,1216410,7045285,14.50656,23154.0,23100.0,23050,ATM-1,PUT,23100,2026-06-11
2026-06-11 15:01:00+05:30,120.4,124.25,119.65,120.15,951795,6933810,14.437966,23153.15,23100.0,23050,ATM-1,PUT,23100,2026-06-11
2026-06-11 15:02:00+05:30,120.95,125.15,118.05,120.85,1067495,6799975,14.717952,23158.8,23100.0,23050,ATM-1,PUT,23100,2026-06-11
2026-06-11 15:03:00+05:30,119.6,123.85,119.6,122.25,424905,6758115,14.827805,23158.25,23100.0,23050,ATM-1,PUT,23100,2026-06-11
2026-06-11 15:04:00+05:30,122.05,124.4,120.6,124.1,440700,6696495,14.492553,23145.0,23100.0,23050,ATM-1,PUT,23100,2026-06-11
2026-06-11 15:05:00+05:30,124.25,126.75,122.4,123.1,700570,6619340,14.499464,23147.55,23100.0,23050,ATM-1,PUT,23100,2026-06-11
2026-06-11 15:06:00+05:30,123.05,127.75,122.05,127.0,760955,6523790,14.54149,23139.35,23100.0,23050,ATM-1,PUT,23100,2026-06-11
2026-06-11 15:07:00+05:30,127.2,127.95,122.75,122.75,550615,6472505,14.489881,23148.1,23100.0,23050,ATM-1,PUT,23100,2026-06-11
2026-06-11 15:08:00+05:30,122.65,124.9,120.2,124.9,485550,6458205,14.234363,23136.4,23100.0,23050,ATM-1,PUT,23100,2026-06-11
2026-06-11 15:09:00+05:30,125.4,125.4,121.6,122.5,465205,6490055,14.304388,23143.85,23100.0,23050,ATM-1,PUT,23100,2026-06-11
2026-06-11 15:10:00+05:30,122.7,122.7,116.4,116.5,678795,6499545,14.053521,23151.75,23100.0,23050,ATM-1,PUT,23100,2026-06-11
2026-06-11 15:11:00+05:30,116.25,120.0,114.7,119.95,550095,6479590,14.080256,23144.1,23100.0,23050,ATM-1,PUT,23100,2026-06-11
2026-06-11 15:12:00+05:30,119.6,121.95,117.0,117.25,502255,6531850,14.116945,23151.55,23100.0,23050,ATM-1,PUT,23100,2026-06-11
2026-06-11 15:13:00+05:30,117.55,117.8,113.8,114.0,410540,6504355,14.204409,23161.85,23100.0,23050,ATM-1,PUT,23100,2026-06-11
2026-06-11 15:14:00+05:30,114.0,117.2,113.05,116.85,595530,6421870,14.61841,23165.8,23100.0,23050,ATM-1,PUT,23100,2026-06-11
2026-06-11 15:15:00+05:30,117.25,121.4,116.3,116.45,743860,6231160,14.604275,23166.4,23100.0,23050,ATM-1,PUT,23100,2026-06-11
2026-06-11 15:16:00+05:30,138.5,139.05,130.0,130.0,425945,3294070,14.449524,23180.55,23150.0,23050,ATM-1,PUT,23100,2026-06-11
2026-06-11 15:17:00+05:30,130.15,131.05,127.8,129.35,288665,3310450,14.444276,23181.9,23150.0,23050,ATM-1,PUT,23100,2026-06-11
2026-06-11 15:18:00+05:30,129.9,136.35,129.2,135.35,290940,3309020,14.964593,23181.15,23150.0,23050,ATM-1,PUT,23100,2026-06-11
2026-06-11 15:19:00+05:30,113.9,117.9,113.9,116.4,326300,6048445,14.810758,23172.0,23100.0,23050,ATM-1,PUT,23100,2026-06-11
2026-06-11 15:20:00+05:30,137.9,137.9,134.55,135.35,277485,3281135,14.848561,23178.2,23150.0,23050,ATM-1,PUT,23100,2026-06-11
2026-06-11 15:21:00+05:30,135.65,136.6,132.05,136.3,226135,3266315,14.874149,23176.65,23150.0,23050,ATM-1,PUT,23100,2026-06-11
2026-06-11 15:22:00+05:30,115.1,116.75,113.75,116.25,288470,5876975,14.721377,23169.9,23100.0,23050,ATM-1,PUT,23100,2026-06-11
2026-06-11 15:23:00+05:30,116.3,118.0,114.25,114.55,263055,5835830,14.600201,23170.9,23100.0,23050,ATM-1,PUT,23100,2026-06-11
2026-06-11 15:24:00+05:30,114.2,115.05,113.05,114.05,254475,5807685,14.653818,23173.6,23100.0,23050,ATM-1,PUT,23100,2026-06-11
2026-06-11 15:25:00+05:30,114.65,114.7,109.8,109.9,473200,5740085,14.294519,23174.4,23100.0,23050,ATM-1,PUT,23100,2026-06-11
2026-06-11 15:26:00+05:30,130.15,131.55,125.8,126.75,385710,3258905,14.002583,23176.6,23150.0,23050,ATM-1,PUT,23100,2026-06-11
2026-06-11 15:27:00+05:30,127.25,130.1,125.75,129.15,231205,3231410,14.322641,23179.1,23150.0,23050,ATM-1,PUT,23100,2026-06-11
2026-06-11 15:28:00+05:30,129.2,130.15,128.45,129.15,297830,3162965,14.361174,23180.05,23150.0,23050,ATM-1,PUT,23100,2026-06-11
2026-06-11 15:29:00+05:30,128.85,129.15,125.8,126.0,445055,3065855,14.329534,23186.55,23150.0,23050,ATM-1,PUT,23100,2026-06-11
2026-06-11 09:15:00+05:30,198.0,198.0,163.15,180.0,1652300,898430,14.13936,23104.4,23100.0,23100,ATM,CALL,23100,2026-06-11
2026-06-11 09:16:00+05:30,179.45,180.0,161.6,162.4,1646580,1636895,13.621133,23082.3,23100.0,23100,ATM,CALL,23100,2026-06-11
2026-06-11 09:17:00+05:30,161.5,168.95,160.15,168.95,1257100,2478775,13.708357,23092.9,23100.0,23100,ATM,CALL,23100,2026-06-11
2026-06-11 09:18:00+05:30,169.25,175.8,168.0,170.9,1400165,2946645,13.540027,23100.1,23100.0,23100,ATM,CALL,23100,2026-06-11
2026-06-11 09:19:00+05:30,170.4,177.3,170.4,175.8,937300,3250065,13.208308,23115.85,23100.0,23100,ATM,CALL,23100,2026-06-11
2026-06-11 09:20:00+05:30,151.85,156.7,147.55,155.35,754715,1495715,13.1386,23128.6,23150.0,23100,ATM,CALL,23100,2026-06-11
2026-06-11 09:21:00+05:30,155.85,164.95,154.7,163.4,1169025,1698645,13.208762,23142.45,23150.0,23100,ATM,CALL,23100,2026-06-11
2026-06-11 09:22:00+05:30,162.65,164.75,158.35,162.1,749190,1859455,13.0733,23142.9,23150.0,23100,ATM,CALL,23100,2026-06-11
2026-06-11 09:23:00+05:30,163.2,166.5,158.9,160.3,631475,2049840,13.273203,23135.25,23150.0,23100,ATM,CALL,23100,2026-06-11
2026-06-11 09:24:00+05:30,186.1,188.5,177.0,177.45,787865,3852875,13.313751,23116.8,23100.0,23100,ATM,CALL,23100,2026-06-11
2026-06-11 09:25:00+05:30,175.5,179.6,174.3,174.75,893555,3873610,13.459024,23109.0,23100.0,23100,ATM,CALL,23100,2026-06-11
2026-06-11 09:26:00+05:30,174.8,178.1,171.55,176.15,685230,3999450,13.65818,23107.5,23100.0,23100,ATM,CALL,23100,2026-06-11
2026-06-11 09:27:00+05:30,175.35,178.45,167.55,172.55,948870,4124510,13.631582,23101.45,23100.0,23100,ATM,CALL,23100,2026-06-11
2026-06-11 09:28:00+05:30,172.45,179.45,172.35,178.25,909090,4330560,13.349623,23117.6,23100.0,23100,ATM,CALL,23100,2026-06-11
2026-06-11 09:29:00+05:30,179.5,183.3,177.35,181.1,980070,4502160,13.390096,23121.9,23100.0,23100,ATM,CALL,23100,2026-06-11
2026-06-11 09:30:00+05:30,181.0,181.1,170.5,172.5,775450,4752410,13.197307,23110.35,23100.0,23100,ATM,CALL,23100,2026-06-11
2026-06-11 09:31:00+05:30,172.7,176.3,168.5,176.0,660205,4858945,13.186473,23116.9,23100.0,23100,ATM,CALL,23100,2026-06-11
2026-06-11 09:32:00+05:30,178.65,181.05,173.4,173.4,748670,5012995,13.101885,23113.95,23100.0,23100,ATM,CALL,23100,2026-06-11
2026-06-11 09:33:00+05:30,173.25,173.4,164.85,165.35,902980,5110495,12.989519,23101.6,23100.0,23100,ATM,CALL,23100,2026-06-11
2026-06-11 09:34:00+05:30,164.8,171.75,164.8,170.6,520650,5362890,13.0663,23109.65,23100.0,23100,ATM,CALL,23100,2026-06-11
2026-06-11 09:35:00+05:30,170.1,170.6,162.2,162.8,636350,5524870,12.988083,23096.95,23100.0,23100,ATM,CALL,23100,2026-06-11
2026-06-11 09:36:00+05:30,163.2,170.8,162.8,170.65,622375,5682235,12.939575,23112.35,23100.0,23100,ATM,CALL,23100,2026-06-11
2026-06-11 09:37:00+05:30,170.9,175.8,170.05,174.05,741780,5775770,12.895279,23119.35,23100.0,23100,ATM,CALL,23100,2026-06-11
2026-06-11 09:38:00+05:30,149.75,155.95,148.7,154.05,521885,2997475,12.980017,23129.95,23150.0,23100,ATM,CALL,23100,2026-06-11
2026-06-11 09:39:00+05:30,153.8,158.3,153.8,156.2,603330,2989155,13.060909,23132.35,23150.0,23100,ATM,CALL,23100,2026-06-11
2026-06-11 09:40:00+05:30,182.95,182.95,173.45,173.45,708500,5670990,12.824438,23119.75,23100.0,23100,ATM,CALL,23100,2026-06-11
2026-06-11 09:41:00+05:30,173.4,176.0,171.4,175.0,456560,5610085,12.934183,23120.35,23100.0,23100,ATM,CALL,23100,2026-06-11
2026-06-11 09:42:00+05:30,173.75,175.35,170.0,173.8,348400,5688670,12.845273,23120.0,23100.0,23100,ATM,CALL,23100,2026-06-11
2026-06-11 09:43:00+05:30,147.85,159.0,146.95,159.0,607685,3137160,12.895425,23141.3,23150.0,23100,ATM,CALL,23100,2026-06-11
2026-06-11 09:44:00+05:30,159.0,161.65,158.45,160.55,831610,3034005,12.894442,23144.25,23150.0,23100,ATM,CALL,23100,2026-06-11
2026-06-11 09:45:00+05:30,160.45,163.8,155.55,160.2,869960,3040960,12.797764,23145.65,23150.0,23100,ATM,CALL,23100,2026-06-11
2026-06-11 09:46:00+05:30,161.05,164.2,157.6,163.8,522405,3086200,12.695214,23154.45,23150.0,23100,ATM,CALL,23100,2026-06-11
2026-06-11 09:47:00+05:30,163.85,164.05,159.75,159.9,466050,3203460,12.57907,23149.7,23150.0,23100,ATM,CALL,23100,2026-06-11
2026-06-11 09:48:00+05:30,160.5,161.65,155.6,155.6,350675,3309540,12.589187,23141.5,23150.0,23100,ATM,CALL,23100,2026-06-11
2026-06-11 09:49:00+05:30,156.0,162.95,155.6,162.6,425555,3339375,12.647299,23153.3,23150.0,23100,ATM,CALL,23100,2026-06-11
2026-06-11 09:50:00+05:30,162.8,170.35,158.9,170.0,798070,3398980,12.837169,23162.9,23150.0,23100,ATM,CALL,23100,2026-06-11
2026-06-11 09:51:00+05:30,168.0,172.3,166.45,171.05,975390,3183245,12.702666,23167.5,23150.0,23100,ATM,CALL,23100,2026-06-11
2026-06-11 09:52:00+05:30,171.0,173.0,166.8,171.55,581620,3200730,12.582172,23170.8,23150.0,23100,ATM,CALL,23100,2026-06-11
2026-06-11 09:53:00+05:30,172.0,174.5,169.85,171.2,514215,3202030,12.475708,23172.3,23150.0,23100,ATM,CALL,23100,2026-06-11
2026-06-11 09:54:00+05:30,172.0,172.0,162.65,163.3,456430,3153410,12.76079,23152.35,23150.0,23100,ATM,CALL,23100,2026-06-11
2026-06-11 09:55:00+05:30,164.65,164.65,156.65,157.85,612820,3067480,12.779576,23141.85,23150.0,23100,ATM,CALL,23100,2026-06-11
2026-06-11 09:56:00+05:30,158.0,162.75,156.0,156.0,412555,3129165,12.68,23140.5,23150.0,23100,ATM,CALL,23100,2026-06-11
2026-06-11 09:57:00+05:30,155.5,156.3,150.65,151.4,465595,3241225,12.709065,23131.15,23150.0,23100,ATM,CALL,23100,2026-06-11
2026-06-11 09:58:00+05:30,177.4,177.7,168.7,169.1,731380,4817735,12.706607,23114.7,23100.0,23100,ATM,CALL,23100,2026-06-11
2026-06-11 09:59:00+05:30,169.45,174.05,167.45,169.15,885690,4953715,12.566615,23117.6,23100.0,23100,ATM,CALL,23100,2026-06-11
2026-06-11 10:00:00+05:30,144.0,151.45,144.0,150.65,406965,3324620,12.689383,23130.2,23150.0,23100,ATM,CALL,23100,2026-06-11
2026-06-11 10:01:00+05:30,151.85,153.85,150.45,151.9,465140,3421080,12.695018,23132.5,23150.0,23100,ATM,CALL,23100,2026-06-11
2026-06-11 10:02:00+05:30,176.95,177.35,171.1,172.35,317070,5420220,12.58847,23122.9,23100.0,23100,ATM,CALL,23100,2026-06-11
2026-06-11 10:03:00+05:30,172.05,177.0,168.6,171.65,337220,5438680,12.630869,23120.85,23100.0,23100,ATM,CALL,23100,2026-06-11
2026-06-11 10:04:00+05:30,170.85,172.8,165.0,165.0,477425,5479500,12.650889,23108.55,23100.0,23100,ATM,CALL,23100,2026-06-11
2026-06-11 10:05:00+05:30,164.8,168.55,161.95,168.5,913900,5589285,12.792043,23112.05,23100.0,23100,ATM,CALL,23100,2026-06-11
2026-06-11 10:06:00+05:30,143.55,154.0,142.55,152.6,677495,3632265,12.538495,23137.3,23150.0,23100,ATM,CALL,23100,2026-06-11
2026-06-11 10:07:00+05:30,152.55,159.2,150.7,158.15,732095,3553030,12.534867,23147.8,23150.0,23100,ATM,CALL,23100,2026-06-11
2026-06-11 10:08:00+05:30,158.1,165.25,157.1,165.0,749515,3455400,12.705009,23156.9,23150.0,23100,ATM,CALL,23100,2026-06-11
2026-06-11 10:09:00+05:30,165.2,167.55,162.0,162.0,598065,3313505,12.435795,23156.95,23150.0,23100,ATM,CALL,23100,2026-06-11
2026-06-11 10:10:00+05:30,161.45,166.9,160.5,162.9,438360,3228810,12.450779,23158.3,23150.0,23100,ATM,CALL,23100,2026-06-11
2026-06-11 10:11:00+05:30,164.25,167.5,162.9,167.2,376350,3270605,12.603493,23163.0,23150.0,23100,ATM,CALL,23100,2026-06-11
2026-06-11 10:12:00+05:30,166.6,167.35,161.7,162.5,355875,3285230,12.49818,23156.65,23150.0,23100,ATM,CALL,23100,2026-06-11
2026-06-11 10:13:00+05:30,162.8,166.0,162.5,165.05,175240,3237455,12.574386,23159.75,23150.0,23100,ATM,CALL,23100,2026-06-11
2026-06-11 10:14:00+05:30,164.95,166.8,156.9,158.75,373230,3259490,12.609767,23147.5,23150.0,23100,ATM,CALL,23100,2026-06-11
2026-06-11 10:15:00+05:30,158.5,164.65,158.0,163.2,306865,3229005,12.502316,23157.9,23150.0,23100,ATM,CALL,23100,2026-06-11
2026-06-11 10:16:00+05:30,165.4,169.9,163.2,167.0,535145,3315195,12.493393,23164.95,23150.0,23100,ATM,CALL,23100,2026-06-11
2026-06-11 10:17:00+05:30,167.0,171.5,165.5,170.6,410020,3358290,12.605957,23169.15,23150.0,23100,ATM,CALL,23100,2026-06-11
2026-06-11 10:18:00+05:30,170.45,174.4,166.3,173.25,487045,3313115,12.649624,23173.0,23150.0,23100,ATM,CALL,23100,2026-06-11
2026-06-11 10:19:00+05:30,147.9,151.0,146.65,151.0,901030,6638385,12.572453,23183.15,23200.0,23100,ATM,CALL,23100,2026-06-11
2026-06-11 10:20:00+05:30,152.0,157.5,148.2,157.5,1356160,6490770,12.818376,23190.25,23200.0,23100,ATM,CALL,23100,2026-06-11
2026-06-11 10:21:00+05:30,155.6,157.5,148.65,149.2,876655,6394375,12.461163,23182.15,23200.0,23100,ATM,CALL,23100,2026-06-11
2026-06-11 10:22:00+05:30,149.7,151.8,148.25,149.4,436410,6426225,12.58376,23179.9,23200.0,23100,ATM,CALL,23100,2026-06-11
2026-06-11 10:23:00+05:30,149.9,152.95,149.05,150.45,414115,6495515,12.601762,23181.55,23200.0,23100,ATM,CALL,23100,2026-06-11
2026-06-11 10:24:00+05:30,150.6,151.35,147.6,149.0,341185,6561750,12.557203,23179.75,23200.0,23100,ATM,CALL,23100,2026-06-11
2026-06-11 10:25:00+05:30,149.45,150.45,147.3,148.1,259415,6563180,12.496803,23179.35,23200.0,23100,ATM,CALL,23100,2026-06-11
2026-06-11 10:26:00+05:30,148.85,157.05,147.9,156.35,690625,6589505,12.585277,23193.15,23200.0,23100,ATM,CALL,23100,2026-06-11
2026-06-11 10:27:00+05:30,156.5,166.0,155.75,165.55,1663805,6516445,12.708173,23207.6,23200.0,23100,ATM,CALL,23100,2026-06-11
2026-06-11 10:28:00+05:30,165.25,166.8,157.05,160.35,835250,6486545,12.644289,23199.4,23200.0,23100,ATM,CALL,23100,2026-06-11
2026-06-11 10:29:00+05:30,160.0,163.7,159.0,160.65,496795,6548620,12.667189,23199.5,23200.0,23100,ATM,CALL,23100,2026-06-11
2026-06-11 10:30:00+05:30,161.6,164.65,152.25,153.95,892840,6612775,12.576847,23188.9,23200.0,23100,ATM,CALL,23100,2026-06-11
2026-06-11 10:31:00+05:30,153.6,158.8,151.9,158.0,680550,6638255,12.450218,23199.15,23200.0,23100,ATM,CALL,23100,2026-06-11
2026-06-11 10:32:00+05:30,157.95,162.9,155.6,161.1,465205,6703840,12.492441,23204.0,23200.0,23100,ATM,CALL,23100,2026-06-11
2026-06-11 10:33:00+05:30,160.05,161.1,155.5,159.35,380445,6819475,12.582024,23198.95,23200.0,23100,ATM,CALL,23100,2026-06-11
2026-06-11 10:34:00+05:30,158.8,159.65,157.2,158.6,228540,6832865,12.427019,23200.8,23200.0,23100,ATM,CALL,23100,2026-06-11
2026-06-11 10:35:00+05:30,158.7,163.65,158.6,158.75,497120,6870630,12.412346,23201.4,23200.0,23100,ATM,CALL,23100,2026-06-11
2026-06-11 10:36:00+05:30,158.6,158.75,154.25,156.8,416585,6926660,12.490057,23196.2,23200.0,23100,ATM,CALL,23100,2026-06-11
2026-06-11 10:37:00+05:30,156.8,159.3,153.75,155.0,261950,6935045,12.535649,23191.9,23200.0,23100,ATM,CALL,23100,2026-06-11
2026-06-11 10:38:00+05:30,154.95,159.35,154.95,159.35,300040,6909760,12.579874,23199.1,23200.0,23100,ATM,CALL,23100,2026-06-11
2026-06-11 10:39:00+05:30,159.5,164.5,158.35,163.05,518570,6915415,12.504725,23207.45,23200.0,23100,ATM,CALL,23100,2026-06-11
2026-06-11 10:40:00+05:30,163.4,166.9,160.75,165.9,673660,6949670,12.515816,23212.4,23200.0,23100,ATM,CALL,23100,2026-06-11
2026-06-11 10:41:00+05:30,165.7,166.15,159.6,159.65,608010,6936670,12.399027,23203.45,23200.0,23100,ATM,CALL,23100,2026-06-11
2026-06-11 10:42:00+05:30,160.65,162.35,157.55,161.65,421525,6893965,12.461265,23205.85,23200.0,23100,ATM,CALL,23100,2026-06-11
2026-06-11 10:43:00+05:30,162.4,163.75,159.2,159.95,285610,6889480,12.493407,23202.1,23200.0,23100,ATM,CALL,23100,2026-06-11
2026-06-11 10:44:00+05:30,159.95,162.1,157.05,161.5,301600,6962930,12.498796,23204.85,23200.0,23100,ATM,CALL,23100,2026-06-11
2026-06-11 10:45:00+05:30,161.0,161.8,156.05,161.7,281840,7026045,12.529854,23204.6,23200.0,23100,ATM,CALL,23100,2026-06-11
2026-06-11 10:46:00+05:30,161.25,164.85,160.3,160.8,395135,6990555,12.352658,23206.6,23200.0,23100,ATM,CALL,23100,2026-06-11
2026-06-11 10:47:00+05:30,160.5,163.95,159.65,163.55,235430,7086300,12.414488,23210.35,23200.0,23100,ATM,CALL,23100,2026-06-11
2026-06-11 10:48:00+05:30,164.1,165.75,158.15,161.05,460655,7083310,12.421115,23205.7,23200.0,23100,ATM,CALL,23100,2026-06-11
2026-06-11 10:49:00+05:30,161.45,161.45,155.0,155.0,315510,7109635,12.45988,23193.75,23200.0,23100,ATM,CALL,23100,2026-06-11
2026-06-11 10:50:00+05:30,154.9,155.45,150.5,151.25,566215,7048080,12.474333,23186.4,23200.0,23100,ATM,CALL,23100,2026-06-11
2026-06-11 10:51:00+05:30,151.95,158.65,151.25,154.7,373620,7011420,12.612925,23190.0,23200.0,23100,ATM,CALL,23100,2026-06-11
2026-06-11 10:52:00+05:30,154.7,158.0,153.0,154.1,218530,7047950,12.652365,23188.05,23200.0,23100,ATM,CALL,23100,2026-06-11
2026-06-11 10:53:00+05:30,180.3,180.35,171.75,173.9,300365,2362360,12.647091,23174.9,23150.0,23100,ATM,CALL,23100,2026-06-11
2026-06-11 10:54:00+05:30,172.1,175.2,170.05,173.2,228540,2336490,12.595302,23174.7,23150.0,23100,ATM,CALL,23100,2026-06-11
2026-06-11 10:55:00+05:30,172.85,174.2,169.6,172.5,209950,2357030,12.610047,23173.2,23150.0,23100,ATM,CALL,23100,2026-06-11
2026-06-11 10:56:00+05:30,146.4,150.6,145.2,149.45,377650,6990620,12.627032,23179.8,23200.0,23100,ATM,CALL,23100,2026-06-11
2026-06-11 10:57:00+05:30,149.2,150.1,146.25,148.45,281255,7112690,12.654154,23177.3,23200.0,23100,ATM,CALL,23100,2026-06-11
2026-06-11 10:58:00+05:30,147.45,149.1,144.25,145.5,232960,7173465,12.468617,23175.65,23200.0,23100,ATM,CALL,23100,2026-06-11
2026-06-11 10:59:00+05:30,145.4,149.5,143.05,149.5,298415,7168720,12.783829,23176.55,23200.0,23100,ATM,CALL,23100,2026-06-11
2026-06-11 11:00:00+05:30,173.75,176.75,168.0,168.2,219505,2492555,12.419044,23169.45,23150.0,23100,ATM,CALL,23100,2026-06-11
2026-06-11 11:01:00+05:30,168.45,172.3,166.2,168.05,253890,2502435,12.522918,23167.15,23150.0,23100,ATM,CALL,23100,2026-06-11
2026-06-11 11:02:00+05:30,168.95,170.65,167.5,168.65,156845,2526745,12.540029,23167.9,23150.0,23100,ATM,CALL,23100,2026-06-11
2026-06-11 11:03:00+05:30,142.45,149.3,141.2,148.8,292240,7176130,12.546316,23180.45,23200.0,23100,ATM,CALL,23100,2026-06-11
2026-06-11 11:04:00+05:30,150.0,152.5,147.75,149.15,692575,7252115,12.525229,23181.6,23200.0,23100,ATM,CALL,23100,2026-06-11
2026-06-11 11:05:00+05:30,149.9,159.15,149.15,158.75,1030770,7306975,12.520015,23199.8,23200.0,23100,ATM,CALL,23100,2026-06-11
2026-06-11 11:06:00+05:30,159.05,160.7,153.85,159.95,845195,7333430,12.414407,23204.2,23200.0,23100,ATM,CALL,23100,2026-06-11
2026-06-11 11:07:00+05:30,160.3,162.5,151.5,151.5,675350,7342270,12.341875,23190.05,23200.0,23100,ATM,CALL,23100,2026-06-11
2026-06-11 11:08:00+05:30,151.45,157.4,150.4,154.3,465790,7360860,12.366515,23194.8,23200.0,23100,ATM,CALL,23100,2026-06-11
2026-06-11 11:09:00+05:30,152.95,154.3,146.6,152.6,440115,7414810,12.275679,23193.55,23200.0,23100,ATM,CALL,23100,2026-06-11
2026-06-11 11:10:00+05:30,152.5,153.75,149.45,152.55,262145,7468240,12.369721,23191.5,23200.0,23100,ATM,CALL,23100,2026-06-11
2026-06-11 11:11:00+05:30,152.3,154.2,150.1,151.6,318240,7539740,12.394923,23189.2,23200.0,23100,ATM,CALL,23100,2026-06-11
2026-06-11 11:12:00+05:30,151.15,152.1,148.0,151.2,213005,7603505,12.463842,23187.0,23200.0,23100,ATM,CALL,23100,2026-06-11
2026-06-11 11:13:00+05:30,150.6,153.1,149.65,149.8,220480,7592325,12.422204,23185.25,23200.0,23100,ATM,CALL,23100,2026-06-11
2026-06-11 11:14:00+05:30,151.3,153.55,148.05,149.75,202800,7622680,12.514371,23183.2,23200.0,23100,ATM,CALL,23100,2026-06-11
2026-06-11 11:15:00+05:30,150.1,153.1,148.35,152.45,229190,7635550,12.519411,23188.25,23200.0,23100,ATM,CALL,23100,2026-06-11
2026-06-11 11:16:00+05:30,151.4,153.05,149.75,152.2,189735,7635290,12.441581,23189.45,23200.0,23100,ATM,CALL,23100,2026-06-11
2026-06-11 11:17:00+05:30,152.45,155.0,149.65,153.2,323375,7551765,12.318062,23193.95,23200.0,23100,ATM,CALL,23100,2026-06-11
2026-06-11 11:18:00+05:30,153.75,160.85,153.0,159.1,616265,7575295,12.304024,23205.15,23200.0,23100,ATM,CALL,23100,2026-06-11
2026-06-11 11:19:00+05:30,160.2,162.0,157.4,158.5,628225,7493720,12.334558,23203.45,23200.0,23100,ATM,CALL,23100,2026-06-11
2026-06-11 11:20:00+05:30,157.85,164.25,156.3,164.2,545220,7548710,12.396768,23212.55,23200.0,23100,ATM,CALL,23100,2026-06-11
2026-06-11 11:21:00+05:30,163.8,170.25,163.4,169.35,1196650,7379515,12.470184,23220.3,23200.0,23100,ATM,CALL,23100,2026-06-11
2026-06-11 11:22:00+05:30,168.6,169.75,165.5,166.7,839605,7289620,12.545603,23214.1,23200.0,23100,ATM,CALL,23100,2026-06-11
2026-06-11 11:23:00+05:30,165.5,169.4,163.1,163.2,603265,7200635,12.285154,23213.05,23200.0,23100,ATM,CALL,23100,2026-06-11
2026-06-11 11:24:00+05:30,164.05,168.3,162.35,166.85,423345,7215975,12.339734,23218.5,23200.0,23100,ATM,CALL,23100,2026-06-11
2026-06-11 11:25:00+05:30,167.55,170.0,166.1,167.15,738660,7259135,12.50386,23215.8,23200.0,23100,ATM,CALL,23100,2026-06-11
2026-06-11 11:26:00+05:30,140.85,149.15,140.75,149.15,675805,3087045,12.659979,23228.5,23250.0,23100,ATM,CALL,23100,2026-06-11
2026-06-11 11:27:00+05:30,149.35,155.25,149.15,154.45,1090570,2945475,12.872964,23234.1,23250.0,23100,ATM,CALL,23100,2026-06-11
2026-06-11 11:28:00+05:30,154.4,155.7,151.1,153.1,374205,2931565,12.663063,23236.05,23250.0,23100,ATM,CALL,23100,2026-06-11
2026-06-11 11:29:00+05:30,152.3,154.9,149.3,154.9,359840,3000465,12.852131,23235.45,23250.0,23100,ATM,CALL,23100,2026-06-11
2026-06-11 11:30:00+05:30,154.4,158.5,151.95,151.95,572585,3004365,12.555829,23236.2,23250.0,23100,ATM,CALL,23100,2026-06-11
2026-06-11 11:31:00+05:30,153.15,155.0,147.35,148.9,425425,3028415,12.743722,23226.3,23250.0,23100,ATM,CALL,23100,2026-06-11
2026-06-11 11:32:00+05:30,149.0,149.9,145.8,148.0,212615,3038425,12.671647,23226.15,23250.0,23100,ATM,CALL,23100,2026-06-11
2026-06-11 11:33:00+05:30,147.95,154.15,147.95,151.65,249860,3086980,12.6558,23233.55,23250.0,23100,ATM,CALL,23100,2026-06-11
2026-06-11 11:34:00+05:30,151.2,152.25,145.55,145.55,216775,3143140,12.446838,23226.35,23250.0,23100,ATM,CALL,23100,2026-06-11
2026-06-11 11:35:00+05:30,146.3,151.35,144.0,151.25,271960,3154710,12.585027,23234.35,23250.0,23100,ATM,CALL,23100,2026-06-11
2026-06-11 11:36:00+05:30,177.2,178.25,168.8,169.75,297960,6782295,12.452838,23221.65,23200.0,23100,ATM,CALL,23100,2026-06-11
2026-06-11 11:37:00+05:30,171.3,172.2,169.2,169.3,207480,6830655,12.596049,23218.05,23200.0,23100,ATM,CALL,23100,2026-06-11
2026-06-11 11:38:00+05:30,169.1,170.6,165.85,165.85,362375,6755580,12.425502,23215.3,23200.0,23100,ATM,CALL,23100,2026-06-11
2026-06-11 11:39:00+05:30,165.4,170.3,163.5,170.05,490490,6768125,12.41652,23222.95,23200.0,23100,ATM,CALL,23100,2026-06-11
2026-06-11 11:40:00+05:30,169.6,172.25,167.5,168.8,347685,6869005,12.299724,23223.05,23200.0,23100,ATM,CALL,23100,2026-06-11
2026-06-11 11:41:00+05:30,143.0,148.0,141.95,147.3,168090,3379220,12.427754,23230.3,23250.0,23100,ATM,CALL,23100,2026-06-11
2026-06-11 11:42:00+05:30,147.65,158.2,146.65,157.2,672750,3301675,12.638519,23244.6,23250.0,23100,ATM,CALL,23100,2026-06-11
2026-06-11 11:43:00+05:30,157.05,157.55,153.3,154.85,395135,3268980,12.575191,23241.55,23250.0,23100,ATM,CALL,23100,2026-06-11
2026-06-11 11:44:00+05:30,154.95,163.25,154.3,163.25,582855,3167515,12.741723,23253.7,23250.0,23100,ATM,CALL,23100,2026-06-11
2026-06-11 11:45:00+05:30,163.3,166.9,161.2,164.0,821535,3143010,12.792704,23254.05,23250.0,23100,ATM,CALL,23100,2026-06-11
2026-06-11 11:46:00+05:30,163.3,166.35,161.8,166.2,262665,3193840,12.806908,23257.8,23250.0,23100,ATM,CALL,23100,2026-06-11
2026-06-11 11:47:00+05:30,166.3,176.0,163.7,175.4,779870,3201445,13.065188,23269.2,23250.0,23100,ATM,CALL,23100,2026-06-11
2026-06-11 11:48:00+05:30,176.45,176.75,168.6,172.05,576680,3139955,12.808362,23268.35,23250.0,23100,ATM,CALL,23100,2026-06-11
2026-06-11 11:49:00+05:30,172.15,172.15,166.5,169.05,298870,3169400,12.698354,23265.2,23250.0,23100,ATM,CALL,23100,2026-06-11
2026-06-11 11:50:00+05:30,169.2,175.0,169.05,173.35,370825,3162510,12.650907,23273.8,23250.0,23100,ATM,CALL,23100,2026-06-11
2026-06-11 11:51:00+05:30,173.8,175.65,170.8,171.5,294060,3123640,12.734394,23268.9,23250.0,23100,ATM,CALL,23100,2026-06-11
2026-06-11 11:52:00+05:30,171.5,173.55,169.0,173.45,235105,3101670,12.849989,23270.1,23250.0,23100,ATM,CALL,23100,2026-06-11
2026-06-11 11:53:00+05:30,172.9,174.0,171.35,173.4,150800,3100305,12.643195,23274.1,23250.0,23100,ATM,CALL,23100,2026-06-11
2026-06-11 11:54:00+05:30,173.85,177.65,171.25,173.0,300235,3074175,12.666947,23272.95,23250.0,23100,ATM,CALL,23100,2026-06-11
2026-06-11 11:55:00+05:30,173.3,176.8,172.65,172.95,222170,3086785,12.620096,23273.8,23250.0,23100,ATM,CALL,23100,2026-06-11
2026-06-11 11:56:00+05:30,147.25,158.8,145.45,156.3,875355,6529055,12.980364,23285.3,23300.0,23100,ATM,CALL,23100,2026-06-11
2026-06-11 11:57:00+05:30,156.05,157.15,153.0,155.65,606645,6519045,12.939952,23284.95,23300.0,23100,ATM,CALL,23100,2026-06-11
2026-06-11 11:58:00+05:30,155.85,160.05,154.65,156.0,739505,6507475,12.693028,23290.9,23300.0,23100,ATM,CALL,23100,2026-06-11
2026-06-11 11:59:00+05:30,155.65,156.3,151.05,151.3,433355,6532760,12.639178,23283.15,23300.0,23100,ATM,CALL,23100,2026-06-11
2026-06-11 12:00:00+05:30,153.55,156.7,151.3,152.3,404040,6581120,12.663961,23284.55,23300.0,23100,ATM,CALL,23100,2026-06-11
2026-06-11 12:01:00+05:30,152.35,157.4,152.2,155.8,389220,6593275,12.789037,23288.55,23300.0,23100,ATM,CALL,23100,2026-06-11
2026-06-11 12:02:00+05:30,156.05,156.85,153.1,153.55,295295,6592365,12.72349,23285.7,23300.0,23100,ATM,CALL,23100,2026-06-11
2026-06-11 12:03:00+05:30,154.0,157.85,153.15,156.25,296790,6587100,12.762886,23290.0,23300.0,23100,ATM,CALL,23100,2026-06-11
2026-06-11 12:04:00+05:30,155.8,156.25,152.35,153.0,243490,6616285,12.62988,23286.7,23300.0,23100,ATM,CALL,23100,2026-06-11
2026-06-11 12:05:00+05:30,153.05,154.6,147.05,149.5,658840,6519760,12.578001,23281.15,23300.0,23100,ATM,CALL,23100,2026-06-11
2026-06-11 12:06:00+05:30,152.1,152.85,148.05,151.95,309400,6527625,12.752807,23282.1,23300.0,23100,ATM,CALL,23100,2026-06-11
2026-06-11 12:07:00+05:30,151.6,158.2,151.6,157.65,503425,6518265,12.877443,23290.3,23300.0,23100,ATM,CALL,23100,2026-06-11
2026-06-11 12:08:00+05:30,158.2,158.2,151.55,153.6,385840,6560190,12.780755,23284.7,23300.0,23100,ATM,CALL,23100,2026-06-11
2026-06-11 12:09:00+05:30,153.8,154.4,151.45,151.85,169130,6577155,12.693642,23283.25,23300.0,23100,ATM,CALL,23100,2026-06-11
2026-06-11 12:10:00+05:30,151.4,152.35,148.45,150.15,321295,6564610,12.753861,23278.7,23300.0,23100,ATM,CALL,23100,2026-06-11
2026-06-11 12:11:00+05:30,149.85,151.2,146.25,147.85,314665,6580665,12.603283,23277.55,23300.0,23100,ATM,CALL,23100,2026-06-11
2026-06-11 12:12:00+05:30,149.5,150.45,146.4,150.45,220675,6585345,12.572208,23283.25,23300.0,23100,ATM,CALL,23100,2026-06-11
2026-06-11 12:13:00+05:30,151.25,153.25,148.5,152.55,255320,6619275,12.610747,23286.45,23300.0,23100,ATM,CALL,23100,2026-06-11
2026-06-11 12:14:00+05:30,151.7,153.45,149.25,153.45,240305,6643000,12.64029,23287.55,23300.0,23100,ATM,CALL,23100,2026-06-11
2026-06-11 12:15:00+05:30,154.5,163.95,153.45,161.7,1250600,6529120,12.730713,23301.1,23300.0,23100,ATM,CALL,23100,2026-06-11
2026-06-11 12:16:00+05:30,163.1,164.6,156.55,163.65,864695,6549010,12.74557,23304.4,23300.0,23100,ATM,CALL,23100,2026-06-11
2026-06-11 12:17:00+05:30,163.25,165.75,157.3,158.1,783835,6589440,12.577966,23297.65,23300.0,23100,ATM,CALL,23100,2026-06-11
2026-06-11 12:18:00+05:30,158.45,158.7,155.0,155.85,362700,6633510,12.538763,23294.3,23300.0,23100,ATM,CALL,23100,2026-06-11
2026-06-11 12:19:00+05:30,156.2,157.15,152.8,152.8,366730,6631300,12.495758,23289.5,23300.0,23100,ATM,CALL,23100,2026-06-11
2026-06-11 12:20:00+05:30,152.55,154.5,149.4,149.9,385255,6598280,12.498826,23283.95,23300.0,23100,ATM,CALL,23100,2026-06-11
2026-06-11 12:21:00+05:30,149.75,152.45,148.35,151.5,324155,6648720,12.677125,23283.2,23300.0,23100,ATM,CALL,23100,2026-06-11
2026-06-11 12:22:00+05:30,151.65,154.8,151.2,152.85,203125,6648720,12.60445,23287.35,23300.0,23100,ATM,CALL,23100,2026-06-11
2026-06-11 12:23:00+05:30,153.2,158.05,151.9,156.4,309920,6670820,12.638164,23293.35,23300.0,23100,ATM,CALL,23100,2026-06-11
2026-06-11 12:24:00+05:30,156.6,156.6,153.55,156.5,246155,6684665,12.724086,23291.75,23300.0,23100,ATM,CALL,23100,2026-06-11
2026-06-11 12:25:00+05:30,156.65,156.65,151.85,153.5,238745,6748235,12.601932,23288.7,23300.0,23100,ATM,CALL,23100,2026-06-11
2026-06-11 12:26:00+05:30,153.75,159.6,153.5,155.45,407550,6672185,12.589843,23292.65,23300.0,23100,ATM,CALL,23100,2026-06-11
2026-06-11 12:27:00+05:30,155.95,158.0,154.65,157.2,171015,6693180,12.737373,23292.85,23300.0,23100,ATM,CALL,23100,2026-06-11
2026-06-11 12:28:00+05:30,157.4,160.95,154.4,160.2,352040,6702085,12.624751,23300.8,23300.0,23100,ATM,CALL,23100,2026-06-11
2026-06-11 12:29:00+05:30,158.75,161.9,157.45,158.8,335400,6691035,12.655158,23297.6,23300.0,23100,ATM,CALL,23100,2026-06-11
2026-06-11 12:30:00+05:30,159.0,168.7,158.8,166.35,1297920,6719310,12.925831,23305.95,23300.0,23100,ATM,CALL,23100,2026-06-11
2026-06-11 12:31:00+05:30,164.8,172.3,163.0,170.5,944840,6463210,12.801173,23316.0,23300.0,23100,ATM,CALL,23100,2026-06-11
2026-06-11 12:32:00+05:30,170.95,174.95,169.8,173.65,801385,6408090,12.878782,23320.1,23300.0,23100,ATM,CALL,23100,2026-06-11
2026-06-11 12:33:00+05:30,173.15,173.65,169.95,171.9,435565,6348550,12.926401,23316.05,23300.0,23100,ATM,CALL,23100,2026-06-11
2026-06-11 12:34:00+05:30,172.35,173.0,168.65,172.9,467740,6353750,12.714577,23322.05,23300.0,23100,ATM,CALL,23100,2026-06-11
2026-06-11 12:35:00+05:30,174.2,176.05,162.3,166.35,758420,6309290,12.575486,23313.15,23300.0,23100,ATM,CALL,23100,2026-06-11
2026-06-11 12:36:00+05:30,166.75,168.35,162.6,164.3,331240,6322420,12.657897,23307.8,23300.0,23100,ATM,CALL,23100,2026-06-11
2026-06-11 12:37:00+05:30,164.35,165.45,159.2,160.75,489840,6370585,13.052494,23293.1,23300.0,23100,ATM,CALL,23100,2026-06-11
2026-06-11 12:38:00+05:30,160.55,161.95,156.45,157.6,390195,6271070,12.746369,23293.65,23300.0,23100,ATM,CALL,23100,2026-06-11
2026-06-11 12:39:00+05:30,157.25,163.3,157.25,162.3,356655,6276985,12.975618,23297.65,23300.0,23100,ATM,CALL,23100,2026-06-11
2026-06-11 12:40:00+05:30,163.45,163.6,159.65,160.8,235430,6334770,12.830707,23297.9,23300.0,23100,ATM,CALL,23100,2026-06-11
2026-06-11 12:41:00+05:30,160.95,162.9,158.9,159.55,221910,6396130,12.851952,23295.15,23300.0,23100,ATM,CALL,23100,2026-06-11
2026-06-11 12:42:00+05:30,159.35,162.25,156.7,159.85,270725,6420375,12.81277,23296.55,23300.0,23100,ATM,CALL,23100,2026-06-11
2026-06-11 12:43:00+05:30,159.65,161.05,154.25,158.8,362440,6381570,12.865793,23293.5,23300.0,23100,ATM,CALL,23100,2026-06-11
2026-06-11 12:44:00+05:30,158.8,162.1,158.0,160.9,216320,6409845,12.930179,23296.1,23300.0,23100,ATM,CALL,23100,2026-06-11
2026-06-11 12:45:00+05:30,160.8,161.7,158.2,160.6,248690,6452355,12.954648,23295.05,23300.0,23100,ATM,CALL,23100,2026-06-11
2026-06-11 12:46:00+05:30,163.2,167.8,160.6,165.5,534040,6462495,13.088134,23301.4,23300.0,23100,ATM,CALL,23100,2026-06-11
2026-06-11 12:47:00+05:30,165.6,166.9,159.0,160.5,374400,6491420,13.033612,23293.25,23300.0,23100,ATM,CALL,23100,2026-06-11
2026-06-11 12:48:00+05:30,160.5,161.1,155.65,156.0,290745,6516575,12.970631,23286.1,23300.0,23100,ATM,CALL,23100,2026-06-11
2026-06-11 12:49:00+05:30,156.35,157.7,148.5,149.65,585845,6460220,12.898712,23275.45,23300.0,23100,ATM,CALL,23100,2026-06-11
2026-06-11 12:50:00+05:30,149.55,155.55,149.15,155.0,390130,6365060,13.056121,23282.4,23300.0,23100,ATM,CALL,23100,2026-06-11
2026-06-11 12:51:00+05:30,156.2,159.45,152.9,152.9,310830,6386445,12.932599,23281.05,23300.0,23100,ATM,CALL,23100,2026-06-11
2026-06-11 12:52:00+05:30,152.9,154.05,150.7,152.0,189085,6307470,12.943559,23279.1,23300.0,23100,ATM,CALL,23100,2026-06-11
2026-06-11 12:53:00+05:30,152.6,157.0,152.0,155.5,182195,6325345,12.999088,23284.65,23300.0,23100,ATM,CALL,23100,2026-06-11
2026-06-11 12:54:00+05:30,155.1,156.6,154.15,156.6,52715,6341530,13.455644,23276.95,23300.0,23100,ATM,CALL,23100,2026-06-11
2026-06-11 12:55:00+05:30,156.6,156.6,156.6,156.6,0,6341530,13.455646,23276.95,23300.0,23100,ATM,CALL,23100,2026-06-11
2026-06-11 12:56:00+05:30,152.3,157.7,152.3,153.4,545870,6359730,12.894184,23282.95,23300.0,23100,ATM,CALL,23100,2026-06-11
2026-06-11 12:57:00+05:30,153.85,166.0,153.4,165.5,564265,6389435,13.215736,23299.0,23300.0,23100,ATM,CALL,23100,2026-06-11
2026-06-11 12:58:00+05:30,165.45,170.8,165.3,168.5,755950,6279455,13.252856,23303.8,23300.0,23100,ATM,CALL,23100,2026-06-11
2026-06-11 12:59:00+05:30,168.0,172.95,163.8,172.95,543855,6282445,13.435015,23308.25,23300.0,23100,ATM,CALL,23100,2026-06-11
2026-06-11 13:00:00+05:30,172.1,182.85,172.1,181.3,1415570,6239805,13.39191,23324.15,23300.0,23100,ATM,CALL,23100,2026-06-11
2026-06-11 13:01:00+05:30,181.65,182.7,172.05,172.05,635505,6091020,13.067064,23314.1,23300.0,23100,ATM,CALL,23100,2026-06-11
2026-06-11 13:02:00+05:30,173.1,174.0,166.0,170.0,567515,6061055,13.247479,23306.75,23300.0,23100,ATM,CALL,23100,2026-06-11
2026-06-11 13:03:00+05:30,169.9,169.95,165.85,166.7,239850,6043115,13.079994,23304.15,23300.0,23100,ATM,CALL,23100,2026-06-11
2026-06-11 13:04:00+05:30,167.0,168.05,164.0,164.0,201435,6098885,12.963328,23301.6,23300.0,23100,ATM,CALL,23100,2026-06-11
2026-06-11 13:05:00+05:30,165.0,167.3,163.7,165.85,233155,6112015,13.076597,23302.7,23300.0,23100,ATM,CALL,23100,2026-06-11
2026-06-11 13:06:00+05:30,166.75,168.0,164.2,165.75,165360,6126705,13.126954,23301.5,23300.0,23100,ATM,CALL,23100,2026-06-11
2026-06-11 13:07:00+05:30,165.85,167.5,163.8,163.8,176800,6146010,13.071947,23299.05,23300.0,23100,ATM,CALL,23100,2026-06-11
2026-06-11 13:08:00+05:30,163.25,164.4,159.35,161.05,457795,6169020,13.169127,23291.9,23300.0,23100,ATM,CALL,23100,2026-06-11
2026-06-11 13:09:00+05:30,161.05,161.55,153.35,154.0,421135,6139315,13.068109,23280.65,23300.0,23100,ATM,CALL,23100,2026-06-11
2026-06-11 13:10:00+05:30,154.25,156.55,153.15,155.0,332280,6121050,13.072552,23282.5,23300.0,23100,ATM,CALL,23100,2026-06-11
2026-06-11 13:11:00+05:30,155.65,156.0,150.75,153.35,357955,6207565,13.090809,23278.95,23300.0,23100,ATM,CALL,23100,2026-06-11
2026-06-11 13:12:00+05:30,181.25,181.55,171.2,174.3,266110,2417610,13.145267,23267.45,23250.0,23100,ATM,CALL,23100,2026-06-11
2026-06-11 13:13:00+05:30,174.7,175.0,169.05,170.0,144495,2390115,13.113786,23260.35,23250.0,23100,ATM,CALL,23100,2026-06-11
2026-06-11 13:14:00+05:30,169.45,172.05,169.0,170.4,133770,2385695,13.195398,23259.45,23250.0,23100,ATM,CALL,23100,2026-06-11
2026-06-11 13:15:00+05:30,170.25,172.4,170.0,170.65,130390,2415270,13.179369,23260.25,23250.0,23100,ATM,CALL,23100,2026-06-11
2026-06-11 13:16:00+05:30,174.6,175.0,167.25,168.8,208780,2461940,13.262835,23255.2,23250.0,23100,ATM,CALL,23100,2026-06-11
2026-06-11 13:17:00+05:30,168.25,174.95,164.05,171.35,381355,2488200,13.095353,23263.25,23250.0,23100,ATM,CALL,23100,2026-06-11
2026-06-11 13:18:00+05:30,171.7,171.7,166.0,169.25,208065,2451800,13.376283,23253.75,23250.0,23100,ATM,CALL,23100,2026-06-11
2026-06-11 13:19:00+05:30,168.75,171.05,165.5,165.8,176345,2489760,13.050353,23254.1,23250.0,23100,ATM,CALL,23100,2026-06-11
2026-06-11 13:20:00+05:30,166.3,166.95,158.8,159.85,360035,2525640,12.6974,23250.4,23250.0,23100,ATM,CALL,23100,2026-06-11
2026-06-11 13:21:00+05:30,159.95,159.95,151.75,152.15,457080,2461420,12.564479,23238.8,23250.0,23100,ATM,CALL,23100,2026-06-11
2026-06-11 13:22:00+05:30,152.5,152.5,148.8,149.75,324740,2476305,12.837258,23228.4,23250.0,23100,ATM,CALL,23100,2026-06-11
2026-06-11 13:23:00+05:30,150.0,161.4,148.65,157.5,396240,2480335,12.808012,23243.8,23250.0,23100,ATM,CALL,23100,2026-06-11
2026-06-11 13:24:00+05:30,157.25,159.65,154.3,158.45,240955,2588625,13.108395,23239.3,23250.0,23100,ATM,CALL,23100,2026-06-11
2026-06-11 13:25:00+05:30,158.9,158.9,151.0,151.15,234715,2582255,12.761229,23232.8,23250.0,23100,ATM,CALL,23100,2026-06-11
2026-06-11 13:26:00+05:30,150.8,151.0,145.55,147.45,314795,2561000,12.787625,23225.1,23250.0,23100,ATM,CALL,23100,2026-06-11
2026-06-11 13:27:00+05:30,148.9,152.0,147.45,149.6,235820,2544555,12.727031,23230.6,23250.0,23100,ATM,CALL,23100,2026-06-11
2026-06-11 13:28:00+05:30,149.45,154.25,148.1,152.35,213915,2580760,12.820375,23233.9,23250.0,23100,ATM,CALL,23100,2026-06-11
2026-06-11 13:29:00+05:30,152.4,156.9,152.05,156.65,279435,2599935,12.781093,23242.9,23250.0,23100,ATM,CALL,23100,2026-06-11
2026-06-11 13:30:00+05:30,156.05,169.5,156.05,165.2,912470,2601885,12.840938,23257.5,23250.0,23100,ATM,CALL,23100,2026-06-11
2026-06-11 13:31:00+05:30,165.5,165.6,159.55,165.6,337090,2600910,12.917466,23256.7,23250.0,23100,ATM,CALL,23100,2026-06-11
2026-06-11 13:32:00+05:30,167.3,170.2,165.25,168.55,381940,2626585,12.881486,23262.8,23250.0,23100,ATM,CALL,23100,2026-06-11
2026-06-11 13:33:00+05:30,168.0,171.65,164.55,164.9,402740,2612415,12.755225,23258.75,23250.0,23100,ATM,CALL,23100,2026-06-11
2026-06-11 13:34:00+05:30,164.3,164.9,156.1,156.3,401700,2637180,12.719019,23243.65,23250.0,23100,ATM,CALL,23100,2026-06-11
2026-06-11 13:35:00+05:30,156.25,162.0,155.95,160.4,262145,2616770,12.830441,23249.0,23250.0,23100,ATM,CALL,23100,2026-06-11
2026-06-11 13:36:00+05:30,160.2,165.15,158.95,165.15,186030,2688140,12.90197,23256.3,23250.0,23100,ATM,CALL,23100,2026-06-11
2026-06-11 13:37:00+05:30,165.05,165.05,159.8,160.0,172055,2703740,12.694528,23251.1,23250.0,23100,ATM,CALL,23100,2026-06-11
2026-06-11 13:38:00+05:30,159.65,160.0,153.6,155.3,284115,2741440,12.693239,23242.4,23250.0,23100,ATM,CALL,23100,2026-06-11
2026-06-11 13:39:00+05:30,155.25,155.3,147.95,149.85,357890,2728570,12.663942,23232.7,23250.0,23100,ATM,CALL,23100,2026-06-11
2026-06-11 13:40:00+05:30,151.1,155.3,148.4,148.55,281320,2721745,12.546122,23232.75,23250.0,23100,ATM,CALL,23100,2026-06-11
2026-06-11 13:41:00+05:30,148.75,150.8,147.0,149.35,162110,2757040,12.770238,23229.5,23250.0,23100,ATM,CALL,23100,2026-06-11
2026-06-11 13:42:00+05:30,150.1,153.0,149.35,150.45,127335,2774850,12.860564,23229.7,23250.0,23100,ATM,CALL,23100,2026-06-11
2026-06-11 13:43:00+05:30,176.95,178.65,170.4,172.85,381355,5476120,12.978035,23219.45,23200.0,23100,ATM,CALL,23100,2026-06-11
2026-06-11 13:44:00+05:30,172.15,176.25,168.5,173.6,392665,5515185,12.819408,23223.9,23200.0,23100,ATM,CALL,23100,2026-06-11
2026-06-11 13:45:00+05:30,174.5,175.45,171.5,171.85,238875,5527795,12.802751,23221.15,23200.0,23100,ATM,CALL,23100,2026-06-11
2026-06-11 13:46:00+05:30,145.0,151.1,142.25,150.55,159640,2828345,12.96635,23227.7,23250.0,23100,ATM,CALL,23100,2026-06-11
2026-06-11 13:47:00+05:30,151.2,156.95,150.55,151.8,422370,2862600,12.844722,23232.75,23250.0,23100,ATM,CALL,23100,2026-06-11
2026-06-11 13:48:00+05:30,151.4,156.0,150.55,150.55,240045,2889380,12.771052,23231.95,23250.0,23100,ATM,CALL,23100,2026-06-11
2026-06-11 13:49:00+05:30,150.9,152.25,148.25,150.5,176540,2914405,12.842158,23230.35,23250.0,23100,ATM,CALL,23100,2026-06-11
2026-06-11 13:50:00+05:30,178.2,178.2,174.1,174.8,166205,5633875,12.91938,23224.2,23200.0,23100,ATM,CALL,23100,2026-06-11
2026-06-11 13:51:00+05:30,149.85,151.35,146.5,150.15,144365,2957240,13.004975,23226.2,23250.0,23100,ATM,CALL,23100,2026-06-11
2026-06-11 13:52:00+05:30,150.2,153.3,146.65,153.3,120055,2969330,13.114959,23229.95,23250.0,23100,ATM,CALL,23100,2026-06-11
2026-06-11 13:53:00+05:30,152.55,155.55,151.65,154.3,221585,2993315,12.929829,23235.85,23250.0,23100,ATM,CALL,23100,2026-06-11
2026-06-11 13:54:00+05:30,154.4,155.25,151.0,153.55,157495,2987335,12.92705,23234.5,23250.0,23100,ATM,CALL,23100,2026-06-11
2026-06-11 13:55:00+05:30,153.35,154.75,149.6,154.75,131040,2984995,12.965256,23236.0,23250.0,23100,ATM,CALL,23100,2026-06-11
2026-06-11 13:56:00+05:30,153.9,157.2,152.75,156.45,173095,2994615,12.915426,23240.3,23250.0,23100,ATM,CALL,23100,2026-06-11
2026-06-11 13:57:00+05:30,156.3,159.15,152.9,154.4,330265,3013010,12.779895,23239.3,23250.0,23100,ATM,CALL,23100,2026-06-11
2026-06-11 13:58:00+05:30,155.0,161.2,154.4,159.95,325130,3064815,12.860223,23248.05,23250.0,23100,ATM,CALL,23100,2026-06-11
2026-06-11 13:59:00+05:30,158.15,159.95,149.05,152.25,367380,3062995,12.885963,23233.0,23250.0,23100,ATM,CALL,23100,2026-06-11
2026-06-11 14:00:00+05:30,151.95,156.75,149.7,156.0,295620,3039595,12.88398,23240.2,23250.0,23100,ATM,CALL,23100,2026-06-11
2026-06-11 14:01:00+05:30,155.05,156.0,152.2,153.75,104780,3063645,12.888882,23235.85,23250.0,23100,ATM,CALL,23100,2026-06-11
2026-06-11 14:02:00+05:30,152.8,154.45,151.6,153.45,104975,3078790,13.006177,23232.8,23250.0,23100,ATM,CALL,23100,2026-06-11
2026-06-11 14:03:00+05:30,153.9,154.9,152.1,152.35,102310,3081910,12.746418,23236.25,23250.0,23100,ATM,CALL,23100,2026-06-11
2026-06-11 14:04:00+05:30,152.2,154.05,150.25,152.4,328185,3145675,12.747233,23236.35,23250.0,23100,ATM,CALL,23100,2026-06-11
2026-06-11 14:05:00+05:30,152.1,153.0,146.2,151.05,292695,3168490,12.819633,23232.25,23250.0,23100,ATM,CALL,23100,2026-06-11
2026-06-11 14:06:00+05:30,151.15,153.1,149.5,151.5,127400,3129555,12.833008,23232.85,23250.0,23100,ATM,CALL,23100,2026-06-11
2026-06-11 14:07:00+05:30,179.9,180.0,167.95,167.95,336765,5670470,12.530691,23220.0,23200.0,23100,ATM,CALL,23100,2026-06-11
2026-06-11 14:08:00+05:30,167.95,169.6,162.0,162.0,525005,5677945,12.495925,23210.05,23200.0,23100,ATM,CALL,23100,2026-06-11
2026-06-11 14:09:00+05:30,161.85,167.5,159.85,166.55,563290,5728905,12.781186,23212.6,23200.0,23100,ATM,CALL,23100,2026-06-11
2026-06-11 14:10:00+05:30,166.8,172.0,164.9,166.85,578630,5775510,12.708691,23214.6,23200.0,23100,ATM,CALL,23100,2026-06-11
2026-06-11 14:11:00+05:30,166.6,168.25,162.5,166.6,310765,5829980,12.762697,23213.1,23200.0,23100,ATM,CALL,23100,2026-06-11
2026-06-11 14:12:00+05:30,166.9,167.85,163.4,164.75,262925,5899205,12.731599,23210.4,23200.0,23100,ATM,CALL,23100,2026-06-11
2026-06-11 14:13:00+05:30,165.1,173.25,164.75,173.25,275080,5930145,12.851991,23223.25,23200.0,23100,ATM,CALL,23100,2026-06-11
2026-06-11 14:14:00+05:30,172.95,175.5,169.25,170.1,346645,5941715,12.743671,23219.8,23200.0,23100,ATM,CALL,23100,2026-06-11
2026-06-11 14:15:00+05:30,170.5,172.25,167.5,169.25,316355,5975710,12.901331,23215.2,23200.0,23100,ATM,CALL,23100,2026-06-11
2026-06-11 14:16:00+05:30,169.6,173.1,168.85,169.75,200005,5985915,12.892119,23216.3,23200.0,23100,ATM,CALL,23100,2026-06-11
2026-06-11 14:17:00+05:30,169.2,170.0,166.95,168.15,145405,5972395,12.851652,23214.25,23200.0,23100,ATM,CALL,23100,2026-06-11
2026-06-11 14:18:00+05:30,168.35,168.35,162.15,162.75,278395,5961670,12.676575,23208.0,23200.0,23100,ATM,CALL,23100,2026-06-11
2026-06-11 14:19:00+05:30,162.7,170.5,160.75,170.5,256490,5973955,12.938058,23216.8,23200.0,23100,ATM,CALL,23100,2026-06-11
2026-06-11 14:20:00+05:30,169.3,174.2,168.9,172.05,428610,6005350,12.763142,23223.0,23200.0,23100,ATM,CALL,23100,2026-06-11
2026-06-11 14:21:00+05:30,172.95,174.65,171.1,172.8,257790,6057480,12.999052,23219.75,23200.0,23100,ATM,CALL,23100,2026-06-11
2026-06-11 14:22:00+05:30,171.35,174.2,170.45,172.0,154765,6045390,12.914657,23220.0,23200.0,23100,ATM,CALL,23100,2026-06-11
2026-06-11 14:23:00+05:30,172.0,173.8,163.25,163.25,283725,6047405,12.664798,23209.25,23200.0,23100,ATM,CALL,23100,2026-06-11
2026-06-11 14:24:00+05:30,163.6,166.0,163.25,165.4,154895,6047080,13.002169,23206.4,23200.0,23100,ATM,CALL,23100,2026-06-11
2026-06-11 14:25:00+05:30,165.3,170.8,164.95,170.8,200005,6048770,12.984404,23216.55,23200.0,23100,ATM,CALL,23100,2026-06-11
2026-06-11 14:26:00+05:30,143.35,148.9,142.7,147.8,215020,3348475,12.883861,23225.05,23250.0,23100,ATM,CALL,23100,2026-06-11
2026-06-11 14:27:00+05:30,147.7,150.8,146.75,150.8,293930,3373890,13.094502,23226.35,23250.0,23100,ATM,CALL,23100,2026-06-11
2026-06-11 14:28:00+05:30,151.75,161.6,150.8,161.0,870870,3402425,12.816194,23251.55,23250.0,23100,ATM,CALL,23100,2026-06-11
2026-06-11 14:29:00+05:30,161.3,162.2,154.15,154.45,487565,3353870,12.729765,23241.15,23250.0,23100,ATM,CALL,23100,2026-06-11
2026-06-11 14:30:00+05:30,153.6,157.5,149.25,156.95,458185,3337165,12.749504,23245.45,23250.0,23100,ATM,CALL,23100,2026-06-11
2026-06-11 14:31:00+05:30,157.0,157.0,152.35,153.75,385385,3422380,12.718958,23240.1,23250.0,23100,ATM,CALL,23100,2026-06-11
2026-06-11 14:32:00+05:30,153.25,155.0,149.75,154.25,232245,3480750,12.604672,23243.45,23250.0,23100,ATM,CALL,23100,2026-06-11
2026-06-11 14:33:00+05:30,154.75,154.75,145.6,145.6,286780,3516110,12.508282,23229.05,23250.0,23100,ATM,CALL,23100,2026-06-11
2026-06-11 14:34:00+05:30,145.7,149.2,144.75,147.75,220935,3492775,12.579002,23231.7,23250.0,23100,ATM,CALL,23100,2026-06-11
2026-06-11 14:35:00+05:30,147.95,152.5,147.55,147.9,250445,3531645,12.332055,23237.25,23250.0,23100,ATM,CALL,23100,2026-06-11
2026-06-11 14:36:00+05:30,176.45,177.0,166.25,166.75,408720,6125015,12.792745,23213.3,23200.0,23100,ATM,CALL,23100,2026-06-11
2026-06-11 14:37:00+05:30,139.5,142.95,133.95,141.65,662155,3469505,12.296327,23226.05,23250.0,23100,ATM,CALL,23100,2026-06-11
2026-06-11 14:38:00+05:30,167.95,171.9,163.35,164.55,376220,6124755,12.335747,23218.4,23200.0,23100,ATM,CALL,23100,2026-06-11
2026-06-11 14:39:00+05:30,164.8,164.8,155.05,161.7,627185,6147960,12.143937,23217.1,23200.0,23100,ATM,CALL,23100,2026-06-11
2026-06-11 14:40:00+05:30,161.6,162.3,156.15,157.3,392665,6177535,12.193068,23208.25,23200.0,23100,ATM,CALL,23100,2026-06-11
2026-06-11 14:41:00+05:30,157.0,158.3,153.1,157.6,511290,6291935,11.941336,23213.8,23200.0,23100,ATM,CALL,23100,2026-06-11
2026-06-11 14:42:00+05:30,158.3,159.0,153.8,155.3,387595,6364670,11.892925,23210.65,23200.0,23100,ATM,CALL,23100,2026-06-11
2026-06-11 14:43:00+05:30,155.0,156.6,145.4,145.45,656240,6442540,11.664423,23197.3,23200.0,23100,ATM,CALL,23100,2026-06-11
2026-06-11 14:44:00+05:30,145.85,149.7,145.0,149.0,513695,6439225,11.844454,23200.2,23200.0,23100,ATM,CALL,23100,2026-06-11
2026-06-11 14:45:00+05:30,150.25,150.65,146.85,146.95,573040,6567535,11.804548,23197.25,23200.0,23100,ATM,CALL,23100,2026-06-11
2026-06-11 14:46:00+05:30,147.65,152.2,143.9,144.15,714285,6629805,11.807189,23192.0,23200.0,23100,ATM,CALL,23100,2026-06-11
2026-06-11 14:47:00+05:30,168.9,170.45,157.55,158.45,405015,1669850,11.885393,23167.1,23150.0,23100,ATM,CALL,23100,2026-06-11
2026-06-11 14:48:00+05:30,133.0,141.5,132.7,140.5,698360,6697535,12.033291,23180.35,23200.0,23100,ATM,CALL,23100,2026-06-11
2026-06-11 14:49:00+05:30,141.7,145.95,140.45,144.5,642005,6748105,11.78867,23193.1,23200.0,23100,ATM,CALL,23100,2026-06-11
2026-06-11 14:50:00+05:30,170.2,171.6,161.4,161.6,220285,1743690,11.883593,23172.75,23150.0,23100,ATM,CALL,23100,2026-06-11
2026-06-11 14:51:00+05:30,162.8,167.45,161.25,162.65,116025,1783730,11.998987,23172.4,23150.0,23100,ATM,CALL,23100,2026-06-11
2026-06-11 14:52:00+05:30,162.5,164.45,159.85,160.45,119210,1812330,11.866335,23171.1,23150.0,23100,ATM,CALL,23100,2026-06-11
2026-06-11 14:53:00+05:30,161.0,164.25,160.35,163.7,95615,1834495,12.01365,23174.0,23150.0,23100,ATM,CALL,23100,2026-06-11
2026-06-11 14:54:00+05:30,163.05,163.7,160.1,161.85,148395,1873885,11.96527,23171.7,23150.0,23100,ATM,CALL,23100,2026-06-11
2026-06-11 14:55:00+05:30,161.85,164.2,160.4,162.65,149955,1870115,11.992642,23172.6,23150.0,23100,ATM,CALL,23100,2026-06-11
2026-06-11 14:56:00+05:30,162.8,163.5,159.45,159.85,145405,1909115,11.854451,23170.35,23150.0,23100,ATM,CALL,23100,2026-06-11
2026-06-11 14:57:00+05:30,159.65,161.55,156.0,159.45,258570,1934595,12.033071,23166.2,23150.0,23100,ATM,CALL,23100,2026-06-11
2026-06-11 14:58:00+05:30,159.0,161.35,159.0,160.85,148850,1921920,11.836051,23172.5,23150.0,23100,ATM,CALL,23100,2026-06-11
2026-06-11 14:59:00+05:30,136.35,138.4,132.0,136.85,547170,7487090,11.868936,23177.05,23200.0,23100,ATM,CALL,23100,2026-06-11
2026-06-11 15:00:00+05:30,163.1,173.9,153.5,153.5,637650,1900210,12.110219,23154.0,23150.0,23100,ATM,CALL,23100,2026-06-11
2026-06-11 15:01:00+05:30,153.25,154.9,148.8,152.65,428220,1944150,12.076205,23153.15,23150.0,23100,ATM,CALL,23100,2026-06-11
2026-06-11 15:02:00+05:30,152.25,154.55,145.9,153.15,502060,1972100,11.839995,23158.8,23150.0,23100,ATM,CALL,23100,2026-06-11
2026-06-11 15:03:00+05:30,153.2,153.8,149.05,152.7,219310,2035475,11.827736,23158.25,23150.0,23100,ATM,CALL,23100,2026-06-11
2026-06-11 15:04:00+05:30,152.65,153.7,149.8,150.55,191295,2065635,12.288932,23145.0,23150.0,23100,ATM,CALL,23100,2026-06-11
2026-06-11 15:05:00+05:30,149.85,150.65,145.7,149.7,371800,2117180,12.088411,23147.55,23150.0,23100,ATM,CALL,23100,2026-06-11
2026-06-11 15:06:00+05:30,150.0,150.85,145.05,145.35,310115,2163850,12.092494,23139.35,23150.0,23100,ATM,CALL,23100,2026-06-11
2026-06-11 15:07:00+05:30,144.75,150.95,144.0,150.95,274040,2234180,12.176976,23148.1,23150.0,23100,ATM,CALL,23100,2026-06-11
2026-06-11 15:08:00+05:30,151.3,153.45,149.7,150.05,303940,2210325,12.661315,23136.4,23150.0,23100,ATM,CALL,23100,2026-06-11
2026-06-11 15:09:00+05:30,149.65,154.75,149.65,153.4,230100,2176915,12.608389,23143.85,23150.0,23100,ATM,CALL,23100,2026-06-11
2026-06-11 15:10:00+05:30,153.6,159.9,153.4,159.7,336310,2149745,12.795421,23151.75,23150.0,23100,ATM,CALL,23100,2026-06-11
2026-06-11 15:11:00+05:30,160.3,162.4,156.5,156.7,384670,2178410,12.897696,23144.1,23150.0,23100,ATM,CALL,23100,2026-06-11
2026-06-11 15:12:00+05:30,156.75,161.85,155.0,161.2,317005,2188875,12.943678,23151.55,23150.0,23100,ATM,CALL,23100,2026-06-11
2026-06-11 15:13:00+05:30,160.9,165.2,160.5,164.95,359970,2103270,12.772712,23161.85,23150.0,23100,ATM,CALL,23100,2026-06-11
2026-06-11 15:14:00+05:30,165.15,166.5,162.2,162.6,306735,2086370,12.358724,23165.8,23150.0,23100,ATM,CALL,23100,2026-06-11
2026-06-11 15:15:00+05:30,162.85,164.0,155.7,162.7,386490,2008890,12.338196,23166.4,23150.0,23100,ATM,CALL,23100,2026-06-11
2026-06-11 15:16:00+05:30,137.1,144.8,136.8,143.9,836160,7119840,12.359205,23180.55,23200.0,23100,ATM,CALL,23100,2026-06-11
2026-06-11 15:17:00+05:30,144.05,146.0,143.1,144.75,672295,7031440,12.37363,23181.9,23200.0,23100,ATM,CALL,23100,2026-06-11
2026-06-11 15:18:00+05:30,144.9,145.95,141.45,141.75,664755,6988800,12.138755,23181.15,23200.0,23100,ATM,CALL,23100,2026-06-11
2026-06-11 15:19:00+05:30,167.1,168.2,162.9,164.15,233220,1830725,12.18595,23172.0,23150.0,23100,ATM,CALL,23100,2026-06-11
2026-06-11 15:20:00+05:30,139.45,142.0,138.95,140.6,408135,6828250,12.174999,23178.2,23200.0,23100,ATM,CALL,23100,2026-06-11
2026-06-11 15:21:00+05:30,140.6,143.95,140.2,140.35,355030,6772805,12.225629,23176.65,23200.0,23100,ATM,CALL,23100,2026-06-11
2026-06-11 15:22:00+05:30,164.6,167.55,163.8,164.45,156195,1807585,12.32545,23169.9,23150.0,23100,ATM,CALL,23100,2026-06-11
2026-06-11 15:23:00+05:30,163.65,167.5,161.65,167.0,161395,1805895,12.508252,23170.9,23150.0,23100,ATM,CALL,23100,2026-06-11
2026-06-11 15:24:00+05:30,166.65,168.55,165.75,167.95,114075,1797965,12.456188,23173.6,23150.0,23100,ATM,CALL,23100,2026-06-11
2026-06-11 15:25:00+05:30,167.2,173.95,167.2,173.95,268710,1779895,12.965579,23174.4,23150.0,23100,ATM,CALL,23100,2026-06-11
2026-06-11 15:26:00+05:30,147.6,151.05,144.6,149.9,861900,6745830,13.096323,23176.6,23200.0,23100,ATM,CALL,23100,2026-06-11
2026-06-11 15:27:00+05:30,149.5,150.55,148.6,149.65,465855,6712030,12.958317,23179.1,23200.0,23100,ATM,CALL,23100,2026-06-11
2026-06-11 15:28:00+05:30,149.7,150.35,148.0,149.85,604695,6688435,12.933028,23180.05,23200.0,23100,ATM,CALL,23100,2026-06-11
2026-06-11 15:29:00+05:30,149.45,152.55,149.35,151.65,833690,6538545,12.790255,23186.55,23200.0,23100,ATM,CALL,23100,2026-06-11
2026-06-11 09:15:00+05:30,153.0,160.85,147.55,158.8,2148185,2595125,15.732258,23104.4,23100.0,23100,ATM,PUT,23100,2026-06-11
2026-06-11 09:16:00+05:30,160.45,171.3,158.8,170.45,1946945,2923115,15.84301,23082.3,23100.0,23100,ATM,PUT,23100,2026-06-11
2026-06-11 09:17:00+05:30,171.35,179.25,169.0,169.0,2008175,3265340,16.163199,23092.9,23100.0,23100,ATM,PUT,23100,2026-06-11
2026-06-11 09:18:00+05:30,169.6,169.6,160.7,163.4,1288430,3441360,15.966454,23100.1,23100.0,23100,ATM,PUT,23100,2026-06-11
2026-06-11 09:19:00+05:30,163.7,163.7,156.4,157.95,931190,3714555,16.125119,23115.85,23100.0,23100,ATM,PUT,23100,2026-06-11
2026-06-11 09:20:00+05:30,182.5,187.35,173.55,174.55,419640,1384500,16.020007,23128.6,23150.0,23100,ATM,PUT,23100,2026-06-11
2026-06-11 09:21:00+05:30,174.8,174.8,166.3,168.45,451685,1416480,16.067252,23142.45,23150.0,23100,ATM,PUT,23100,2026-06-11
2026-06-11 09:22:00+05:30,167.9,173.1,165.05,168.7,479570,1562535,16.109046,23142.9,23150.0,23100,ATM,PUT,23100,2026-06-11
2026-06-11 09:23:00+05:30,167.4,172.35,165.2,171.75,331370,1728480,16.058024,23135.25,23150.0,23100,ATM,PUT,23100,2026-06-11
2026-06-11 09:24:00+05:30,147.7,156.3,146.2,154.5,1355835,5294185,15.860003,23116.8,23100.0,23100,ATM,PUT,23100,2026-06-11
2026-06-11 09:25:00+05:30,156.1,157.25,153.2,155.65,1070940,5220605,15.647995,23109.0,23100.0,23100,ATM,PUT,23100,2026-06-11
2026-06-11 09:26:00+05:30,156.55,159.35,153.85,155.9,988910,5381415,15.609964,23107.5,23100.0,23100,ATM,PUT,23100,2026-06-11
2026-06-11 09:27:00+05:30,156.55,164.35,154.0,159.8,1373385,5441735,15.70961,23101.45,23100.0,23100,ATM,PUT,23100,2026-06-11
2026-06-11 09:28:00+05:30,159.3,159.8,151.8,152.45,793585,5507775,15.712559,23117.6,23100.0,23100,ATM,PUT,23100,2026-06-11
2026-06-11 09:29:00+05:30,151.85,153.65,147.7,150.3,787605,5520125,15.69321,23121.9,23100.0,23100,ATM,PUT,23100,2026-06-11
2026-06-11 09:30:00+05:30,151.15,160.25,150.3,159.4,838565,5602740,16.04093,23110.35,23100.0,23100,ATM,PUT,23100,2026-06-11
2026-06-11 09:31:00+05:30,158.7,162.5,153.8,153.95,862485,5724095,15.82074,23116.9,23100.0,23100,ATM,PUT,23100,2026-06-11
2026-06-11 09:32:00+05:30,151.6,155.75,148.4,155.75,661960,5818410,15.863259,23113.95,23100.0,23100,ATM,PUT,23100,2026-06-11
2026-06-11 09:33:00+05:30,155.7,163.7,155.5,162.85,1168245,5961540,15.991957,23101.6,23100.0,23100,ATM,PUT,23100,2026-06-11
2026-06-11 09:34:00+05:30,162.9,162.9,155.75,157.4,681200,6040320,15.837631,23109.65,23100.0,23100,ATM,PUT,23100,2026-06-11
2026-06-11 09:35:00+05:30,158.1,166.0,157.4,165.9,1059240,6103825,16.072023,23096.95,23100.0,23100,ATM,PUT,23100,2026-06-11
2026-06-11 09:36:00+05:30,165.05,165.9,155.9,155.9,846105,6048055,15.815216,23112.35,23100.0,23100,ATM,PUT,23100,2026-06-11
2026-06-11 09:37:00+05:30,156.05,156.95,150.7,152.8,630565,6105970,15.821278,23119.35,23100.0,23100,ATM,PUT,23100,2026-06-11
2026-06-11 09:38:00+05:30,177.05,178.25,169.35,171.6,356655,2116270,15.831383,23129.95,23150.0,23100,ATM,PUT,23100,2026-06-11
2026-06-11 09:39:00+05:30,171.1,171.6,166.0,168.55,350285,2179450,15.66447,23132.35,23150.0,23100,ATM,PUT,23100,2026-06-11
2026-06-11 09:40:00+05:30,143.95,150.75,143.85,150.75,775970,6484985,15.656647,23119.75,23100.0,23100,ATM,PUT,23100,2026-06-11
2026-06-11 09:41:00+05:30,150.4,151.8,148.0,149.35,511225,6657495,15.556336,23120.35,23100.0,23100,ATM,PUT,23100,2026-06-11
2026-06-11 09:42:00+05:30,150.2,152.75,147.25,149.85,409955,6721065,15.587851,23120.0,23100.0,23100,ATM,PUT,23100,2026-06-11
2026-06-11 09:43:00+05:30,175.3,176.0,162.2,162.5,543465,2391025,15.509625,23141.3,23150.0,23100,ATM,PUT,23100,2026-06-11
2026-06-11 09:44:00+05:30,162.6,162.9,159.3,161.3,446745,2428660,15.527316,23144.25,23150.0,23100,ATM,PUT,23100,2026-06-11
2026-06-11 09:45:00+05:30,161.5,165.8,157.65,160.25,592475,2517385,15.493245,23145.65,23150.0,23100,ATM,PUT,23100,2026-06-11
2026-06-11 09:46:00+05:30,159.85,162.95,156.15,157.8,349570,2643940,15.639755,23154.45,23150.0,23100,ATM,PUT,23100,2026-06-11
2026-06-11 09:47:00+05:30,157.55,162.65,157.55,162.2,350805,2741050,15.835951,23149.7,23150.0,23100,ATM,PUT,23100,2026-06-11
2026-06-11 09:48:00+05:30,162.15,166.9,160.5,166.9,360490,2763150,15.912372,23141.5,23150.0,23100,ATM,PUT,23100,2026-06-11
2026-06-11 09:49:00+05:30,166.0,166.9,159.2,159.9,269165,2835170,15.78165,23153.3,23150.0,23100,ATM,PUT,23100,2026-06-11
2026-06-11 09:50:00+05:30,159.25,164.0,151.95,152.5,527735,2898740,15.515097,23162.9,23150.0,23100,ATM,PUT,23100,2026-06-11
2026-06-11 09:51:00+05:30,154.55,155.6,150.3,152.1,476710,2905110,15.665235,23167.5,23150.0,23100,ATM,PUT,23100,2026-06-11
2026-06-11 09:52:00+05:30,152.7,156.5,151.3,152.6,315965,3052465,15.842552,23170.8,23150.0,23100,ATM,PUT,23100,2026-06-11
2026-06-11 09:53:00+05:30,151.85,154.3,150.0,151.3,271050,3154840,15.787107,23172.3,23150.0,23100,ATM,PUT,23100,2026-06-11
2026-06-11 09:54:00+05:30,151.35,159.75,151.3,159.35,401375,3248765,15.697783,23152.35,23150.0,23100,ATM,PUT,23100,2026-06-11
2026-06-11 09:55:00+05:30,158.0,164.55,158.0,163.5,806260,3270215,15.631037,23141.85,23150.0,23100,ATM,PUT,23100,2026-06-11
2026-06-11 09:56:00+05:30,162.75,165.15,158.2,165.15,342940,3385005,15.721622,23140.5,23150.0,23100,ATM,PUT,23100,2026-06-11
2026-06-11 09:57:00+05:30,165.5,169.9,164.15,168.8,630240,3365050,15.649891,23131.15,23150.0,23100,ATM,PUT,23100,2026-06-11
2026-06-11 09:58:00+05:30,144.8,150.7,144.35,150.5,1309620,7911020,15.446163,23114.7,23100.0,23100,ATM,PUT,23100,2026-06-11
2026-06-11 09:59:00+05:30,149.45,152.0,146.5,150.45,1151995,7707505,15.559172,23117.6,23100.0,23100,ATM,PUT,23100,2026-06-11
2026-06-11 10:00:00+05:30,174.85,175.45,167.15,168.25,407810,3107520,15.562863,23130.2,23150.0,23100,ATM,PUT,23100,2026-06-11
2026-06-11 10:01:00+05:30,166.55,168.6,164.25,167.0,324805,3111875,15.551067,23132.5,23150.0,23100,ATM,PUT,23100,2026-06-11
2026-06-11 10:02:00+05:30,142.5,148.15,142.5,146.85,483665,7713095,15.451217,23122.9,23100.0,23100,ATM,PUT,23100,2026-06-11
2026-06-11 10:03:00+05:30,146.9,150.9,142.1,148.9,582920,7830875,15.553881,23120.85,23100.0,23100,ATM,PUT,23100,2026-06-11
2026-06-11 10:04:00+05:30,148.7,153.95,147.0,153.95,847925,7901465,15.50962,23108.55,23100.0,23100,ATM,PUT,23100,2026-06-11
2026-06-11 10:05:00+05:30,153.65,155.9,150.1,150.5,1244750,7718815,15.34466,23112.05,23100.0,23100,ATM,PUT,23100,2026-06-11
2026-06-11 10:06:00+05:30,175.95,177.25,162.45,163.7,682175,3084835,15.466016,23137.3,23150.0,23100,ATM,PUT,23100,2026-06-11
2026-06-11 10:07:00+05:30,164.6,166.65,156.4,157.7,453765,2933125,15.373545,23147.8,23150.0,23100,ATM,PUT,23100,2026-06-11
2026-06-11 10:08:00+05:30,157.7,159.65,151.85,152.7,468325,2869555,15.303825,23156.9,23150.0,23100,ATM,PUT,23100,2026-06-11
2026-06-11 10:09:00+05:30,152.45,154.75,149.4,154.5,449215,2938975,15.466966,23156.95,23150.0,23100,ATM,PUT,23100,2026-06-11
2026-06-11 10:10:00+05:30,155.0,155.75,149.9,152.5,400595,3075020,15.344654,23158.3,23150.0,23100,ATM,PUT,23100,2026-06-11
2026-06-11 10:11:00+05:30,151.65,152.95,148.8,149.35,282685,3162835,15.25515,23163.0,23150.0,23100,ATM,PUT,23100,2026-06-11
2026-06-11 10:12:00+05:30,149.5,154.9,148.95,153.8,226980,3236480,15.394772,23156.65,23150.0,23100,ATM,PUT,23100,2026-06-11
2026-06-11 10:13:00+05:30,154.0,154.4,151.15,151.7,204815,3282955,15.334709,23159.75,23150.0,23100,ATM,PUT,23100,2026-06-11
2026-06-11 10:14:00+05:30,152.1,158.55,150.35,156.85,409695,3338335,15.291048,23147.5,23150.0,23100,ATM,PUT,23100,2026-06-11
2026-06-11 10:15:00+05:30,156.9,157.15,151.0,151.75,326170,3379025,15.265503,23157.9,23150.0,23100,ATM,PUT,23100,2026-06-11
2026-06-11 10:16:00+05:30,150.0,151.75,146.6,149.5,522665,3425695,15.351095,23164.95,23150.0,23100,ATM,PUT,23100,2026-06-11
2026-06-11 10:17:00+05:30,149.35,150.0,145.3,146.25,288925,3510650,15.229983,23169.15,23150.0,23100,ATM,PUT,23100,2026-06-11
2026-06-11 10:18:00+05:30,146.5,149.9,143.55,144.7,336700,3552900,15.245366,23173.0,23150.0,23100,ATM,PUT,23100,2026-06-11
2026-06-11 10:19:00+05:30,169.0,169.4,163.75,163.75,479180,5606055,15.274715,23183.15,23200.0,23100,ATM,PUT,23100,2026-06-11
2026-06-11 10:20:00+05:30,163.1,166.6,160.8,160.8,588510,5677555,15.314021,23190.25,23200.0,23100,ATM,PUT,23100,2026-06-11
2026-06-11 10:21:00+05:30,162.2,168.0,160.8,167.85,542100,5832710,15.597144,23182.15,23200.0,23100,ATM,PUT,23100,2026-06-11
2026-06-11 10:22:00+05:30,167.4,169.7,166.35,168.25,454480,5920785,15.537252,23179.9,23200.0,23100,ATM,PUT,23100,2026-06-11
2026-06-11 10:23:00+05:30,168.25,169.1,165.55,167.85,253890,6026410,15.573146,23181.55,23200.0,23100,ATM,PUT,23100,2026-06-11
2026-06-11 10:24:00+05:30,168.15,170.25,167.0,169.3,312130,6045910,15.625508,23179.75,23200.0,23100,ATM,PUT,23100,2026-06-11
2026-06-11 10:25:00+05:30,168.9,170.5,168.4,169.6,252590,6118970,15.635765,23179.35,23200.0,23100,ATM,PUT,23100,2026-06-11
2026-06-11 10:26:00+05:30,168.6,169.6,161.35,161.95,399685,6171490,15.542376,23193.15,23200.0,23100,ATM,PUT,23100,2026-06-11
2026-06-11 10:27:00+05:30,162.75,162.75,154.25,154.5,1022385,6192810,15.47764,23207.6,23200.0,23100,ATM,PUT,23100,2026-06-11
2026-06-11 10:28:00+05:30,155.65,161.75,154.0,159.95,680745,6324240,15.626337,23199.4,23200.0,23100,ATM,PUT,23100,2026-06-11
2026-06-11 10:29:00+05:30,159.75,160.8,157.25,159.6,280540,6466785,15.600186,23199.5,23200.0,23100,ATM,PUT,23100,2026-06-11
2026-06-11 10:30:00+05:30,159.15,166.55,156.7,165.0,631150,6564350,15.637849,23188.9,23200.0,23100,ATM,PUT,23100,2026-06-11
2026-06-11 10:31:00+05:30,165.8,166.45,158.4,159.3,550355,6633705,15.560669,23199.15,23200.0,23100,ATM,PUT,23100,2026-06-11
2026-06-11 10:32:00+05:30,159.65,161.3,155.55,157.15,363415,6675240,15.570213,23204.0,23200.0,23100,ATM,PUT,23100,2026-06-11
2026-06-11 10:33:00+05:30,158.05,162.4,157.15,158.8,290875,6737575,15.509569,23198.95,23200.0,23100,ATM,PUT,23100,2026-06-11
2026-06-11 10:34:00+05:30,159.75,161.15,158.8,160.3,157235,6783790,15.720205,23200.8,23200.0,23100,ATM,PUT,23100,2026-06-11
2026-06-11 10:35:00+05:30,160.1,160.4,156.15,160.1,307840,6863610,15.728011,23201.4,23200.0,23100,ATM,PUT,23100,2026-06-11
2026-06-11 10:36:00+05:30,160.1,164.85,160.1,162.8,507260,6951230,15.753264,23196.2,23200.0,23100,ATM,PUT,23100,2026-06-11
2026-06-11 10:37:00+05:30,162.7,165.65,160.85,164.2,261560,7008560,15.698696,23191.9,23200.0,23100,ATM,PUT,23100,2026-06-11
2026-06-11 10:38:00+05:30,162.1,164.2,160.45,160.6,262405,6998160,15.679832,23199.1,23200.0,23100,ATM,PUT,23100,2026-06-11
2026-06-11 10:39:00+05:30,160.2,161.0,155.7,156.95,375765,7033650,15.699339,23207.45,23200.0,23100,ATM,PUT,23100,2026-06-11
2026-06-11 10:40:00+05:30,157.1,159.25,154.55,155.3,431275,7087600,15.754434,23212.4,23200.0,23100,ATM,PUT,23100,2026-06-11
2026-06-11 10:41:00+05:30,155.1,161.45,154.75,161.1,432315,7147335,15.906377,23203.45,23200.0,23100,ATM,PUT,23100,2026-06-11
2026-06-11 10:42:00+05:30,159.75,162.2,158.55,159.3,516555,7221630,15.845575,23205.85,23200.0,23100,ATM,PUT,23100,2026-06-11
2026-06-11 10:43:00+05:30,158.7,161.5,157.5,161.0,224965,7328100,15.843526,23202.1,23200.0,23100,ATM,PUT,23100,2026-06-11
2026-06-11 10:44:00+05:30,161.0,163.7,159.1,159.65,368615,7362550,15.837378,23204.85,23200.0,23100,ATM,PUT,23100,2026-06-11
2026-06-11 10:45:00+05:30,159.4,164.4,158.85,158.85,435435,7446660,15.75673,23204.6,23200.0,23100,ATM,PUT,23100,2026-06-11
2026-06-11 10:46:00+05:30,159.8,160.25,155.9,159.4,342810,7502950,15.888521,23206.6,23200.0,23100,ATM,PUT,23100,2026-06-11
2026-06-11 10:47:00+05:30,159.5,160.65,157.0,157.05,201695,7541170,15.833015,23210.35,23200.0,23100,ATM,PUT,23100,2026-06-11
2026-06-11 10:48:00+05:30,157.15,162.15,156.0,160.05,308620,7579195,15.911191,23205.7,23200.0,23100,ATM,PUT,23100,2026-06-11
2026-06-11 10:49:00+05:30,159.55,164.8,159.15,164.8,303095,7633015,15.839402,23193.75,23200.0,23100,ATM,PUT,23100,2026-06-11
2026-06-11 10:50:00+05:30,164.85,167.7,164.0,166.75,853580,7669675,15.703766,23186.4,23200.0,23100,ATM,PUT,23100,2026-06-11
2026-06-11 10:51:00+05:30,166.5,166.75,160.9,164.45,537030,7713095,15.652416,23190.0,23200.0,23100,ATM,PUT,23100,2026-06-11
2026-06-11 10:52:00+05:30,164.2,165.7,161.85,165.1,266435,7739875,15.628675,23188.05,23200.0,23100,ATM,PUT,23100,2026-06-11
2026-06-11 10:53:00+05:30,141.85,146.45,141.5,145.05,528840,4704765,15.380106,23174.9,23150.0,23100,ATM,PUT,23100,2026-06-11
2026-06-11 10:54:00+05:30,145.9,147.4,144.6,145.4,466635,4698590,15.40438,23174.7,23150.0,23100,ATM,PUT,23100,2026-06-11
2026-06-11 10:55:00+05:30,146.1,148.2,144.8,145.8,403000,4699110,15.381482,23173.2,23150.0,23100,ATM,PUT,23100,2026-06-11
2026-06-11 10:56:00+05:30,169.55,171.0,166.5,167.6,411775,7563335,15.502501,23179.8,23200.0,23100,ATM,PUT,23100,2026-06-11
2026-06-11 10:57:00+05:30,167.85,170.5,166.85,169.0,230620,7510425,15.520086,23177.3,23200.0,23100,ATM,PUT,23100,2026-06-11
2026-06-11 10:58:00+05:30,169.55,171.8,166.9,170.1,222690,7542860,15.547318,23175.65,23200.0,23100,ATM,PUT,23100,2026-06-11
2026-06-11 10:59:00+05:30,170.6,172.3,166.65,166.8,409305,7591610,15.293879,23176.55,23200.0,23100,ATM,PUT,23100,2026-06-11
2026-06-11 11:00:00+05:30,143.8,147.95,141.0,147.95,327860,4687735,15.428561,23169.45,23150.0,23100,ATM,PUT,23100,2026-06-11
2026-06-11 11:01:00+05:30,147.2,149.5,145.3,149.05,511420,4730050,15.435579,23167.15,23150.0,23100,ATM,PUT,23100,2026-06-11
2026-06-11 11:02:00+05:30,148.65,149.8,146.05,147.35,496015,4743960,15.314252,23167.9,23150.0,23100,ATM,PUT,23100,2026-06-11
2026-06-11 11:03:00+05:30,172.65,173.4,165.6,166.05,434850,7640165,15.398263,23180.45,23200.0,23100,ATM,PUT,23100,2026-06-11
2026-06-11 11:04:00+05:30,165.05,167.0,162.25,165.0,609765,7437885,15.35501,23181.6,23200.0,23100,ATM,PUT,23100,2026-06-11
2026-06-11 11:05:00+05:30,164.85,165.0,154.95,155.6,887120,7337785,15.285651,23199.8,23200.0,23100,ATM,PUT,23100,2026-06-11
2026-06-11 11:06:00+05:30,155.25,160.4,153.65,154.6,549315,7292870,15.378798,23204.2,23200.0,23100,ATM,PUT,23100,2026-06-11
2026-06-11 11:07:00+05:30,154.55,161.55,152.25,161.55,636675,7269730,15.409569,23190.05,23200.0,23100,ATM,PUT,23100,2026-06-11
2026-06-11 11:08:00+05:30,161.55,162.1,156.25,158.7,388505,7386535,15.356121,23194.8,23200.0,23100,ATM,PUT,23100,2026-06-11
2026-06-11 11:09:00+05:30,160.05,165.6,158.55,160.05,403715,7411040,15.424789,23193.55,23200.0,23100,ATM,PUT,23100,2026-06-11
2026-06-11 11:10:00+05:30,159.85,163.25,159.35,159.55,295555,7478510,15.295042,23191.5,23200.0,23100,ATM,PUT,23100,2026-06-11
2026-06-11 11:11:00+05:30,159.9,162.25,158.3,161.45,299715,7489950,15.368001,23189.2,23200.0,23100,ATM,PUT,23100,2026-06-11
2026-06-11 11:12:00+05:30,160.9,163.95,160.4,162.0,208130,7507825,15.324637,23187.0,23200.0,23100,ATM,PUT,23100,2026-06-11
2026-06-11 11:13:00+05:30,162.2,163.4,159.55,162.9,220545,7539285,15.331173,23185.25,23200.0,23100,ATM,PUT,23100,2026-06-11
2026-06-11 11:14:00+05:30,161.6,164.9,159.55,163.0,259740,7537530,15.253485,23183.2,23200.0,23100,ATM,PUT,23100,2026-06-11
2026-06-11 11:15:00+05:30,162.95,164.75,160.25,160.3,279175,7591415,15.228683,23188.25,23200.0,23100,ATM,PUT,23100,2026-06-11
2026-06-11 11:16:00+05:30,161.5,163.05,160.0,160.35,185575,7581210,15.284638,23189.45,23200.0,23100,ATM,PUT,23100,2026-06-11
2026-06-11 11:17:00+05:30,160.4,163.3,157.7,158.95,312975,7529990,15.350008,23193.95,23200.0,23100,ATM,PUT,23100,2026-06-11
2026-06-11 11:18:00+05:30,159.0,160.05,152.25,153.75,480480,7541495,15.351633,23205.15,23200.0,23100,ATM,PUT,23100,2026-06-11
2026-06-11 11:19:00+05:30,152.75,155.55,150.9,154.85,528775,7532070,15.380688,23203.45,23200.0,23100,ATM,PUT,23100,2026-06-11
2026-06-11 11:20:00+05:30,155.55,156.9,149.8,149.8,519610,7624045,15.30219,23212.55,23200.0,23100,ATM,PUT,23100,2026-06-11
2026-06-11 11:21:00+05:30,149.95,150.75,146.0,146.7,764660,7578935,15.337381,23220.3,23200.0,23100,ATM,PUT,23100,2026-06-11
2026-06-11 11:22:00+05:30,146.75,150.55,146.55,149.9,495755,7677995,15.375442,23214.1,23200.0,23100,ATM,PUT,23100,2026-06-11
2026-06-11 11:23:00+05:30,150.5,151.7,147.05,151.15,360230,7773285,15.445537,23213.05,23200.0,23100,ATM,PUT,23100,2026-06-11
2026-06-11 11:24:00+05:30,150.95,152.0,148.0,148.8,453375,7905885,15.455786,23218.5,23200.0,23100,ATM,PUT,23100,2026-06-11
2026-06-11 11:25:00+05:30,148.2,149.5,146.15,148.9,362570,8006505,15.357003,23215.8,23200.0,23100,ATM,PUT,23100,2026-06-11
2026-06-11 11:26:00+05:30,173.35,173.65,165.8,165.8,327665,1942395,15.280689,23228.5,23250.0,23100,ATM,PUT,23100,2026-06-11
2026-06-11 11:27:00+05:30,165.1,165.8,161.25,161.5,321035,2012790,15.139175,23234.1,23250.0,23100,ATM,PUT,23100,2026-06-11
2026-06-11 11:28:00+05:30,161.3,162.65,159.2,161.0,268645,2117245,15.178393,23236.05,23250.0,23100,ATM,PUT,23100,2026-06-11
2026-06-11 11:29:00+05:30,161.35,165.45,160.55,160.55,480285,2442700,15.113723,23235.45,23250.0,23100,ATM,PUT,23100,2026-06-11
2026-06-11 11:30:00+05:30,160.95,163.15,157.9,163.15,374595,2561520,15.377407,23236.2,23250.0,23100,ATM,PUT,23100,2026-06-11
2026-06-11 11:31:00+05:30,161.95,166.85,160.6,165.2,359125,2640885,15.136481,23226.3,23250.0,23100,ATM,PUT,23100,2026-06-11
2026-06-11 11:32:00+05:30,165.05,167.95,164.55,166.15,220155,2672475,15.215169,23226.15,23250.0,23100,ATM,PUT,23100,2026-06-11
2026-06-11 11:33:00+05:30,166.0,166.15,161.35,163.3,153725,2697240,15.280414,23233.55,23250.0,23100,ATM,PUT,23100,2026-06-11
2026-06-11 11:34:00+05:30,163.8,168.35,163.3,168.35,142805,2714660,15.420837,23226.35,23250.0,23100,ATM,PUT,23100,2026-06-11
2026-06-11 11:35:00+05:30,167.65,169.7,163.85,163.85,197600,2735720,15.364979,23234.35,23250.0,23100,ATM,PUT,23100,2026-06-11
2026-06-11 11:36:00+05:30,141.05,146.45,140.5,145.75,368615,8671715,15.318247,23221.65,23200.0,23100,ATM,PUT,23100,2026-06-11
2026-06-11 11:37:00+05:30,144.45,146.2,144.1,145.85,295230,8730605,15.183997,23218.05,23200.0,23100,ATM,PUT,23100,2026-06-11
2026-06-11 11:38:00+05:30,146.5,148.8,145.45,148.8,519025,8723780,15.338389,23215.3,23200.0,23100,ATM,PUT,23100,2026-06-11
2026-06-11 11:39:00+05:30,148.9,149.7,144.6,145.15,536965,8647275,15.318653,23222.95,23200.0,23100,ATM,PUT,23100,2026-06-11
2026-06-11 11:40:00+05:30,145.2,146.8,143.35,145.85,348725,8650265,15.386257,23223.05,23200.0,23100,ATM,PUT,23100,2026-06-11
2026-06-11 11:41:00+05:30,169.85,171.25,165.15,165.45,112060,2683460,15.338833,23230.3,23250.0,23100,ATM,PUT,23100,2026-06-11
2026-06-11 11:42:00+05:30,165.4,166.75,156.3,157.2,333060,2660385,15.211483,23244.6,23250.0,23100,ATM,PUT,23100,2026-06-11
2026-06-11 11:43:00+05:30,157.95,161.65,157.2,161.0,237965,2721745,15.422635,23241.55,23250.0,23100,ATM,PUT,23100,2026-06-11
2026-06-11 11:44:00+05:30,160.9,161.4,153.55,153.8,288535,2854410,15.287448,23253.7,23250.0,23100,ATM,PUT,23100,2026-06-11
2026-06-11 11:45:00+05:30,153.4,156.0,151.9,153.95,457470,2971540,15.316017,23254.05,23250.0,23100,ATM,PUT,23100,2026-06-11
2026-06-11 11:46:00+05:30,155.15,156.0,153.3,153.6,156195,3021720,15.43928,23257.8,23250.0,23100,ATM,PUT,23100,2026-06-11
2026-06-11 11:47:00+05:30,153.15,155.2,146.15,146.15,419575,3103425,15.235179,23269.2,23250.0,23100,ATM,PUT,23100,2026-06-11
2026-06-11 11:48:00+05:30,145.3,151.5,145.25,148.6,363415,3193515,15.421178,23268.35,23250.0,23100,ATM,PUT,23100,2026-06-11
2026-06-11 11:49:00+05:30,148.95,152.4,148.6,150.9,263770,3287310,15.500993,23265.2,23250.0,23100,ATM,PUT,23100,2026-06-11
2026-06-11 11:50:00+05:30,150.7,150.9,147.3,148.0,279825,3386305,15.586705,23273.8,23250.0,23100,ATM,PUT,23100,2026-06-11
2026-06-11 11:51:00+05:30,147.45,149.9,146.55,149.35,186680,3425955,15.51279,23268.9,23250.0,23100,ATM,PUT,23100,2026-06-11
2026-06-11 11:52:00+05:30,149.55,151.75,148.15,148.35,271635,3547115,15.472152,23270.1,23250.0,23100,ATM,PUT,23100,2026-06-11
2026-06-11 11:53:00+05:30,148.8,149.6,147.0,147.45,155740,3611790,15.551825,23274.1,23250.0,23100,ATM,PUT,23100,2026-06-11
2026-06-11 11:54:00+05:30,147.55,148.8,144.9,148.0,276185,3643835,15.556188,23272.95,23250.0,23100,ATM,PUT,23100,2026-06-11
2026-06-11 11:55:00+05:30,147.25,148.4,145.75,148.25,136825,3708510,15.613247,23273.8,23250.0,23100,ATM,PUT,23100,2026-06-11
2026-06-11 11:56:00+05:30,172.25,173.75,162.8,164.0,671515,5663970,15.405635,23285.3,23300.0,23100,ATM,PUT,23100,2026-06-11
2026-06-11 11:57:00+05:30,164.2,166.65,163.6,164.6,386360,5805735,15.444859,23284.95,23300.0,23100,ATM,PUT,23100,2026-06-11
2026-06-11 11:58:00+05:30,164.55,164.6,160.3,163.45,474825,5941715,15.595159,23290.9,23300.0,23100,ATM,PUT,23100,2026-06-11
2026-06-11 11:59:00+05:30,163.25,167.3,163.25,167.15,371800,6028035,15.596309,23283.15,23300.0,23100,ATM,PUT,23100,2026-06-11
2026-06-11 12:00:00+05:30,165.45,167.15,162.4,166.6,305240,6169605,15.60794,23284.55,23300.0,23100,ATM,PUT,23100,2026-06-11
2026-06-11 12:01:00+05:30,166.85,166.95,163.75,164.7,212875,6277440,15.609606,23288.55,23300.0,23100,ATM,PUT,23100,2026-06-11
2026-06-11 12:02:00+05:30,164.7,166.8,164.0,165.95,168675,6330480,15.60073,23285.7,23300.0,23100,ATM,PUT,23100,2026-06-11
2026-06-11 12:03:00+05:30,165.5,166.5,163.0,164.3,185965,6364800,15.636905,23290.0,23300.0,23100,ATM,PUT,23100,2026-06-11
2026-06-11 12:04:00+05:30,165.0,166.7,164.3,166.0,135915,6384560,15.649267,23286.7,23300.0,23100,ATM,PUT,23100,2026-06-11
2026-06-11 12:05:00+05:30,166.15,170.25,165.15,168.65,623350,6409000,15.64894,23281.15,23300.0,23100,ATM,PUT,23100,2026-06-11
2026-06-11 12:06:00+05:30,166.8,169.5,166.4,167.85,329160,6475170,15.619351,23282.1,23300.0,23100,ATM,PUT,23100,2026-06-11
2026-06-11 12:07:00+05:30,167.4,167.85,162.7,163.05,282750,6499415,15.541682,23290.3,23300.0,23100,ATM,PUT,23100,2026-06-11
2026-06-11 12:08:00+05:30,162.6,167.95,162.6,165.85,284050,6560125,15.554207,23284.7,23300.0,23100,ATM,PUT,23100,2026-06-11
2026-06-11 12:09:00+05:30,165.55,167.8,164.6,167.7,134225,6591390,15.65763,23283.25,23300.0,23100,ATM,PUT,23100,2026-06-11
2026-06-11 12:10:00+05:30,167.7,169.5,166.65,168.7,335790,6623565,15.55223,23278.7,23300.0,23100,ATM,PUT,23100,2026-06-11
2026-06-11 12:11:00+05:30,168.95,171.1,167.55,169.45,374465,6670560,15.570126,23277.55,23300.0,23100,ATM,PUT,23100,2026-06-11
2026-06-11 12:12:00+05:30,168.1,170.15,166.85,166.85,197795,6690190,15.584529,23283.25,23300.0,23100,ATM,PUT,23100,2026-06-11
2026-06-11 12:13:00+05:30,166.3,168.35,164.75,165.4,217035,6718075,15.592692,23286.45,23300.0,23100,ATM,PUT,23100,2026-06-11
2026-06-11 12:14:00+05:30,166.2,167.9,164.55,164.65,177255,6749080,15.573471,23287.55,23300.0,23100,ATM,PUT,23100,2026-06-11
2026-06-11 12:15:00+05:30,163.9,164.65,156.35,158.25,899210,6656585,15.571913,23301.1,23300.0,23100,ATM,PUT,23100,2026-06-11
2026-06-11 12:16:00+05:30,156.7,162.35,155.4,155.85,524940,6795490,15.494906,23304.4,23300.0,23100,ATM,PUT,23100,2026-06-11
2026-06-11 12:17:00+05:30,155.85,160.6,153.95,159.9,541125,6929195,15.577389,23297.65,23300.0,23100,ATM,PUT,23100,2026-06-11
2026-06-11 12:18:00+05:30,159.9,162.8,159.5,162.0,392535,7084025,15.62533,23294.3,23300.0,23100,ATM,PUT,23100,2026-06-11
2026-06-11 12:19:00+05:30,161.45,164.75,160.7,164.75,424125,7121530,15.66899,23289.5,23300.0,23100,ATM,PUT,23100,2026-06-11
2026-06-11 12:20:00+05:30,164.15,166.75,162.45,166.7,558545,7174180,15.607617,23283.95,23300.0,23100,ATM,PUT,23100,2026-06-11
2026-06-11 12:21:00+05:30,166.25,168.0,164.55,166.2,449475,7321665,15.531929,23283.2,23300.0,23100,ATM,PUT,23100,2026-06-11
2026-06-11 12:22:00+05:30,166.3,166.3,163.5,165.55,258830,7321665,15.65162,23287.35,23300.0,23100,ATM,PUT,23100,2026-06-11
2026-06-11 12:23:00+05:30,164.8,166.1,161.8,162.8,240435,7356830,15.660851,23293.35,23300.0,23100,ATM,PUT,23100,2026-06-11
2026-06-11 12:24:00+05:30,163.0,165.45,162.45,162.45,175760,7328685,15.56326,23291.75,23300.0,23100,ATM,PUT,23100,2026-06-11
2026-06-11 12:25:00+05:30,162.5,167.05,162.45,165.3,235105,7352670,15.689058,23288.7,23300.0,23100,ATM,PUT,23100,2026-06-11
2026-06-11 12:26:00+05:30,165.2,165.3,161.0,164.25,221325,7409740,15.763051,23292.65,23300.0,23100,ATM,PUT,23100,2026-06-11
2026-06-11 12:27:00+05:30,163.5,164.75,162.45,162.8,145925,7429500,15.643154,23292.85,23300.0,23100,ATM,PUT,23100,2026-06-11
2026-06-11 12:28:00+05:30,163.0,164.8,160.0,160.8,267345,7482605,15.797561,23300.8,23300.0,23100,ATM,PUT,23100,2026-06-11
2026-06-11 12:29:00+05:30,162.15,162.75,159.95,161.65,175240,7493980,15.741151,23297.6,23300.0,23100,ATM,PUT,23100,2026-06-11
2026-06-11 12:30:00+05:30,161.2,161.65,155.95,157.15,588510,7529990,15.686117,23305.95,23300.0,23100,ATM,PUT,23100,2026-06-11
2026-06-11 12:31:00+05:30,158.5,159.75,151.6,152.85,661635,7560540,15.711902,23316.0,23300.0,23100,ATM,PUT,23100,2026-06-11
2026-06-11 12:32:00+05:30,153.15,153.55,149.2,149.85,731640,7555535,15.609078,23320.1,23300.0,23100,ATM,PUT,23100,2026-06-11
2026-06-11 12:33:00+05:30,150.3,153.0,149.8,150.8,328900,7687810,15.532191,23316.05,23300.0,23100,ATM,PUT,23100,2026-06-11
2026-06-11 12:34:00+05:30,150.55,151.7,148.35,148.45,617045,7778680,15.563289,23322.05,23300.0,23100,ATM,PUT,23100,2026-06-11
2026-06-11 12:35:00+05:30,148.05,155.3,147.2,152.7,706420,7978490,15.586537,23313.15,23300.0,23100,ATM,PUT,23100,2026-06-11
2026-06-11 12:36:00+05:30,152.55,154.7,151.8,153.4,393965,8046935,15.432045,23307.8,23300.0,23100,ATM,PUT,23100,2026-06-11
2026-06-11 12:37:00+05:30,153.7,157.05,152.75,156.0,577850,8183305,15.055845,23293.1,23300.0,23100,ATM,PUT,23100,2026-06-11
2026-06-11 12:38:00+05:30,156.05,159.35,154.9,158.75,416650,8119930,15.324855,23293.65,23300.0,23100,ATM,PUT,23100,2026-06-11
2026-06-11 12:39:00+05:30,158.75,159.0,155.05,155.95,350415,8116095,15.243184,23297.65,23300.0,23100,ATM,PUT,23100,2026-06-11
2026-06-11 12:40:00+05:30,155.2,157.9,155.2,157.3,214760,8125585,15.374827,23297.9,23300.0,23100,ATM,PUT,23100,2026-06-11
2026-06-11 12:41:00+05:30,157.0,159.75,156.45,158.9,254410,8169070,15.403521,23295.15,23300.0,23100,ATM,PUT,23100,2026-06-11
2026-06-11 12:42:00+05:30,158.75,161.2,157.4,159.5,502385,8246420,15.516389,23296.55,23300.0,23100,ATM,PUT,23100,2026-06-11
2026-06-11 12:43:00+05:30,159.55,162.85,158.2,159.7,375375,8261695,15.407302,23293.5,23300.0,23100,ATM,PUT,23100,2026-06-11
2026-06-11 12:44:00+05:30,159.65,160.05,157.2,158.45,218400,8286525,15.405559,23296.1,23300.0,23100,ATM,PUT,23100,2026-06-11
2026-06-11 12:45:00+05:30,158.9,160.5,158.0,158.5,258440,8311095,15.366902,23295.05,23300.0,23100,ATM,PUT,23100,2026-06-11
2026-06-11 12:46:00+05:30,158.75,158.75,153.7,155.4,413920,8423155,15.355449,23301.4,23300.0,23100,ATM,PUT,23100,2026-06-11
2026-06-11 12:47:00+05:30,155.4,160.0,154.35,158.95,342030,8437130,15.333157,23293.25,23300.0,23100,ATM,PUT,23100,2026-06-11
2026-06-11 12:48:00+05:30,158.8,163.45,158.45,162.6,458315,8469175,15.356976,23286.1,23300.0,23100,ATM,PUT,23100,2026-06-11
2026-06-11 12:49:00+05:30,162.6,166.35,160.95,165.5,782600,8519160,15.158271,23275.45,23300.0,23100,ATM,PUT,23100,2026-06-11
2026-06-11 12:50:00+05:30,165.6,166.0,162.0,162.9,524355,8533980,15.227254,23282.4,23300.0,23100,ATM,PUT,23100,2026-06-11
2026-06-11 12:51:00+05:30,161.55,164.8,159.7,164.8,368680,8538530,15.339422,23281.05,23300.0,23100,ATM,PUT,23100,2026-06-11
2026-06-11 12:52:00+05:30,164.3,165.9,163.45,165.15,289250,8547760,15.287444,23279.1,23300.0,23100,ATM,PUT,23100,2026-06-11
2026-06-11 12:53:00+05:30,164.6,165.15,161.3,162.55,223080,8546850,15.294721,23284.65,23300.0,23100,ATM,PUT,23100,2026-06-11
2026-06-11 12:54:00+05:30,162.65,163.15,161.55,161.85,59800,8575710,14.902831,23276.95,23300.0,23100,ATM,PUT,23100,2026-06-11
2026-06-11 12:55:00+05:30,161.85,161.85,161.85,161.85,0,8575710,14.902832,23276.95,23300.0,23100,ATM,PUT,23100,2026-06-11
2026-06-11 12:56:00+05:30,165.25,165.25,160.35,163.4,790920,8560955,15.300192,23282.95,23300.0,23100,ATM,PUT,23100,2026-06-11
2026-06-11 12:57:00+05:30,163.2,163.4,153.9,154.1,626405,8622900,15.14864,23299.0,23300.0,23100,ATM,PUT,23100,2026-06-11
2026-06-11 12:58:00+05:30,154.15,155.15,150.0,152.15,570895,8546070,15.173904,23303.8,23300.0,23100,ATM,PUT,23100,2026-06-11
2026-06-11 12:59:00+05:30,152.9,156.0,148.6,148.75,421915,8474245,15.05323,23308.25,23300.0,23100,ATM,PUT,23100,2026-06-11
2026-06-11 13:00:00+05:30,149.05,149.05,140.1,141.9,1179035,8420035,15.080352,23324.15,23300.0,23100,ATM,PUT,23100,2026-06-11
2026-06-11 13:01:00+05:30,141.45,147.8,141.0,147.8,556400,8435440,15.207672,23314.1,23300.0,23100,ATM,PUT,23100,2026-06-11
2026-06-11 13:02:00+05:30,147.1,151.95,146.3,149.0,613145,8553545,15.0166,23306.75,23300.0,23100,ATM,PUT,23100,2026-06-11
2026-06-11 13:03:00+05:30,149.05,152.8,149.0,151.5,299065,8637655,15.134211,23304.15,23300.0,23100,ATM,PUT,23100,2026-06-11
2026-06-11 13:04:00+05:30,152.05,153.0,150.65,153.0,260000,8688420,15.163822,23301.6,23300.0,23100,ATM,PUT,23100,2026-06-11
2026-06-11 13:05:00+05:30,153.9,154.0,151.4,152.45,356200,8714745,15.160944,23302.7,23300.0,23100,ATM,PUT,23100,2026-06-11
2026-06-11 13:06:00+05:30,152.05,153.65,151.4,153.4,239590,8782605,15.197048,23301.5,23300.0,23100,ATM,PUT,23100,2026-06-11
2026-06-11 13:07:00+05:30,152.8,154.7,151.8,154.7,212745,8822580,15.21235,23299.05,23300.0,23100,ATM,PUT,23100,2026-06-11
2026-06-11 13:08:00+05:30,155.05,157.95,154.1,156.65,481975,8797230,15.087898,23291.9,23300.0,23100,ATM,PUT,23100,2026-06-11
2026-06-11 13:09:00+05:30,156.0,162.2,155.6,161.55,500630,8788585,15.046761,23280.65,23300.0,23100,ATM,PUT,23100,2026-06-11
2026-06-11 13:10:00+05:30,161.0,162.35,158.8,159.55,502710,8782735,14.948607,23282.5,23300.0,23100,ATM,PUT,23100,2026-06-11
2026-06-11 13:11:00+05:30,159.7,163.9,159.55,161.0,379990,8824140,14.925949,23278.95,23300.0,23100,ATM,PUT,23100,2026-06-11
2026-06-11 13:12:00+05:30,138.85,145.45,138.4,143.2,593320,4836390,14.968161,23267.45,23250.0,23100,ATM,PUT,23100,2026-06-11
2026-06-11 13:13:00+05:30,143.35,146.25,142.85,145.65,415285,4810325,14.901315,23260.35,23250.0,23100,ATM,PUT,23100,2026-06-11
2026-06-11 13:14:00+05:30,145.7,145.85,143.6,144.65,341380,4795570,14.775535,23259.45,23250.0,23100,ATM,PUT,23100,2026-06-11
2026-06-11 13:15:00+05:30,144.4,145.45,143.6,144.8,227110,4838600,14.822453,23260.25,23250.0,23100,ATM,PUT,23100,2026-06-11
2026-06-11 13:16:00+05:30,141.9,146.6,141.75,145.45,434590,4801485,14.674624,23255.2,23250.0,23100,ATM,PUT,23100,2026-06-11
2026-06-11 13:17:00+05:30,146.3,149.4,140.5,143.6,549705,4795180,14.83826,23263.25,23250.0,23100,ATM,PUT,23100,2026-06-11
2026-06-11 13:18:00+05:30,143.7,147.4,143.6,145.5,338130,4805970,14.620882,23253.75,23250.0,23100,ATM,PUT,23100,2026-06-11
2026-06-11 13:19:00+05:30,145.75,148.0,143.85,147.6,327600,4892875,14.824559,23254.1,23250.0,23100,ATM,PUT,23100,2026-06-11
2026-06-11 13:20:00+05:30,147.55,152.65,146.25,151.5,602745,4846140,15.021844,23250.4,23250.0,23100,ATM,PUT,23100,2026-06-11
2026-06-11 13:21:00+05:30,151.35,156.6,151.35,156.15,945360,4698200,14.951381,23238.8,23250.0,23100,ATM,PUT,23100,2026-06-11
2026-06-11 13:22:00+05:30,156.05,159.1,155.9,158.25,755235,4622410,14.693595,23228.4,23250.0,23100,ATM,PUT,23100,2026-06-11
2026-06-11 13:23:00+05:30,158.05,159.1,148.0,151.25,727870,4478695,14.725572,23243.8,23250.0,23100,ATM,PUT,23100,2026-06-11
2026-06-11 13:24:00+05:30,151.8,154.7,149.6,152.0,346450,4463680,14.603302,23239.3,23250.0,23100,ATM,PUT,23100,2026-06-11
2026-06-11 13:25:00+05:30,151.65,157.2,151.45,157.1,386230,4449055,14.782983,23232.8,23250.0,23100,ATM,PUT,23100,2026-06-11
2026-06-11 13:26:00+05:30,157.5,161.7,156.9,159.75,774345,4383275,14.687303,23225.1,23250.0,23100,ATM,PUT,23100,2026-06-11
2026-06-11 13:27:00+05:30,159.05,159.35,155.6,157.25,387010,4188210,14.703137,23230.6,23250.0,23100,ATM,PUT,23100,2026-06-11
2026-06-11 13:28:00+05:30,157.45,158.8,153.55,155.7,263575,4126460,14.707218,23233.9,23250.0,23100,ATM,PUT,23100,2026-06-11
2026-06-11 13:29:00+05:30,154.9,155.7,151.55,152.2,302055,4092400,14.777431,23242.9,23250.0,23100,ATM,PUT,23100,2026-06-11
2026-06-11 13:30:00+05:30,152.3,152.3,141.35,144.9,737490,3931395,14.730627,23257.5,23250.0,23100,ATM,PUT,23100,2026-06-11
2026-06-11 13:31:00+05:30,144.9,149.65,143.5,143.5,302510,3867370,14.572733,23256.7,23250.0,23100,ATM,PUT,23100,2026-06-11
2026-06-11 13:32:00+05:30,143.5,144.95,141.0,141.75,290290,3878030,14.66529,23262.8,23250.0,23100,ATM,PUT,23100,2026-06-11
2026-06-11 13:33:00+05:30,142.3,143.85,137.65,143.85,362050,3894865,14.689808,23258.75,23250.0,23100,ATM,PUT,23100,2026-06-11
2026-06-11 13:34:00+05:30,143.7,150.4,143.7,149.8,439075,3889860,14.597735,23243.65,23250.0,23100,ATM,PUT,23100,2026-06-11
2026-06-11 13:35:00+05:30,149.5,150.1,145.3,146.4,308815,3997435,14.517652,23249.0,23250.0,23100,ATM,PUT,23100,2026-06-11
2026-06-11 13:36:00+05:30,146.75,147.55,142.5,142.5,149045,4019340,14.47024,23256.3,23250.0,23100,ATM,PUT,23100,2026-06-11
2026-06-11 13:37:00+05:30,142.55,146.65,142.5,146.15,107575,4008290,14.584117,23251.1,23250.0,23100,ATM,PUT,23100,2026-06-11
2026-06-11 13:38:00+05:30,146.1,152.8,146.1,151.1,433745,4028245,14.664659,23242.4,23250.0,23100,ATM,PUT,23100,2026-06-11
2026-06-11 13:39:00+05:30,151.35,158.0,151.1,155.3,592605,4129840,14.628243,23232.7,23250.0,23100,ATM,PUT,23100,2026-06-11
2026-06-11 13:40:00+05:30,155.5,158.35,151.15,158.0,343785,4176965,14.873085,23232.75,23250.0,23100,ATM,PUT,23100,2026-06-11
2026-06-11 13:41:00+05:30,157.9,159.0,156.0,156.9,323440,4173585,14.634929,23229.5,23250.0,23100,ATM,PUT,23100,2026-06-11
2026-06-11 13:42:00+05:30,155.95,157.0,152.95,156.45,252590,4200105,14.604038,23229.7,23250.0,23100,ATM,PUT,23100,2026-06-11
2026-06-11 13:43:00+05:30,134.0,137.85,132.85,135.7,636675,10349885,14.424922,23219.45,23200.0,23100,ATM,PUT,23100,2026-06-11
2026-06-11 13:44:00+05:30,136.55,138.1,132.3,133.55,752765,10271950,14.409095,23223.9,23200.0,23100,ATM,PUT,23100,2026-06-11
2026-06-11 13:45:00+05:30,133.35,135.75,132.85,135.65,389350,10312965,14.49014,23221.15,23200.0,23100,ATM,PUT,23100,2026-06-11
2026-06-11 13:46:00+05:30,158.7,161.9,153.95,154.35,353080,4062565,14.332099,23227.7,23250.0,23100,ATM,PUT,23100,2026-06-11
2026-06-11 13:47:00+05:30,154.0,154.35,148.0,152.55,427830,3990155,14.389993,23232.75,23250.0,23100,ATM,PUT,23100,2026-06-11
2026-06-11 13:48:00+05:30,152.6,153.65,148.65,153.6,192920,4010695,14.450402,23231.95,23250.0,23100,ATM,PUT,23100,2026-06-11
2026-06-11 13:49:00+05:30,153.45,156.15,152.45,154.2,193765,4047745,14.435831,23230.35,23250.0,23100,ATM,PUT,23100,2026-06-11
2026-06-11 13:50:00+05:30,131.05,134.4,131.05,134.0,326755,10427885,14.466424,23224.2,23200.0,23100,ATM,PUT,23100,2026-06-11
2026-06-11 13:51:00+05:30,154.8,157.65,152.9,153.85,178035,4084080,14.225665,23226.2,23250.0,23100,ATM,PUT,23100,2026-06-11
2026-06-11 13:52:00+05:30,154.1,157.5,151.2,151.3,175240,4068935,14.160761,23229.95,23250.0,23100,ATM,PUT,23100,2026-06-11
2026-06-11 13:53:00+05:30,152.0,152.7,149.55,150.9,184080,4086290,14.379604,23235.85,23250.0,23100,ATM,PUT,23100,2026-06-11
2026-06-11 13:54:00+05:30,150.9,153.45,150.05,151.15,97630,4087980,14.344917,23234.5,23250.0,23100,ATM,PUT,23100,2026-06-11
2026-06-11 13:55:00+05:30,151.9,154.85,150.25,150.25,166205,4100525,14.329209,23236.0,23250.0,23100,ATM,PUT,23100,2026-06-11
2026-06-11 13:56:00+05:30,150.8,152.45,147.8,148.3,186550,4079270,14.338196,23240.3,23250.0,23100,ATM,PUT,23100,2026-06-11
2026-06-11 13:57:00+05:30,148.6,151.8,146.2,150.15,262470,4032925,14.46253,23239.3,23250.0,23100,ATM,PUT,23100,2026-06-11
2026-06-11 13:58:00+05:30,149.95,150.15,143.55,144.95,296855,4043065,14.365206,23248.05,23250.0,23100,ATM,PUT,23100,2026-06-11
2026-06-11 13:59:00+05:30,146.55,154.35,144.95,152.35,288730,4007185,14.391827,23233.0,23250.0,23100,ATM,PUT,23100,2026-06-11
2026-06-11 14:00:00+05:30,151.9,154.5,147.15,148.15,245960,4074525,14.323485,23240.2,23250.0,23100,ATM,PUT,23100,2026-06-11
2026-06-11 14:01:00+05:30,148.9,151.6,148.15,150.0,107705,4119570,14.304838,23235.85,23250.0,23100,ATM,PUT,23100,2026-06-11
2026-06-11 14:02:00+05:30,150.1,151.55,149.45,150.8,133315,4138290,14.246378,23232.8,23250.0,23100,ATM,PUT,23100,2026-06-11
2026-06-11 14:03:00+05:30,150.85,152.0,149.0,151.2,88595,4165070,14.43118,23236.25,23250.0,23100,ATM,PUT,23100,2026-06-11
2026-06-11 14:04:00+05:30,151.6,152.9,148.8,150.5,140855,4134650,14.373374,23236.35,23250.0,23100,ATM,PUT,23100,2026-06-11
2026-06-11 14:05:00+05:30,150.35,155.6,149.65,151.75,250315,4104945,14.310154,23232.25,23250.0,23100,ATM,PUT,23100,2026-06-11
2026-06-11 14:06:00+05:30,151.5,152.95,149.8,150.75,99060,4136795,14.247014,23232.85,23250.0,23100,ATM,PUT,23100,2026-06-11
2026-06-11 14:07:00+05:30,128.15,136.65,128.15,136.65,504140,10373740,14.551516,23220.0,23200.0,23100,ATM,PUT,23100,2026-06-11
2026-06-11 14:08:00+05:30,136.75,141.2,136.0,141.2,1024855,10223915,14.559824,23210.05,23200.0,23100,ATM,PUT,23100,2026-06-11
2026-06-11 14:09:00+05:30,141.6,144.45,137.25,138.3,1574495,10296975,14.402714,23212.6,23200.0,23100,ATM,PUT,23100,2026-06-11
2026-06-11 14:10:00+05:30,138.2,139.75,134.3,138.85,638040,10270520,14.534648,23214.6,23200.0,23100,ATM,PUT,23100,2026-06-11
2026-06-11 14:11:00+05:30,138.95,141.75,137.1,138.2,633685,10277865,14.415575,23213.1,23200.0,23100,ATM,PUT,23100,2026-06-11
2026-06-11 14:12:00+05:30,137.8,140.4,136.7,139.45,471900,10372635,14.419084,23210.4,23200.0,23100,ATM,PUT,23100,2026-06-11
2026-06-11 14:13:00+05:30,139.1,139.75,132.25,132.3,596115,10496525,14.291959,23223.25,23200.0,23100,ATM,PUT,23100,2026-06-11
2026-06-11 14:14:00+05:30,132.55,135.6,130.3,135.5,581945,10280140,14.444667,23219.8,23200.0,23100,ATM,PUT,23100,2026-06-11
2026-06-11 14:15:00+05:30,134.9,137.3,133.5,136.15,357695,10389470,14.318479,23215.2,23200.0,23100,ATM,PUT,23100,2026-06-11
2026-06-11 14:16:00+05:30,135.85,136.3,132.2,135.65,276770,10516610,14.318534,23216.3,23200.0,23100,ATM,PUT,23100,2026-06-11
2026-06-11 14:17:00+05:30,135.75,137.5,135.25,136.6,250380,10504520,14.322163,23214.25,23200.0,23100,ATM,PUT,23100,2026-06-11
2026-06-11 14:18:00+05:30,136.7,140.8,136.6,140.55,507910,10473970,14.424556,23208.0,23200.0,23100,ATM,PUT,23100,2026-06-11
2026-06-11 14:19:00+05:30,140.6,142.05,134.1,134.1,546910,10470070,14.200611,23216.8,23200.0,23100,ATM,PUT,23100,2026-06-11
2026-06-11 14:20:00+05:30,135.3,135.5,131.25,132.9,584675,10390640,14.341771,23223.0,23200.0,23100,ATM,PUT,23100,2026-06-11
2026-06-11 14:21:00+05:30,132.4,134.55,131.3,134.0,313885,10412090,14.312011,23219.75,23200.0,23100,ATM,PUT,23100,2026-06-11
2026-06-11 14:22:00+05:30,134.95,135.55,132.3,134.65,205335,10436465,14.381786,23220.0,23200.0,23100,ATM,PUT,23100,2026-06-11
2026-06-11 14:23:00+05:30,134.35,140.5,133.0,140.5,389870,10402665,14.475278,23209.25,23200.0,23100,ATM,PUT,23100,2026-06-11
2026-06-11 14:24:00+05:30,139.8,140.6,138.4,139.4,379665,10418785,14.259222,23206.4,23200.0,23100,ATM,PUT,23100,2026-06-11
2026-06-11 14:25:00+05:30,139.0,139.4,134.75,134.75,332215,10424895,14.253939,23216.55,23200.0,23100,ATM,PUT,23100,2026-06-11
2026-06-11 14:26:00+05:30,157.45,159.1,152.7,153.65,225485,3858140,14.183241,23225.05,23250.0,23100,ATM,PUT,23100,2026-06-11
2026-06-11 14:27:00+05:30,153.75,154.3,150.4,150.4,231790,3864640,13.948889,23226.35,23250.0,23100,ATM,PUT,23100,2026-06-11
2026-06-11 14:28:00+05:30,149.6,150.4,140.15,140.75,723905,3723135,14.155604,23251.55,23250.0,23100,ATM,PUT,23100,2026-06-11
2026-06-11 14:29:00+05:30,140.6,147.95,139.6,147.4,347490,3660930,14.318195,23241.15,23250.0,23100,ATM,PUT,23100,2026-06-11
2026-06-11 14:30:00+05:30,148.45,152.4,144.5,144.5,412165,3753620,14.239729,23245.45,23250.0,23100,ATM,PUT,23100,2026-06-11
2026-06-11 14:31:00+05:30,144.5,147.7,144.2,146.75,246155,3816995,14.216583,23240.1,23250.0,23100,ATM,PUT,23100,2026-06-11
2026-06-11 14:32:00+05:30,147.05,150.25,145.45,145.45,128700,3849105,14.242394,23243.45,23250.0,23100,ATM,PUT,23100,2026-06-11
2026-06-11 14:33:00+05:30,145.1,154.2,145.1,153.95,198965,3867695,14.390109,23229.05,23250.0,23100,ATM,PUT,23100,2026-06-11
2026-06-11 14:34:00+05:30,153.5,154.9,151.2,151.9,221065,3850730,14.32156,23231.7,23250.0,23100,ATM,PUT,23100,2026-06-11
2026-06-11 14:35:00+05:30,152.15,152.7,147.9,152.0,174850,3878745,14.570278,23237.25,23250.0,23100,ATM,PUT,23100,2026-06-11
2026-06-11 14:36:00+05:30,128.75,136.2,127.95,135.85,538720,9784645,14.229973,23213.3,23200.0,23100,ATM,PUT,23100,2026-06-11
2026-06-11 14:37:00+05:30,160.25,166.8,156.8,158.65,757445,3820960,14.68471,23226.05,23250.0,23100,ATM,PUT,23100,2026-06-11
2026-06-11 14:38:00+05:30,135.55,139.0,131.8,138.45,435760,9626500,14.674361,23218.4,23200.0,23100,ATM,PUT,23100,2026-06-11
2026-06-11 14:39:00+05:30,138.4,144.85,138.15,140.35,1178385,9453340,14.794795,23217.1,23200.0,23100,ATM,PUT,23100,2026-06-11
2026-06-11 14:40:00+05:30,140.65,144.15,139.4,142.95,701220,9477845,14.668936,23208.25,23200.0,23100,ATM,PUT,23100,2026-06-11
2026-06-11 14:41:00+05:30,143.55,145.85,141.15,141.45,909285,9301630,14.761715,23213.8,23200.0,23100,ATM,PUT,23100,2026-06-11
2026-06-11 14:42:00+05:30,141.15,144.65,140.15,143.65,577915,9292855,14.832714,23210.65,23200.0,23100,ATM,PUT,23100,2026-06-11
2026-06-11 14:43:00+05:30,144.15,151.7,142.45,151.6,1065480,9167925,14.996419,23197.3,23200.0,23100,ATM,PUT,23100,2026-06-11
2026-06-11 14:44:00+05:30,151.95,152.25,147.5,148.95,1013350,9026615,14.879799,23200.2,23200.0,23100,ATM,PUT,23100,2026-06-11
2026-06-11 14:45:00+05:30,147.15,152.5,147.15,152.5,952185,8992750,15.077202,23197.25,23200.0,23100,ATM,PUT,23100,2026-06-11
2026-06-11 14:46:00+05:30,151.95,155.25,146.45,154.4,1192100,8939450,15.026893,23192.0,23200.0,23100,ATM,PUT,23100,2026-06-11
2026-06-11 14:47:00+05:30,132.4,143.4,131.25,142.45,1326715,4247035,15.021082,23167.1,23150.0,23100,ATM,PUT,23100,2026-06-11
2026-06-11 14:48:00+05:30,166.4,167.35,157.15,158.95,1067235,8317595,14.936905,23180.35,23200.0,23100,ATM,PUT,23100,2026-06-11
2026-06-11 14:49:00+05:30,158.2,159.65,152.7,154.6,637910,8281130,15.094204,23193.1,23200.0,23100,ATM,PUT,23100,2026-06-11
2026-06-11 14:50:00+05:30,132.25,139.3,130.95,139.3,566280,4175990,14.965956,23172.75,23150.0,23100,ATM,PUT,23100,2026-06-11
2026-06-11 14:51:00+05:30,138.45,139.3,134.15,138.05,404170,4094805,14.838791,23172.4,23150.0,23100,ATM,PUT,23100,2026-06-11
2026-06-11 14:52:00+05:30,137.6,139.35,136.6,139.0,261300,4089215,14.873616,23171.1,23150.0,23100,ATM,PUT,23100,2026-06-11
2026-06-11 14:53:00+05:30,138.5,139.0,135.2,135.9,265785,4053075,14.708872,23174.0,23150.0,23100,ATM,PUT,23100,2026-06-11
2026-06-11 14:54:00+05:30,135.6,138.45,135.45,137.15,203645,4076995,14.730957,23171.7,23150.0,23100,ATM,PUT,23100,2026-06-11
2026-06-11 14:55:00+05:30,137.3,138.6,135.1,136.0,332930,4120870,14.663249,23172.6,23150.0,23100,ATM,PUT,23100,2026-06-11
2026-06-11 14:56:00+05:30,136.0,138.5,135.2,137.7,231400,4098900,14.728084,23170.35,23150.0,23100,ATM,PUT,23100,2026-06-11
2026-06-11 14:57:00+05:30,138.1,141.15,136.65,138.1,515645,4071925,14.596754,23166.2,23150.0,23100,ATM,PUT,23100,2026-06-11
2026-06-11 14:58:00+05:30,138.2,138.35,135.9,135.9,258765,4062305,14.652475,23172.5,23150.0,23100,ATM,PUT,23100,2026-06-11
2026-06-11 14:59:00+05:30,160.0,163.3,157.7,161.1,571025,7941505,14.995248,23177.05,23200.0,23100,ATM,PUT,23100,2026-06-11
2026-06-11 15:00:00+05:30,134.55,142.8,126.65,142.7,1224925,4043715,14.514027,23154.0,23150.0,23100,ATM,PUT,23100,2026-06-11
2026-06-11 15:01:00+05:30,143.65,147.5,142.1,142.45,1205490,3857815,14.456638,23153.15,23150.0,23100,ATM,PUT,23100,2026-06-11
2026-06-11 15:02:00+05:30,143.2,148.4,140.65,143.65,956930,3696940,14.801269,23158.8,23150.0,23100,ATM,PUT,23100,2026-06-11
2026-06-11 15:03:00+05:30,143.05,147.0,143.05,145.05,425100,3741140,14.906435,23158.25,23150.0,23100,ATM,PUT,23100,2026-06-11
2026-06-11 15:04:00+05:30,145.05,147.95,143.5,147.8,366405,3695380,14.600747,23145.0,23150.0,23100,ATM,PUT,23100,2026-06-11
2026-06-11 15:05:00+05:30,148.0,150.3,145.6,146.5,725920,3520140,14.591735,23147.55,23150.0,23100,ATM,PUT,23100,2026-06-11
2026-06-11 15:06:00+05:30,146.0,151.5,144.7,150.3,585715,3503175,14.587461,23139.35,23150.0,23100,ATM,PUT,23100,2026-06-11
2026-06-11 15:07:00+05:30,151.5,151.7,145.65,145.65,441350,3423875,14.539452,23148.1,23150.0,23100,ATM,PUT,23100,2026-06-11
2026-06-11 15:08:00+05:30,145.45,147.9,143.05,147.9,385775,3453385,14.244652,23136.4,23150.0,23100,ATM,PUT,23100,2026-06-11
2026-06-11 15:09:00+05:30,148.85,148.85,144.5,144.95,344955,3491800,14.297428,23143.85,23150.0,23100,ATM,PUT,23100,2026-06-11
2026-06-11 15:10:00+05:30,145.25,145.25,138.25,138.45,448890,3461770,14.041905,23151.75,23150.0,23100,ATM,PUT,23100,2026-06-11
2026-06-11 15:11:00+05:30,137.9,142.8,136.15,142.45,375375,3443570,14.082945,23144.1,23150.0,23100,ATM,PUT,23100,2026-06-11
2026-06-11 15:12:00+05:30,142.55,144.5,139.0,139.7,382980,3477175,14.148501,23151.55,23150.0,23100,ATM,PUT,23100,2026-06-11
2026-06-11 15:13:00+05:30,139.1,139.95,135.25,135.25,283920,3491215,14.171822,23161.85,23150.0,23100,ATM,PUT,23100,2026-06-11
2026-06-11 15:14:00+05:30,135.75,139.45,134.3,138.95,371540,3449160,14.671172,23165.8,23150.0,23100,ATM,PUT,23100,2026-06-11
2026-06-11 15:15:00+05:30,139.4,143.95,138.5,138.5,581165,3387865,14.655472,23166.4,23150.0,23100,ATM,PUT,23100,2026-06-11
2026-06-11 15:16:00+05:30,162.6,162.95,153.15,153.15,587665,6668740,14.443851,23180.55,23200.0,23100,ATM,PUT,23100,2026-06-11
2026-06-11 15:17:00+05:30,153.6,154.7,150.8,152.85,395070,6683820,14.47632,23181.9,23200.0,23100,ATM,PUT,23100,2026-06-11
2026-06-11 15:18:00+05:30,152.9,160.4,151.95,159.45,395395,6586775,15.040821,23181.15,23200.0,23100,ATM,PUT,23100,2026-06-11
2026-06-11 15:19:00+05:30,135.6,139.7,135.35,137.85,365885,3291405,14.826846,23172.0,23150.0,23100,ATM,PUT,23100,2026-06-11
2026-06-11 15:20:00+05:30,161.75,161.75,158.25,159.0,336830,6578520,14.872735,23178.2,23200.0,23100,ATM,PUT,23100,2026-06-11
2026-06-11 15:21:00+05:30,159.25,160.1,155.1,160.0,287430,6574945,14.8958,23176.65,23200.0,23100,ATM,PUT,23100,2026-06-11
2026-06-11 15:22:00+05:30,136.8,138.55,135.1,137.75,285480,3280550,14.735067,23169.9,23150.0,23100,ATM,PUT,23100,2026-06-11
2026-06-11 15:23:00+05:30,138.5,139.9,135.65,136.0,276965,3272490,14.616711,23170.9,23150.0,23100,ATM,PUT,23100,2026-06-11
2026-06-11 15:24:00+05:30,135.65,136.95,134.55,135.15,229775,3290495,14.648903,23173.6,23150.0,23100,ATM,PUT,23100,2026-06-11
2026-06-11 15:25:00+05:30,135.85,135.85,130.3,130.35,381095,3231670,14.24319,23174.4,23150.0,23100,ATM,PUT,23100,2026-06-11
2026-06-11 15:26:00+05:30,152.55,154.5,148.15,148.95,568880,6497270,13.898739,23176.6,23200.0,23100,ATM,PUT,23100,2026-06-11
2026-06-11 15:27:00+05:30,148.95,152.85,148.0,151.5,376285,6453850,14.239682,23179.1,23200.0,23100,ATM,PUT,23100,2026-06-11
2026-06-11 15:28:00+05:30,151.05,153.0,150.9,151.7,488085,6362655,14.300064,23180.05,23200.0,23100,ATM,PUT,23100,2026-06-11
2026-06-11 15:29:00+05:30,151.75,151.75,148.15,148.65,686140,6153225,14.307145,23186.55,23200.0,23100,ATM,PUT,23100,2026-06-11
2026-06-11 09:15:00+05:30,179.0,180.0,139.55,155.6,1026415,501215,14.236097,23104.4,23150.0,23150,ATM+1,CALL,23100,2026-06-11
2026-06-11 09:16:00+05:30,153.7,155.6,138.05,138.1,646815,863720,13.628765,23082.3,23150.0,23150,ATM+1,CALL,23100,2026-06-11
2026-06-11 09:17:00+05:30,139.35,145.35,137.35,145.35,417885,1083745,13.826308,23092.9,23150.0,23150,ATM+1,CALL,23100,2026-06-11
2026-06-11 09:18:00+05:30,145.25,151.3,144.35,146.05,495040,1225510,13.580588,23100.1,23150.0,23150,ATM+1,CALL,23100,2026-06-11
2026-06-11 09:19:00+05:30,146.0,152.75,146.0,151.05,466245,1314560,13.333182,23115.85,23150.0,23150,ATM+1,CALL,23100,2026-06-11
2026-06-11 09:20:00+05:30,129.8,133.6,125.85,133.0,634855,4648410,13.301312,23128.6,23200.0,23150,ATM+1,CALL,23100,2026-06-11
2026-06-11 09:21:00+05:30,132.9,141.35,131.95,140.0,960115,4760990,13.343337,23142.45,23200.0,23150,ATM+1,CALL,23100,2026-06-11
2026-06-11 09:22:00+05:30,138.6,141.3,135.0,139.6,611650,4809935,13.289882,23142.9,23200.0,23150,ATM+1,CALL,23100,2026-06-11
2026-06-11 09:23:00+05:30,139.65,141.9,135.75,136.5,511745,4828525,13.338654,23135.25,23200.0,23150,ATM+1,CALL,23100,2026-06-11
2026-06-11 09:24:00+05:30,161.0,163.0,152.35,152.9,633165,2077855,13.459664,23116.8,23150.0,23150,ATM+1,CALL,23100,2026-06-11
2026-06-11 09:25:00+05:30,151.4,153.65,149.2,150.75,415870,2167490,13.616173,23109.0,23150.0,23150,ATM+1,CALL,23100,2026-06-11
2026-06-11 09:26:00+05:30,149.6,152.8,147.05,151.5,348660,2247960,13.749497,23107.5,23150.0,23150,ATM+1,CALL,23100,2026-06-11
2026-06-11 09:27:00+05:30,150.65,153.05,143.3,147.5,460850,2349880,13.660065,23101.45,23150.0,23150,ATM+1,CALL,23100,2026-06-11
2026-06-11 09:28:00+05:30,147.8,154.4,147.5,153.25,564915,2383550,13.459049,23117.6,23150.0,23150,ATM+1,CALL,23100,2026-06-11
2026-06-11 09:29:00+05:30,154.4,158.2,152.15,154.85,640835,2486315,13.408379,23121.9,23150.0,23150,ATM+1,CALL,23100,2026-06-11
2026-06-11 09:30:00+05:30,154.85,155.2,146.2,147.85,437190,2550795,13.305233,23110.35,23150.0,23150,ATM+1,CALL,23100,2026-06-11
2026-06-11 09:31:00+05:30,147.35,151.05,144.15,150.75,347945,2585440,13.272206,23116.9,23150.0,23150,ATM+1,CALL,23100,2026-06-11
2026-06-11 09:32:00+05:30,152.65,155.9,149.25,149.25,471965,2675010,13.271914,23113.95,23150.0,23150,ATM+1,CALL,23100,2026-06-11
2026-06-11 09:33:00+05:30,148.0,149.25,141.2,141.75,446550,2774135,13.150344,23101.6,23150.0,23150,ATM+1,CALL,23100,2026-06-11
2026-06-11 09:34:00+05:30,141.0,147.25,141.0,146.05,271180,2880540,13.180815,23109.65,23150.0,23150,ATM+1,CALL,23100,2026-06-11
2026-06-11 09:35:00+05:30,145.4,146.05,138.5,138.5,432965,2949050,13.064592,23096.95,23150.0,23150,ATM+1,CALL,23100,2026-06-11
2026-06-11 09:36:00+05:30,139.2,146.05,138.5,146.05,293020,2961140,13.063647,23112.35,23150.0,23150,ATM+1,CALL,23100,2026-06-11
2026-06-11 09:37:00+05:30,145.85,150.9,145.35,149.1,383695,2975635,13.022478,23119.35,23150.0,23150,ATM+1,CALL,23100,2026-06-11
2026-06-11 09:38:00+05:30,126.85,132.4,126.25,131.25,491400,6236360,13.108468,23129.95,23200.0,23150,ATM+1,CALL,23100,2026-06-11
2026-06-11 09:39:00+05:30,130.9,134.5,130.7,132.65,585130,6148935,13.134346,23132.35,23200.0,23150,ATM+1,CALL,23100,2026-06-11
2026-06-11 09:40:00+05:30,156.5,156.85,148.6,148.6,438295,3033225,12.96327,23119.75,23150.0,23150,ATM+1,CALL,23100,2026-06-11
2026-06-11 09:41:00+05:30,148.25,150.75,146.3,149.45,262015,3050125,13.012566,23120.35,23150.0,23150,ATM+1,CALL,23100,2026-06-11
2026-06-11 09:42:00+05:30,149.25,150.65,145.2,147.4,231595,3101995,12.847756,23120.0,23150.0,23150,ATM+1,CALL,23100,2026-06-11
2026-06-11 09:43:00+05:30,125.25,135.0,124.7,134.55,543140,6258525,12.93179,23141.3,23200.0,23150,ATM+1,CALL,23100,2026-06-11
2026-06-11 09:44:00+05:30,135.15,137.45,134.4,136.05,599040,6261190,12.94058,23144.25,23200.0,23150,ATM+1,CALL,23100,2026-06-11
2026-06-11 09:45:00+05:30,136.3,139.35,132.3,136.1,544700,6273800,12.886361,23145.65,23200.0,23150,ATM+1,CALL,23100,2026-06-11
2026-06-11 09:46:00+05:30,136.8,139.3,133.65,139.3,396565,6318845,12.79169,23154.45,23200.0,23150,ATM+1,CALL,23100,2026-06-11
2026-06-11 09:47:00+05:30,139.6,139.6,135.95,136.15,490425,6368830,12.719284,23149.7,23200.0,23150,ATM+1,CALL,23100,2026-06-11
2026-06-11 09:48:00+05:30,136.65,137.7,132.3,132.3,344955,6416215,12.728869,23141.5,23200.0,23150,ATM+1,CALL,23100,2026-06-11
2026-06-11 09:49:00+05:30,132.05,138.65,132.05,137.85,371670,6428695,12.716296,23153.3,23200.0,23150,ATM+1,CALL,23100,2026-06-11
2026-06-11 09:50:00+05:30,138.55,145.3,134.35,143.85,765895,6494540,12.82755,23162.9,23200.0,23150,ATM+1,CALL,23100,2026-06-11
2026-06-11 09:51:00+05:30,143.0,147.45,142.0,146.4,1020630,6369480,12.849437,23167.5,23200.0,23150,ATM+1,CALL,23100,2026-06-11
2026-06-11 09:52:00+05:30,146.05,147.95,142.4,146.5,677885,6366230,12.711207,23170.8,23200.0,23150,ATM+1,CALL,23100,2026-06-11
2026-06-11 09:53:00+05:30,147.0,149.0,144.65,146.35,630110,6349135,12.631272,23172.3,23200.0,23150,ATM+1,CALL,23100,2026-06-11
2026-06-11 09:54:00+05:30,146.55,146.65,138.35,138.65,617955,6395675,12.83327,23152.35,23200.0,23150,ATM+1,CALL,23100,2026-06-11
2026-06-11 09:55:00+05:30,139.8,140.0,133.05,134.0,710905,6353230,12.871796,23141.85,23200.0,23150,ATM+1,CALL,23100,2026-06-11
2026-06-11 09:56:00+05:30,134.2,138.05,133.2,133.2,425815,6433960,12.85892,23140.5,23200.0,23150,ATM+1,CALL,23100,2026-06-11
2026-06-11 09:57:00+05:30,132.5,133.2,127.5,128.05,498420,6505655,12.793434,23131.15,23200.0,23150,ATM+1,CALL,23100,2026-06-11
2026-06-11 09:58:00+05:30,151.35,151.4,144.25,144.25,599560,3154840,12.822098,23114.7,23150.0,23150,ATM+1,CALL,23100,2026-06-11
2026-06-11 09:59:00+05:30,145.0,148.7,142.55,144.75,438490,3148600,12.73785,23117.6,23150.0,23150,ATM+1,CALL,23100,2026-06-11
2026-06-11 10:00:00+05:30,122.0,128.0,121.9,127.0,414700,6768255,12.742296,23130.2,23200.0,23150,ATM+1,CALL,23100,2026-06-11
2026-06-11 10:01:00+05:30,128.45,129.4,127.0,128.45,541125,6816355,12.777008,23132.5,23200.0,23150,ATM+1,CALL,23100,2026-06-11
2026-06-11 10:02:00+05:30,151.55,151.9,146.0,147.3,320190,3554655,12.72802,23122.9,23150.0,23150,ATM+1,CALL,23100,2026-06-11
2026-06-11 10:03:00+05:30,146.9,152.15,144.0,145.8,243880,3536325,12.688762,23120.85,23150.0,23150,ATM+1,CALL,23100,2026-06-11
2026-06-11 10:04:00+05:30,145.9,147.55,140.5,140.5,324935,3575260,12.767681,23108.55,23150.0,23150,ATM+1,CALL,23100,2026-06-11
2026-06-11 10:05:00+05:30,140.7,143.9,138.15,143.55,566800,3539510,12.884823,23112.05,23150.0,23150,ATM+1,CALL,23100,2026-06-11
2026-06-11 10:06:00+05:30,120.4,130.5,120.4,129.75,645710,7110285,12.697231,23137.3,23200.0,23150,ATM+1,CALL,23100,2026-06-11
2026-06-11 10:07:00+05:30,129.25,135.6,128.1,134.65,606450,7052890,12.687876,23147.8,23200.0,23150,ATM+1,CALL,23100,2026-06-11
2026-06-11 10:08:00+05:30,134.25,140.5,133.25,140.15,766090,6924450,12.782187,23156.9,23200.0,23150,ATM+1,CALL,23100,2026-06-11
2026-06-11 10:09:00+05:30,140.8,142.2,137.5,137.75,605865,6826365,12.568401,23156.95,23200.0,23150,ATM+1,CALL,23100,2026-06-11
2026-06-11 10:10:00+05:30,137.6,142.1,137.0,138.35,421850,6777615,12.563422,23158.3,23200.0,23150,ATM+1,CALL,23100,2026-06-11
2026-06-11 10:11:00+05:30,138.75,142.5,138.35,142.0,399490,6760650,12.680481,23163.0,23200.0,23150,ATM+1,CALL,23100,2026-06-11
2026-06-11 10:12:00+05:30,141.75,142.05,137.5,138.4,338390,6775145,12.642085,23156.65,23200.0,23150,ATM+1,CALL,23100,2026-06-11
2026-06-11 10:13:00+05:30,137.95,141.4,137.95,140.45,240175,6770270,12.688731,23159.75,23200.0,23150,ATM+1,CALL,23100,2026-06-11
2026-06-11 10:14:00+05:30,140.2,141.95,133.1,135.0,461240,6764550,12.73876,23147.5,23200.0,23150,ATM+1,CALL,23100,2026-06-11
2026-06-11 10:15:00+05:30,134.15,139.9,134.15,139.05,377520,6681350,12.647951,23157.9,23200.0,23150,ATM+1,CALL,23100,2026-06-11
2026-06-11 10:16:00+05:30,140.7,144.6,139.05,141.75,646230,6760715,12.576711,23164.95,23200.0,23150,ATM+1,CALL,23100,2026-06-11
2026-06-11 10:17:00+05:30,141.65,146.0,140.35,145.05,496730,6789445,12.68219,23169.15,23200.0,23150,ATM+1,CALL,23100,2026-06-11
2026-06-11 10:18:00+05:30,144.65,148.5,141.25,147.9,544505,6706115,12.761946,23173.0,23200.0,23150,ATM+1,CALL,23100,2026-06-11
2026-06-11 10:19:00+05:30,124.95,128.2,123.9,127.65,241800,3107390,12.666256,23183.15,23250.0,23150,ATM+1,CALL,23100,2026-06-11
2026-06-11 10:20:00+05:30,128.4,133.5,125.35,132.35,465335,3029130,12.787312,23190.25,23250.0,23150,ATM+1,CALL,23100,2026-06-11
2026-06-11 10:21:00+05:30,131.6,132.35,125.6,126.0,269295,2944110,12.563085,23182.15,23250.0,23150,ATM+1,CALL,23100,2026-06-11
2026-06-11 10:22:00+05:30,126.0,128.2,125.0,126.05,153140,2936245,12.66148,23179.9,23250.0,23150,ATM+1,CALL,23100,2026-06-11
2026-06-11 10:23:00+05:30,126.05,129.75,125.6,127.1,142025,2945995,12.687659,23181.55,23250.0,23150,ATM+1,CALL,23100,2026-06-11
2026-06-11 10:24:00+05:30,127.15,127.95,123.7,126.2,125060,2960685,12.682982,23179.75,23250.0,23150,ATM+1,CALL,23100,2026-06-11
2026-06-11 10:25:00+05:30,126.05,126.85,124.2,124.8,69745,2954510,12.575914,23179.35,23250.0,23150,ATM+1,CALL,23100,2026-06-11
2026-06-11 10:26:00+05:30,125.05,132.9,124.8,132.3,204620,2963480,12.666223,23193.15,23250.0,23150,ATM+1,CALL,23100,2026-06-11
2026-06-11 10:27:00+05:30,132.3,140.85,131.95,140.1,576420,2977390,12.735482,23207.6,23250.0,23150,ATM+1,CALL,23100,2026-06-11
2026-06-11 10:28:00+05:30,140.15,141.5,132.6,135.35,380380,2920710,12.671617,23199.4,23250.0,23150,ATM+1,CALL,23100,2026-06-11
2026-06-11 10:29:00+05:30,135.9,138.75,134.45,136.1,165880,2929420,12.734749,23199.5,23250.0,23150,ATM+1,CALL,23100,2026-06-11
2026-06-11 10:30:00+05:30,137.2,139.8,128.45,130.05,343850,2958540,12.650051,23188.9,23250.0,23150,ATM+1,CALL,23100,2026-06-11
2026-06-11 10:31:00+05:30,129.85,134.1,127.95,133.5,222820,2991235,12.521447,23199.15,23250.0,23150,ATM+1,CALL,23100,2026-06-11
2026-06-11 10:32:00+05:30,133.15,137.9,131.5,136.1,182130,3038425,12.543299,23204.0,23250.0,23150,ATM+1,CALL,23100,2026-06-11
2026-06-11 10:33:00+05:30,135.65,136.1,131.05,134.55,126685,3056170,12.625054,23198.95,23250.0,23150,ATM+1,CALL,23100,2026-06-11
2026-06-11 10:34:00+05:30,134.0,134.9,132.7,133.75,88400,3078270,12.475557,23200.8,23250.0,23150,ATM+1,CALL,23100,2026-06-11
2026-06-11 10:35:00+05:30,134.05,138.25,133.75,134.35,200590,3102320,12.503819,23201.4,23250.0,23150,ATM+1,CALL,23100,2026-06-11
2026-06-11 10:36:00+05:30,133.75,134.35,130.05,132.4,163345,3124615,12.555212,23196.2,23250.0,23150,ATM+1,CALL,23100,2026-06-11
2026-06-11 10:37:00+05:30,133.3,134.35,129.35,130.9,122265,3136770,12.605902,23191.9,23250.0,23150,ATM+1,CALL,23100,2026-06-11
2026-06-11 10:38:00+05:30,132.2,134.6,130.9,134.0,104650,3134365,12.574828,23199.1,23250.0,23150,ATM+1,CALL,23100,2026-06-11
2026-06-11 10:39:00+05:30,134.5,139.7,134.0,138.55,239590,3127605,12.616842,23207.45,23250.0,23150,ATM+1,CALL,23100,2026-06-11
2026-06-11 10:40:00+05:30,138.25,141.3,135.85,140.6,294515,3101670,12.581562,23212.4,23250.0,23150,ATM+1,CALL,23100,2026-06-11
2026-06-11 10:41:00+05:30,140.6,141.25,135.0,135.1,285545,3136380,12.48749,23203.45,23250.0,23150,ATM+1,CALL,23100,2026-06-11
2026-06-11 10:42:00+05:30,136.0,137.45,133.3,137.3,189085,3120455,12.579011,23205.85,23250.0,23150,ATM+1,CALL,23100,2026-06-11
2026-06-11 10:43:00+05:30,137.45,138.65,135.0,135.25,126165,3116425,12.56124,23202.1,23250.0,23150,ATM+1,CALL,23100,2026-06-11
2026-06-11 10:44:00+05:30,135.1,137.8,133.1,137.35,150085,3124095,12.629006,23204.85,23250.0,23150,ATM+1,CALL,23100,2026-06-11
2026-06-11 10:45:00+05:30,136.95,137.35,132.0,136.4,144820,3117985,12.556695,23204.6,23250.0,23150,ATM+1,CALL,23100,2026-06-11
2026-06-11 10:46:00+05:30,136.4,139.7,135.4,135.8,179010,3101540,12.417341,23206.6,23250.0,23150,ATM+1,CALL,23100,2026-06-11
2026-06-11 10:47:00+05:30,135.05,139.25,134.9,139.25,97305,3130205,12.559483,23210.35,23250.0,23150,ATM+1,CALL,23100,2026-06-11
2026-06-11 10:48:00+05:30,139.3,140.25,133.6,136.2,208715,3117010,12.49404,23205.7,23250.0,23150,ATM+1,CALL,23100,2026-06-11
2026-06-11 10:49:00+05:30,136.05,136.5,130.9,131.2,157690,3127670,12.565959,23193.75,23250.0,23150,ATM+1,CALL,23100,2026-06-11
2026-06-11 10:50:00+05:30,130.7,131.2,126.8,127.65,289250,3119480,12.561435,23186.4,23250.0,23150,ATM+1,CALL,23100,2026-06-11
2026-06-11 10:51:00+05:30,127.75,134.65,127.45,130.25,183235,3124290,12.642332,23190.0,23250.0,23150,ATM+1,CALL,23100,2026-06-11
2026-06-11 10:52:00+05:30,130.35,133.35,129.2,129.7,115635,3127605,12.676528,23188.05,23250.0,23150,ATM+1,CALL,23100,2026-06-11
2026-06-11 10:53:00+05:30,153.45,154.1,146.05,146.45,627640,7049185,12.582229,23174.9,23200.0,23150,ATM+1,CALL,23100,2026-06-11
2026-06-11 10:54:00+05:30,147.0,149.5,144.7,147.7,495950,6916975,12.703365,23174.7,23200.0,23150,ATM+1,CALL,23100,2026-06-11
2026-06-11 10:55:00+05:30,146.45,148.35,144.3,146.55,312455,6939790,12.670505,23173.2,23200.0,23150,ATM+1,CALL,23100,2026-06-11
2026-06-11 10:56:00+05:30,123.1,127.0,122.0,126.0,106470,3140020,12.694833,23179.8,23250.0,23150,ATM+1,CALL,23100,2026-06-11
2026-06-11 10:57:00+05:30,125.95,126.35,122.65,123.95,101790,3166800,12.615999,23177.3,23250.0,23150,ATM+1,CALL,23100,2026-06-11
2026-06-11 10:58:00+05:30,123.5,125.6,122.05,122.05,68120,3186950,12.515052,23175.65,23250.0,23150,ATM+1,CALL,23100,2026-06-11
2026-06-11 10:59:00+05:30,121.8,125.4,119.65,124.15,163085,3159520,12.666606,23176.55,23250.0,23150,ATM+1,CALL,23100,2026-06-11
2026-06-11 11:00:00+05:30,147.8,150.7,142.9,143.05,302770,7139015,12.53436,23169.45,23200.0,23150,ATM+1,CALL,23100,2026-06-11
2026-06-11 11:01:00+05:30,142.75,146.85,141.4,142.6,447395,7123610,12.598789,23167.15,23200.0,23150,ATM+1,CALL,23100,2026-06-11
2026-06-11 11:02:00+05:30,144.05,144.95,142.15,143.2,268645,7124195,12.619432,23167.9,23200.0,23150,ATM+1,CALL,23100,2026-06-11
2026-06-11 11:03:00+05:30,119.45,125.85,118.45,125.85,134875,3182530,12.661545,23180.45,23250.0,23150,ATM+1,CALL,23100,2026-06-11
2026-06-11 11:04:00+05:30,126.3,128.35,124.5,125.75,306020,3175575,12.605999,23181.6,23250.0,23150,ATM+1,CALL,23100,2026-06-11
2026-06-11 11:05:00+05:30,126.0,134.35,125.75,133.65,307255,3198845,12.540437,23199.8,23250.0,23150,ATM+1,CALL,23100,2026-06-11
2026-06-11 11:06:00+05:30,134.1,135.65,129.95,135.25,315900,3188575,12.492951,23204.2,23250.0,23150,ATM+1,CALL,23100,2026-06-11
2026-06-11 11:07:00+05:30,135.45,137.15,127.25,127.45,251615,3201120,12.407051,23190.05,23250.0,23150,ATM+1,CALL,23100,2026-06-11
2026-06-11 11:08:00+05:30,127.1,132.3,126.0,129.45,189930,3205475,12.384543,23194.8,23250.0,23150,ATM+1,CALL,23100,2026-06-11
2026-06-11 11:09:00+05:30,128.25,129.45,123.4,128.45,182780,3202290,12.349806,23193.55,23250.0,23150,ATM+1,CALL,23100,2026-06-11
2026-06-11 11:10:00+05:30,128.05,129.3,125.55,129.05,110760,3229980,12.491074,23191.5,23250.0,23150,ATM+1,CALL,23100,2026-06-11
2026-06-11 11:11:00+05:30,128.5,129.9,126.3,127.15,111995,3244670,12.420093,23189.2,23250.0,23150,ATM+1,CALL,23100,2026-06-11
2026-06-11 11:12:00+05:30,127.25,128.0,125.0,127.0,71955,3251950,12.500151,23187.0,23250.0,23150,ATM+1,CALL,23100,2026-06-11
2026-06-11 11:13:00+05:30,126.6,129.45,125.7,127.2,96200,3241810,12.592204,23185.25,23250.0,23150,ATM+1,CALL,23100,2026-06-11
2026-06-11 11:14:00+05:30,127.3,128.85,124.35,125.75,93665,3235180,12.549438,23183.2,23250.0,23150,ATM+1,CALL,23100,2026-06-11
2026-06-11 11:15:00+05:30,125.95,129.05,124.55,128.5,88010,3213665,12.584199,23188.25,23250.0,23150,ATM+1,CALL,23100,2026-06-11
2026-06-11 11:16:00+05:30,127.5,129.25,125.45,128.35,100035,3226470,12.521303,23189.45,23250.0,23150,ATM+1,CALL,23100,2026-06-11
2026-06-11 11:17:00+05:30,127.85,130.8,125.9,129.25,101530,3244475,12.411787,23193.95,23250.0,23150,ATM+1,CALL,23100,2026-06-11
2026-06-11 11:18:00+05:30,129.4,135.4,128.5,135.35,179595,3241355,12.472346,23205.15,23250.0,23150,ATM+1,CALL,23100,2026-06-11
2026-06-11 11:19:00+05:30,135.3,137.0,132.65,133.75,217230,3215160,12.405242,23203.45,23250.0,23150,ATM+1,CALL,23100,2026-06-11
2026-06-11 11:20:00+05:30,133.4,138.85,131.95,138.85,227110,3203915,12.45962,23212.55,23250.0,23150,ATM+1,CALL,23100,2026-06-11
2026-06-11 11:21:00+05:30,138.9,144.25,137.6,143.55,460135,3134495,12.531134,23220.3,23250.0,23150,ATM+1,CALL,23100,2026-06-11
2026-06-11 11:22:00+05:30,143.25,144.0,140.05,140.35,380185,3117790,12.525912,23214.1,23250.0,23150,ATM+1,CALL,23100,2026-06-11
2026-06-11 11:23:00+05:30,139.9,144.0,137.45,138.35,341315,3074825,12.396028,23213.05,23250.0,23150,ATM+1,CALL,23100,2026-06-11
2026-06-11 11:24:00+05:30,138.6,142.55,135.75,142.0,207155,3107130,12.477603,23218.5,23250.0,23150,ATM+1,CALL,23100,2026-06-11
2026-06-11 11:25:00+05:30,141.2,143.9,140.45,141.2,296075,3109210,12.528566,23215.8,23250.0,23150,ATM+1,CALL,23100,2026-06-11
2026-06-11 11:26:00+05:30,117.65,125.3,117.65,125.0,675935,7659015,12.658812,23228.5,23300.0,23150,ATM+1,CALL,23100,2026-06-11
2026-06-11 11:27:00+05:30,125.55,130.75,125.0,129.55,944515,7531420,12.833046,23234.1,23300.0,23150,ATM+1,CALL,23100,2026-06-11
2026-06-11 11:28:00+05:30,130.35,130.8,126.9,128.5,380900,7423260,12.659176,23236.05,23300.0,23150,ATM+1,CALL,23100,2026-06-11
2026-06-11 11:29:00+05:30,128.05,130.0,124.8,130.0,341965,7427420,12.818731,23235.45,23300.0,23150,ATM+1,CALL,23100,2026-06-11
2026-06-11 11:30:00+05:30,129.6,132.95,127.7,127.8,658320,7302035,12.59261,23236.2,23300.0,23150,ATM+1,CALL,23100,2026-06-11
2026-06-11 11:31:00+05:30,128.1,130.35,123.4,125.05,359840,7276490,12.758658,23226.3,23300.0,23150,ATM+1,CALL,23100,2026-06-11
2026-06-11 11:32:00+05:30,124.7,125.15,121.8,124.25,265915,7292350,12.694418,23226.15,23300.0,23150,ATM+1,CALL,23100,2026-06-11
2026-06-11 11:33:00+05:30,124.3,129.4,124.25,126.5,270790,7303660,12.590419,23233.55,23300.0,23150,ATM+1,CALL,23100,2026-06-11
2026-06-11 11:34:00+05:30,127.1,127.45,122.05,122.05,240435,7306520,12.49184,23226.35,23300.0,23150,ATM+1,CALL,23100,2026-06-11
2026-06-11 11:35:00+05:30,123.0,126.95,120.6,126.95,281775,7302425,12.599166,23234.35,23300.0,23150,ATM+1,CALL,23100,2026-06-11
2026-06-11 11:36:00+05:30,150.25,151.25,143.6,143.7,205790,3213925,12.498465,23221.65,23250.0,23150,ATM+1,CALL,23100,2026-06-11
2026-06-11 11:37:00+05:30,144.9,146.2,143.05,143.35,164645,3241940,12.630774,23218.05,23250.0,23150,ATM+1,CALL,23100,2026-06-11
2026-06-11 11:38:00+05:30,143.45,144.55,140.0,140.0,210015,3192410,12.457306,23215.3,23250.0,23150,ATM+1,CALL,23100,2026-06-11
2026-06-11 11:39:00+05:30,139.6,144.55,138.3,143.9,280735,3188055,12.46027,23222.95,23250.0,23150,ATM+1,CALL,23100,2026-06-11
2026-06-11 11:40:00+05:30,143.65,146.15,142.0,143.3,223730,3334045,12.403405,23223.05,23250.0,23150,ATM+1,CALL,23100,2026-06-11
2026-06-11 11:41:00+05:30,119.6,124.0,118.4,123.6,150735,7308795,12.474585,23230.3,23300.0,23150,ATM+1,CALL,23100,2026-06-11
2026-06-11 11:42:00+05:30,123.7,133.05,122.85,131.95,476190,7290660,12.618918,23244.6,23300.0,23150,ATM+1,CALL,23100,2026-06-11
2026-06-11 11:43:00+05:30,131.95,132.2,128.4,129.7,382590,7169695,12.549412,23241.55,23300.0,23150,ATM+1,CALL,23100,2026-06-11
2026-06-11 11:44:00+05:30,129.8,137.35,129.45,137.35,554450,7154680,12.708811,23253.7,23300.0,23150,ATM+1,CALL,23100,2026-06-11
2026-06-11 11:45:00+05:30,137.85,141.05,135.9,138.05,948285,6892535,12.756738,23254.05,23300.0,23150,ATM+1,CALL,23100,2026-06-11
2026-06-11 11:46:00+05:30,137.45,140.85,136.8,140.3,625430,6725290,12.793586,23257.8,23300.0,23150,ATM+1,CALL,23100,2026-06-11
2026-06-11 11:47:00+05:30,140.95,149.25,138.15,148.65,948610,6705075,13.028973,23269.2,23300.0,23150,ATM+1,CALL,23100,2026-06-11
2026-06-11 11:48:00+05:30,149.3,150.45,142.65,145.6,812565,6544265,12.797613,23268.35,23300.0,23150,ATM+1,CALL,23100,2026-06-11
2026-06-11 11:49:00+05:30,145.7,145.75,140.85,143.35,334945,6526585,12.73995,23265.2,23300.0,23150,ATM+1,CALL,23100,2026-06-11
2026-06-11 11:50:00+05:30,143.9,148.1,143.35,147.3,444730,6502665,12.704316,23273.8,23300.0,23150,ATM+1,CALL,23100,2026-06-11
2026-06-11 11:51:00+05:30,148.45,149.0,145.1,145.1,369850,6526195,12.731598,23268.9,23300.0,23150,ATM+1,CALL,23100,2026-06-11
2026-06-11 11:52:00+05:30,145.1,147.35,143.05,147.35,383370,6542575,12.878264,23270.1,23300.0,23150,ATM+1,CALL,23100,2026-06-11
2026-06-11 11:53:00+05:30,146.45,147.8,145.1,146.8,241020,6563440,12.649353,23274.1,23300.0,23150,ATM+1,CALL,23100,2026-06-11
2026-06-11 11:54:00+05:30,147.5,151.0,145.0,146.1,506350,6582225,12.640477,23272.95,23300.0,23150,ATM+1,CALL,23100,2026-06-11
2026-06-11 11:55:00+05:30,146.3,150.2,146.1,147.0,353405,6589765,12.68278,23273.8,23300.0,23150,ATM+1,CALL,23100,2026-06-11
2026-06-11 11:56:00+05:30,123.15,133.95,121.45,132.05,399230,3091400,13.004,23285.3,23350.0,23150,ATM+1,CALL,23100,2026-06-11
2026-06-11 11:57:00+05:30,131.35,132.15,128.5,130.95,318890,3006185,12.92181,23284.95,23350.0,23150,ATM+1,CALL,23100,2026-06-11
2026-06-11 11:58:00+05:30,130.95,135.05,129.8,130.5,345995,2965885,12.632859,23290.9,23350.0,23150,ATM+1,CALL,23100,2026-06-11
2026-06-11 11:59:00+05:30,130.95,131.35,126.85,127.35,201370,2932930,12.678484,23283.15,23350.0,23150,ATM+1,CALL,23100,2026-06-11
2026-06-11 12:00:00+05:30,128.25,131.9,127.35,127.95,137410,2929420,12.674607,23284.55,23350.0,23150,ATM+1,CALL,23100,2026-06-11
2026-06-11 12:01:00+05:30,128.6,132.45,127.95,130.95,128635,2928445,12.77494,23288.55,23350.0,23150,ATM+1,CALL,23100,2026-06-11
2026-06-11 12:02:00+05:30,132.05,132.4,128.65,129.4,88010,2926365,12.757626,23285.7,23350.0,23150,ATM+1,CALL,23100,2026-06-11
2026-06-11 12:03:00+05:30,129.45,132.85,128.6,131.4,96135,2927730,12.75587,23290.0,23350.0,23150,ATM+1,CALL,23100,2026-06-11
2026-06-11 12:04:00+05:30,131.2,131.4,128.15,128.65,89115,2937935,12.651055,23286.7,23350.0,23150,ATM+1,CALL,23100,2026-06-11
2026-06-11 12:05:00+05:30,129.1,130.25,123.15,124.65,200135,2906930,12.526908,23281.15,23350.0,23150,ATM+1,CALL,23100,2026-06-11
2026-06-11 12:06:00+05:30,126.15,128.4,123.95,127.05,112840,2907450,12.702391,23282.1,23350.0,23150,ATM+1,CALL,23100,2026-06-11
2026-06-11 12:07:00+05:30,127.2,133.1,127.05,132.5,155935,2906280,12.845038,23290.3,23350.0,23150,ATM+1,CALL,23100,2026-06-11
2026-06-11 12:08:00+05:30,132.75,133.0,127.25,128.8,110500,2912130,12.752049,23284.7,23350.0,23150,ATM+1,CALL,23100,2026-06-11
2026-06-11 12:09:00+05:30,129.3,129.9,126.9,127.0,64935,2924415,12.653166,23283.25,23350.0,23150,ATM+1,CALL,23100,2026-06-11
2026-06-11 12:10:00+05:30,127.15,127.8,124.8,125.7,103480,2930590,12.726678,23278.7,23350.0,23150,ATM+1,CALL,23100,2026-06-11
2026-06-11 12:11:00+05:30,125.6,126.9,122.25,123.45,119795,2940145,12.574242,23277.55,23350.0,23150,ATM+1,CALL,23100,2026-06-11
2026-06-11 12:12:00+05:30,123.5,126.15,122.55,125.95,58110,2940860,12.562613,23283.25,23350.0,23150,ATM+1,CALL,23100,2026-06-11
2026-06-11 12:13:00+05:30,126.4,128.45,124.55,126.75,68640,2954120,12.501387,23286.45,23350.0,23150,ATM+1,CALL,23100,2026-06-11
2026-06-11 12:14:00+05:30,127.1,128.7,124.45,128.5,77155,2959255,12.612072,23287.55,23350.0,23150,ATM+1,CALL,23100,2026-06-11
2026-06-11 12:15:00+05:30,128.8,137.6,128.5,136.05,531700,2912585,12.707006,23301.1,23350.0,23150,ATM+1,CALL,23100,2026-06-11
2026-06-11 12:16:00+05:30,136.95,138.8,131.05,137.8,281645,2901275,12.720213,23304.4,23350.0,23150,ATM+1,CALL,23100,2026-06-11
2026-06-11 12:17:00+05:30,137.8,139.85,132.1,132.65,338390,2860910,12.555589,23297.65,23350.0,23150,ATM+1,CALL,23100,2026-06-11
2026-06-11 12:18:00+05:30,132.6,133.8,130.05,130.6,138515,2868450,12.517541,23294.3,23350.0,23150,ATM+1,CALL,23100,2026-06-11
2026-06-11 12:19:00+05:30,130.55,131.75,127.6,127.75,94705,2875405,12.468297,23289.5,23350.0,23150,ATM+1,CALL,23100,2026-06-11
2026-06-11 12:20:00+05:30,127.8,129.8,124.85,125.0,179725,2875405,12.456764,23283.95,23350.0,23150,ATM+1,CALL,23100,2026-06-11
2026-06-11 12:21:00+05:30,125.75,127.7,123.8,126.35,120770,2848430,12.609315,23283.2,23350.0,23150,ATM+1,CALL,23100,2026-06-11
2026-06-11 12:22:00+05:30,126.6,129.75,126.35,127.85,92105,2866760,12.570584,23287.35,23350.0,23150,ATM+1,CALL,23100,2026-06-11
2026-06-11 12:23:00+05:30,128.4,132.45,127.05,131.2,88985,2890095,12.61632,23293.35,23350.0,23150,ATM+1,CALL,23100,2026-06-11
2026-06-11 12:24:00+05:30,131.35,131.35,128.2,131.1,57330,2895100,12.676348,23291.75,23350.0,23150,ATM+1,CALL,23100,2026-06-11
2026-06-11 12:25:00+05:30,131.05,131.15,127.05,128.6,74555,2901340,12.583638,23288.7,23350.0,23150,ATM+1,CALL,23100,2026-06-11
2026-06-11 12:26:00+05:30,129.05,133.8,128.6,130.45,117000,2908685,12.58234,23292.65,23350.0,23150,ATM+1,CALL,23100,2026-06-11
2026-06-11 12:27:00+05:30,130.2,132.5,129.8,131.8,69940,2910440,12.694977,23292.85,23350.0,23150,ATM+1,CALL,23100,2026-06-11
2026-06-11 12:28:00+05:30,131.85,135.35,129.3,134.55,114075,2921880,12.599848,23300.8,23350.0,23150,ATM+1,CALL,23100,2026-06-11
2026-06-11 12:29:00+05:30,134.4,135.95,132.2,133.35,124150,2920515,12.632002,23297.6,23350.0,23150,ATM+1,CALL,23100,2026-06-11
2026-06-11 12:30:00+05:30,133.55,142.4,133.35,139.05,420290,2929810,12.777818,23305.95,23350.0,23150,ATM+1,CALL,23100,2026-06-11
2026-06-11 12:31:00+05:30,138.3,145.75,137.6,144.45,456690,2879565,12.81412,23316.0,23350.0,23150,ATM+1,CALL,23100,2026-06-11
2026-06-11 12:32:00+05:30,144.75,148.15,143.45,146.65,533650,2835885,12.826428,23320.1,23350.0,23150,ATM+1,CALL,23100,2026-06-11
2026-06-11 12:33:00+05:30,146.0,146.65,143.55,145.35,184340,2787525,12.893849,23316.05,23350.0,23150,ATM+1,CALL,23100,2026-06-11
2026-06-11 12:34:00+05:30,145.3,146.45,142.5,146.45,190450,2804945,12.722609,23322.05,23350.0,23150,ATM+1,CALL,23100,2026-06-11
2026-06-11 12:35:00+05:30,147.25,148.85,136.15,140.05,457340,2786940,12.554464,23313.15,23350.0,23150,ATM+1,CALL,23100,2026-06-11
2026-06-11 12:36:00+05:30,140.2,141.4,137.0,138.45,218530,2762760,12.649571,23307.8,23350.0,23150,ATM+1,CALL,23100,2026-06-11
2026-06-11 12:37:00+05:30,138.1,139.5,133.55,134.5,249860,2796365,12.93483,23293.1,23350.0,23150,ATM+1,CALL,23100,2026-06-11
2026-06-11 12:38:00+05:30,135.2,135.95,131.0,132.35,151125,2743975,12.721012,23293.65,23350.0,23150,ATM+1,CALL,23100,2026-06-11
2026-06-11 12:39:00+05:30,131.85,137.25,131.85,136.5,110435,2753855,12.920196,23297.65,23350.0,23150,ATM+1,CALL,23100,2026-06-11
2026-06-11 12:40:00+05:30,136.85,137.65,134.1,135.25,86255,2750800,12.799257,23297.9,23350.0,23150,ATM+1,CALL,23100,2026-06-11
2026-06-11 12:41:00+05:30,135.3,137.5,133.5,133.8,75790,2748135,12.789137,23295.15,23350.0,23150,ATM+1,CALL,23100,2026-06-11
2026-06-11 12:42:00+05:30,134.3,136.6,131.75,134.15,80015,2742025,12.76137,23296.55,23350.0,23150,ATM+1,CALL,23100,2026-06-11
2026-06-11 12:43:00+05:30,134.0,136.05,129.5,133.45,163930,2743390,12.830436,23293.5,23350.0,23150,ATM+1,CALL,23100,2026-06-11
2026-06-11 12:44:00+05:30,133.4,136.75,132.8,135.8,74490,2739880,12.929579,23296.1,23350.0,23150,ATM+1,CALL,23100,2026-06-11
2026-06-11 12:45:00+05:30,135.9,135.9,132.75,135.25,58305,2730520,12.926598,23295.05,23350.0,23150,ATM+1,CALL,23100,2026-06-11
2026-06-11 12:46:00+05:30,136.6,141.45,135.25,139.6,175695,2728180,13.041288,23301.4,23350.0,23150,ATM+1,CALL,23100,2026-06-11
2026-06-11 12:47:00+05:30,139.75,141.35,133.4,135.3,129935,2742480,13.009978,23293.25,23350.0,23150,ATM+1,CALL,23100,2026-06-11
2026-06-11 12:48:00+05:30,135.5,135.6,130.3,130.95,102245,2758470,12.925701,23286.1,23350.0,23150,ATM+1,CALL,23100,2026-06-11
2026-06-11 12:49:00+05:30,130.7,132.95,123.9,124.7,224445,2754245,12.810315,23275.45,23350.0,23150,ATM+1,CALL,23100,2026-06-11
2026-06-11 12:50:00+05:30,125.85,130.65,124.5,129.8,115895,2725320,12.979879,23282.4,23350.0,23150,ATM+1,CALL,23100,2026-06-11
2026-06-11 12:51:00+05:30,130.1,133.75,127.5,127.5,142805,2741570,12.83157,23281.05,23350.0,23150,ATM+1,CALL,23100,2026-06-11
2026-06-11 12:52:00+05:30,128.0,129.1,126.25,127.45,55315,2747745,12.908969,23279.1,23350.0,23150,ATM+1,CALL,23100,2026-06-11
2026-06-11 12:53:00+05:30,127.65,131.85,127.45,130.15,68185,2759510,12.920213,23284.65,23350.0,23150,ATM+1,CALL,23100,2026-06-11
2026-06-11 12:54:00+05:30,129.95,131.25,129.25,131.1,25350,2767505,13.327512,23276.95,23350.0,23150,ATM+1,CALL,23100,2026-06-11
2026-06-11 12:55:00+05:30,131.1,131.1,131.1,131.1,0,2767505,13.327513,23276.95,23350.0,23150,ATM+1,CALL,23100,2026-06-11
2026-06-11 12:56:00+05:30,127.65,132.95,127.65,129.0,216060,2806895,12.891613,23282.95,23350.0,23150,ATM+1,CALL,23100,2026-06-11
2026-06-11 12:57:00+05:30,129.35,139.55,129.0,139.25,185250,2815540,13.125442,23299.0,23350.0,23150,ATM+1,CALL,23100,2026-06-11
2026-06-11 12:58:00+05:30,138.9,144.25,138.9,142.5,306345,2803775,13.20747,23303.8,23350.0,23150,ATM+1,CALL,23100,2026-06-11
2026-06-11 12:59:00+05:30,141.35,146.3,137.95,145.65,300820,2806960,13.293753,23308.25,23350.0,23150,ATM+1,CALL,23100,2026-06-11
2026-06-11 13:00:00+05:30,145.85,154.8,145.65,153.05,795600,2840110,13.240921,23324.15,23350.0,23150,ATM+1,CALL,23100,2026-06-11
2026-06-11 13:01:00+05:30,153.65,154.75,145.25,145.55,365495,2752425,13.027736,23314.1,23350.0,23150,ATM+1,CALL,23100,2026-06-11
2026-06-11 13:02:00+05:30,145.9,147.05,139.6,143.15,268060,2781545,13.140409,23306.75,23350.0,23150,ATM+1,CALL,23100,2026-06-11
2026-06-11 13:03:00+05:30,143.0,143.15,139.85,140.6,178165,2767440,13.028286,23304.15,23350.0,23150,ATM+1,CALL,23100,2026-06-11
2026-06-11 13:04:00+05:30,140.2,141.1,137.6,137.6,176085,2807675,12.873181,23301.6,23350.0,23150,ATM+1,CALL,23100,2026-06-11
2026-06-11 13:05:00+05:30,138.65,141.0,137.5,140.2,129220,2809885,13.057961,23302.7,23350.0,23150,ATM+1,CALL,23100,2026-06-11
2026-06-11 13:06:00+05:30,139.6,141.05,138.0,139.3,90025,2720120,13.03101,23301.5,23350.0,23150,ATM+1,CALL,23100,2026-06-11
2026-06-11 13:07:00+05:30,139.7,141.15,137.6,137.6,78260,2725970,12.986691,23299.05,23350.0,23150,ATM+1,CALL,23100,2026-06-11
2026-06-11 13:08:00+05:30,137.35,137.95,133.7,135.35,161135,2719015,13.093707,23291.9,23350.0,23150,ATM+1,CALL,23100,2026-06-11
2026-06-11 13:09:00+05:30,135.6,135.75,128.6,128.6,158470,2702960,12.964954,23280.65,23350.0,23150,ATM+1,CALL,23100,2026-06-11
2026-06-11 13:10:00+05:30,128.95,131.3,128.1,130.3,113425,2671565,13.040994,23282.5,23350.0,23150,ATM+1,CALL,23100,2026-06-11
2026-06-11 13:11:00+05:30,130.1,131.15,125.75,128.25,150540,2690155,13.006244,23278.95,23350.0,23150,ATM+1,CALL,23100,2026-06-11
2026-06-11 13:12:00+05:30,153.35,154.0,144.15,147.65,683735,6196775,13.107524,23267.45,23300.0,23150,ATM+1,CALL,23100,2026-06-11
2026-06-11 13:13:00+05:30,147.25,147.95,142.3,143.1,352950,6197230,13.019875,23260.35,23300.0,23150,ATM+1,CALL,23100,2026-06-11
2026-06-11 13:14:00+05:30,142.65,144.85,142.45,143.4,231400,6238505,13.087566,23259.45,23300.0,23150,ATM+1,CALL,23100,2026-06-11
2026-06-11 13:15:00+05:30,144.45,145.4,143.15,144.2,274040,6279780,13.124566,23260.25,23300.0,23150,ATM+1,CALL,23100,2026-06-11
2026-06-11 13:16:00+05:30,147.0,147.65,141.6,141.9,364520,6345430,13.143066,23255.2,23300.0,23150,ATM+1,CALL,23100,2026-06-11
2026-06-11 13:17:00+05:30,141.5,147.1,138.2,144.05,660790,6355050,12.979817,23263.25,23300.0,23150,ATM+1,CALL,23100,2026-06-11
2026-06-11 13:18:00+05:30,144.6,144.6,139.8,142.35,322725,6357260,13.248896,23253.75,23300.0,23150,ATM+1,CALL,23100,2026-06-11
2026-06-11 13:19:00+05:30,142.25,144.5,139.55,139.85,338195,6383585,13.011338,23254.1,23300.0,23150,ATM+1,CALL,23100,2026-06-11
2026-06-11 13:20:00+05:30,139.75,140.3,133.7,134.25,642135,6433700,12.673297,23250.4,23300.0,23150,ATM+1,CALL,23100,2026-06-11
2026-06-11 13:21:00+05:30,134.1,134.25,126.45,127.2,801580,6305780,12.540503,23238.8,23300.0,23150,ATM+1,CALL,23100,2026-06-11
2026-06-11 13:22:00+05:30,126.4,127.2,124.3,124.45,507000,6267950,12.730079,23228.4,23300.0,23150,ATM+1,CALL,23100,2026-06-11
2026-06-11 13:23:00+05:30,125.45,135.35,123.75,132.2,628680,6274385,12.777443,23243.8,23300.0,23150,ATM+1,CALL,23100,2026-06-11
2026-06-11 13:24:00+05:30,132.75,133.6,129.0,133.35,270270,6317025,13.073248,23239.3,23300.0,23150,ATM+1,CALL,23100,2026-06-11
2026-06-11 13:25:00+05:30,133.25,133.7,126.0,126.05,331110,6327360,12.693695,23232.8,23300.0,23150,ATM+1,CALL,23100,2026-06-11
2026-06-11 13:26:00+05:30,125.85,126.05,121.0,124.0,489580,6439550,12.829957,23225.1,23300.0,23150,ATM+1,CALL,23100,2026-06-11
2026-06-11 13:27:00+05:30,124.0,126.95,123.25,124.45,336050,6471270,12.643815,23230.6,23300.0,23150,ATM+1,CALL,23100,2026-06-11
2026-06-11 13:28:00+05:30,124.8,129.0,123.45,127.6,233480,6550635,12.789774,23233.9,23300.0,23150,ATM+1,CALL,23100,2026-06-11
2026-06-11 13:29:00+05:30,127.4,131.65,127.15,131.1,338390,6535360,12.723585,23242.9,23300.0,23150,ATM+1,CALL,23100,2026-06-11
2026-06-11 13:30:00+05:30,131.3,143.0,131.1,138.6,922870,6432660,12.761676,23257.5,23300.0,23150,ATM+1,CALL,23100,2026-06-11
2026-06-11 13:31:00+05:30,138.95,139.7,134.05,137.35,402935,6546280,12.686241,23256.7,23300.0,23150,ATM+1,CALL,23100,2026-06-11
2026-06-11 13:32:00+05:30,141.05,143.1,137.35,142.4,533845,6554340,12.868161,23262.8,23300.0,23150,ATM+1,CALL,23100,2026-06-11
2026-06-11 13:33:00+05:30,141.8,144.5,138.0,138.8,581165,6627010,12.727431,23258.75,23300.0,23150,ATM+1,CALL,23100,2026-06-11
2026-06-11 13:34:00+05:30,138.85,138.85,130.6,130.75,486005,6589310,12.665257,23243.65,23300.0,23150,ATM+1,CALL,23100,2026-06-11
2026-06-11 13:35:00+05:30,131.45,135.85,130.55,134.4,356070,6576180,12.762702,23249.0,23300.0,23150,ATM+1,CALL,23100,2026-06-11
2026-06-11 13:36:00+05:30,133.75,138.85,133.1,138.85,242970,6525545,12.843053,23256.3,23300.0,23150,ATM+1,CALL,23100,2026-06-11
2026-06-11 13:37:00+05:30,138.5,138.85,134.0,134.3,249470,6573450,12.664666,23251.1,23300.0,23150,ATM+1,CALL,23100,2026-06-11
2026-06-11 13:38:00+05:30,134.15,134.3,128.6,130.4,426270,6588335,12.691397,23242.4,23300.0,23150,ATM+1,CALL,23100,2026-06-11
2026-06-11 13:39:00+05:30,129.75,130.45,123.65,125.1,493220,6566235,12.626729,23232.7,23300.0,23150,ATM+1,CALL,23100,2026-06-11
2026-06-11 13:40:00+05:30,125.3,130.0,123.9,124.65,263900,6592495,12.585222,23232.75,23300.0,23150,ATM+1,CALL,23100,2026-06-11
2026-06-11 13:41:00+05:30,124.3,126.0,122.8,125.0,270075,6577935,12.753146,23229.5,23300.0,23150,ATM+1,CALL,23100,2026-06-11
2026-06-11 13:42:00+05:30,125.3,128.0,124.55,125.5,165685,6595875,12.790806,23229.7,23300.0,23150,ATM+1,CALL,23100,2026-06-11
2026-06-11 13:43:00+05:30,149.85,151.2,143.3,146.25,240565,2813980,12.955777,23219.45,23250.0,23150,ATM+1,CALL,23100,2026-06-11
2026-06-11 13:44:00+05:30,145.7,149.45,141.65,147.5,299455,2804165,12.865855,23223.9,23250.0,23150,ATM+1,CALL,23100,2026-06-11
2026-06-11 13:45:00+05:30,147.0,147.9,144.7,144.7,177320,2792920,12.741705,23221.15,23250.0,23150,ATM+1,CALL,23100,2026-06-11
2026-06-11 13:46:00+05:30,121.15,126.15,118.75,126.15,257595,6607120,12.936423,23227.7,23300.0,23150,ATM+1,CALL,23100,2026-06-11
2026-06-11 13:47:00+05:30,126.2,131.5,126.15,127.1,465985,6568835,12.812454,23232.75,23300.0,23150,ATM+1,CALL,23100,2026-06-11
2026-06-11 13:48:00+05:30,126.4,130.4,125.1,125.1,218855,6596915,12.667162,23231.95,23300.0,23150,ATM+1,CALL,23100,2026-06-11
2026-06-11 13:49:00+05:30,125.5,127.4,123.6,125.35,190905,6658600,12.757393,23230.35,23300.0,23150,ATM+1,CALL,23100,2026-06-11
2026-06-11 13:50:00+05:30,150.25,150.7,147.05,148.1,160615,2949375,12.912129,23224.2,23250.0,23150,ATM+1,CALL,23100,2026-06-11
2026-06-11 13:51:00+05:30,124.55,126.3,121.65,125.2,177060,6663865,12.918145,23226.2,23300.0,23150,ATM+1,CALL,23100,2026-06-11
2026-06-11 13:52:00+05:30,125.55,128.15,122.25,128.15,166075,6671665,13.028994,23229.95,23300.0,23150,ATM+1,CALL,23100,2026-06-11
2026-06-11 13:53:00+05:30,127.4,130.2,126.45,129.2,233740,6657040,12.877002,23235.85,23300.0,23150,ATM+1,CALL,23100,2026-06-11
2026-06-11 13:54:00+05:30,129.15,129.85,126.85,127.85,181870,6683690,12.813588,23234.5,23300.0,23150,ATM+1,CALL,23100,2026-06-11
2026-06-11 13:55:00+05:30,128.35,129.75,125.7,129.1,176345,6697145,12.863748,23236.0,23300.0,23150,ATM+1,CALL,23100,2026-06-11
2026-06-11 13:56:00+05:30,129.35,131.55,127.6,130.5,166270,6728475,12.808267,23240.3,23300.0,23150,ATM+1,CALL,23100,2026-06-11
2026-06-11 13:57:00+05:30,131.15,133.35,128.0,128.95,289185,6718010,12.712666,23239.3,23300.0,23150,ATM+1,CALL,23100,2026-06-11
2026-06-11 13:58:00+05:30,130.0,134.95,128.95,134.05,275210,6716385,12.796091,23248.05,23300.0,23150,ATM+1,CALL,23100,2026-06-11
2026-06-11 13:59:00+05:30,133.05,134.05,124.65,126.6,338390,6777355,12.76929,23233.0,23300.0,23150,ATM+1,CALL,23100,2026-06-11
2026-06-11 14:00:00+05:30,126.4,131.25,125.2,130.9,295035,6821295,12.852538,23240.2,23300.0,23150,ATM+1,CALL,23100,2026-06-11
2026-06-11 14:01:00+05:30,130.4,130.9,127.2,128.45,105690,6847685,12.817832,23235.85,23300.0,23150,ATM+1,CALL,23100,2026-06-11
2026-06-11 14:02:00+05:30,127.9,128.45,126.2,128.25,130585,6862960,12.929155,23232.8,23300.0,23150,ATM+1,CALL,23100,2026-06-11
2026-06-11 14:03:00+05:30,128.8,129.45,127.05,127.1,133770,6868160,12.681668,23236.25,23300.0,23150,ATM+1,CALL,23100,2026-06-11
2026-06-11 14:04:00+05:30,127.35,129.15,125.85,127.1,166790,6888245,12.678466,23236.35,23300.0,23150,ATM+1,CALL,23100,2026-06-11
2026-06-11 14:05:00+05:30,127.1,128.25,122.25,125.5,327860,6929455,12.707854,23232.25,23300.0,23150,ATM+1,CALL,23100,2026-06-11
2026-06-11 14:06:00+05:30,126.45,128.1,125.1,126.95,171015,6903520,12.814222,23232.85,23300.0,23150,ATM+1,CALL,23100,2026-06-11
2026-06-11 14:07:00+05:30,152.35,152.5,141.5,141.5,321685,3137095,12.529778,23220.0,23250.0,23150,ATM+1,CALL,23100,2026-06-11
2026-06-11 14:08:00+05:30,141.35,142.55,136.1,136.1,408915,3100370,12.493987,23210.05,23250.0,23150,ATM+1,CALL,23100,2026-06-11
2026-06-11 14:09:00+05:30,135.8,140.9,134.45,140.75,375050,3036995,12.798519,23212.6,23250.0,23150,ATM+1,CALL,23100,2026-06-11
2026-06-11 14:10:00+05:30,140.85,145.55,138.7,140.35,298350,3067090,12.67392,23214.6,23250.0,23150,ATM+1,CALL,23100,2026-06-11
2026-06-11 14:11:00+05:30,140.3,141.55,137.0,140.5,187330,3108365,12.755753,23213.1,23250.0,23150,ATM+1,CALL,23100,2026-06-11
2026-06-11 14:12:00+05:30,140.6,142.0,137.3,139.1,131365,3136770,12.751785,23210.4,23250.0,23150,ATM+1,CALL,23100,2026-06-11
2026-06-11 14:13:00+05:30,139.0,146.2,138.8,145.45,202150,3161340,12.741979,23223.25,23250.0,23150,ATM+1,CALL,23100,2026-06-11
2026-06-11 14:14:00+05:30,145.75,148.0,142.5,143.65,324025,3156855,12.739017,23219.8,23250.0,23150,ATM+1,CALL,23100,2026-06-11
2026-06-11 14:15:00+05:30,143.8,145.4,141.0,142.35,228865,3205020,12.831601,23215.2,23250.0,23150,ATM+1,CALL,23100,2026-06-11
2026-06-11 14:16:00+05:30,142.45,146.45,142.3,142.6,175630,3253250,12.805474,23216.3,23250.0,23150,ATM+1,CALL,23100,2026-06-11
2026-06-11 14:17:00+05:30,142.65,143.1,140.5,141.6,83850,3277885,12.809094,23214.25,23250.0,23150,ATM+1,CALL,23100,2026-06-11
2026-06-11 14:18:00+05:30,141.75,141.75,135.95,135.95,176605,3290040,12.581742,23208.0,23250.0,23150,ATM+1,CALL,23100,2026-06-11
2026-06-11 14:19:00+05:30,136.5,143.6,135.2,143.6,206895,3314090,12.87579,23216.8,23250.0,23150,ATM+1,CALL,23100,2026-06-11
2026-06-11 14:20:00+05:30,143.9,147.0,142.25,145.2,314600,3285035,12.738261,23223.0,23250.0,23150,ATM+1,CALL,23100,2026-06-11
2026-06-11 14:21:00+05:30,145.55,147.75,144.2,144.45,165490,3322150,12.820389,23219.75,23250.0,23150,ATM+1,CALL,23100,2026-06-11
2026-06-11 14:22:00+05:30,143.9,147.8,143.9,145.1,103090,3321045,12.868423,23220.0,23250.0,23150,ATM+1,CALL,23100,2026-06-11
2026-06-11 14:23:00+05:30,146.0,146.55,137.65,138.05,217555,3323060,12.720031,23209.25,23250.0,23150,ATM+1,CALL,23100,2026-06-11
2026-06-11 14:24:00+05:30,138.55,139.8,137.35,139.25,114335,3324360,12.955284,23206.4,23250.0,23150,ATM+1,CALL,23100,2026-06-11
2026-06-11 14:25:00+05:30,139.1,144.4,139.1,143.7,176735,3344445,12.902346,23216.55,23250.0,23150,ATM+1,CALL,23100,2026-06-11
2026-06-11 14:26:00+05:30,119.65,124.55,119.0,123.7,220090,7291310,12.866348,23225.05,23300.0,23150,ATM+1,CALL,23100,2026-06-11
2026-06-11 14:27:00+05:30,123.9,125.8,122.85,124.65,519675,7228390,12.899385,23226.35,23300.0,23150,ATM+1,CALL,23100,2026-06-11
2026-06-11 14:28:00+05:30,127.0,135.6,124.65,135.55,1078870,7184385,12.809422,23251.55,23300.0,23150,ATM+1,CALL,23100,2026-06-11
2026-06-11 14:29:00+05:30,135.5,135.8,128.65,128.65,692900,7109180,12.63958,23241.15,23300.0,23150,ATM+1,CALL,23100,2026-06-11
2026-06-11 14:30:00+05:30,128.55,131.7,124.2,131.6,494650,7115485,12.721385,23245.45,23300.0,23150,ATM+1,CALL,23100,2026-06-11
2026-06-11 14:31:00+05:30,131.25,131.6,127.6,128.25,408070,7194135,12.650405,23240.1,23300.0,23150,ATM+1,CALL,23100,2026-06-11
2026-06-11 14:32:00+05:30,127.9,129.85,125.2,129.85,314860,7234565,12.652133,23243.45,23300.0,23150,ATM+1,CALL,23100,2026-06-11
2026-06-11 14:33:00+05:30,127.95,129.85,121.5,121.55,310570,7242625,12.513628,23229.05,23300.0,23150,ATM+1,CALL,23100,2026-06-11
2026-06-11 14:34:00+05:30,121.7,124.4,120.6,123.0,323440,7159555,12.535003,23231.7,23300.0,23150,ATM+1,CALL,23100,2026-06-11
2026-06-11 14:35:00+05:30,123.15,128.0,123.0,124.2,277355,7187050,12.410829,23237.25,23300.0,23150,ATM+1,CALL,23100,2026-06-11
2026-06-11 14:36:00+05:30,148.9,149.5,139.85,140.6,384800,3541915,12.781668,23213.3,23250.0,23150,ATM+1,CALL,23100,2026-06-11
2026-06-11 14:37:00+05:30,115.75,118.9,111.1,117.85,916175,7103265,12.307594,23226.05,23300.0,23150,ATM+1,CALL,23100,2026-06-11
2026-06-11 14:38:00+05:30,141.45,145.1,137.2,138.4,266370,3529955,12.355647,23218.4,23250.0,23150,ATM+1,CALL,23100,2026-06-11
2026-06-11 14:39:00+05:30,138.25,138.4,130.25,135.45,493090,3493100,12.150389,23217.1,23250.0,23150,ATM+1,CALL,23100,2026-06-11
2026-06-11 14:40:00+05:30,136.8,136.85,130.95,132.1,277940,3529825,12.246825,23208.25,23250.0,23150,ATM+1,CALL,23100,2026-06-11
2026-06-11 14:41:00+05:30,131.75,132.5,127.9,132.45,272155,3553420,12.031482,23213.8,23250.0,23150,ATM+1,CALL,23100,2026-06-11
2026-06-11 14:42:00+05:30,133.1,133.7,128.6,129.55,218725,3623685,11.912661,23210.65,23250.0,23150,ATM+1,CALL,23100,2026-06-11
2026-06-11 14:43:00+05:30,129.35,131.65,121.25,121.55,408850,3622255,11.779542,23197.3,23250.0,23150,ATM+1,CALL,23100,2026-06-11
2026-06-11 14:44:00+05:30,121.7,125.5,121.2,124.3,278720,3588845,11.902511,23200.2,23250.0,23150,ATM+1,CALL,23100,2026-06-11
2026-06-11 14:45:00+05:30,125.55,125.55,122.05,123.05,274820,3617640,11.918837,23197.25,23250.0,23150,ATM+1,CALL,23100,2026-06-11
2026-06-11 14:46:00+05:30,123.3,127.4,120.05,120.65,326495,3581955,11.929006,23192.0,23250.0,23150,ATM+1,CALL,23100,2026-06-11
2026-06-11 14:47:00+05:30,142.5,144.15,131.85,133.05,1401465,6649955,11.971503,23167.1,23200.0,23150,ATM+1,CALL,23100,2026-06-11
2026-06-11 14:48:00+05:30,111.05,118.0,110.3,117.5,278525,3492060,12.137793,23180.35,23250.0,23150,ATM+1,CALL,23100,2026-06-11
2026-06-11 14:49:00+05:30,118.3,122.05,117.3,120.95,218595,3500380,11.911944,23193.1,23250.0,23150,ATM+1,CALL,23100,2026-06-11
2026-06-11 14:50:00+05:30,144.65,144.65,135.8,136.05,789685,6897605,11.986768,23172.75,23200.0,23150,ATM+1,CALL,23100,2026-06-11
2026-06-11 14:51:00+05:30,136.1,140.4,135.85,136.95,371670,6936085,12.085014,23172.4,23200.0,23150,ATM+1,CALL,23100,2026-06-11
2026-06-11 14:52:00+05:30,137.2,138.4,134.3,134.65,341120,7023380,11.938272,23171.1,23200.0,23150,ATM+1,CALL,23100,2026-06-11
2026-06-11 14:53:00+05:30,134.65,138.0,134.6,137.25,266955,7097285,12.040375,23174.0,23200.0,23150,ATM+1,CALL,23100,2026-06-11
2026-06-11 14:54:00+05:30,137.15,137.4,134.4,136.15,298610,7166705,12.048014,23171.7,23200.0,23150,ATM+1,CALL,23100,2026-06-11
2026-06-11 14:55:00+05:30,136.05,138.0,134.3,136.55,299780,7188090,12.043734,23172.6,23200.0,23150,ATM+1,CALL,23100,2026-06-11
2026-06-11 14:56:00+05:30,137.0,137.2,133.7,133.85,313430,7308405,11.904418,23170.35,23200.0,23150,ATM+1,CALL,23100,2026-06-11
2026-06-11 14:57:00+05:30,134.5,135.05,131.9,133.5,439205,7352800,12.06282,23166.2,23200.0,23150,ATM+1,CALL,23100,2026-06-11
2026-06-11 14:58:00+05:30,133.6,135.5,133.5,135.15,258635,7411625,11.925022,23172.5,23200.0,23150,ATM+1,CALL,23100,2026-06-11
2026-06-11 14:59:00+05:30,113.95,115.25,108.7,113.9,396305,3490760,11.959203,23177.05,23250.0,23150,ATM+1,CALL,23100,2026-06-11
2026-06-11 15:00:00+05:30,138.85,146.7,128.85,128.85,1210755,7441655,12.191337,23154.0,23200.0,23150,ATM+1,CALL,23100,2026-06-11
2026-06-11 15:01:00+05:30,128.65,130.4,124.5,127.4,931450,7536165,12.098788,23153.15,23200.0,23150,ATM+1,CALL,23100,2026-06-11
2026-06-11 15:02:00+05:30,126.9,129.8,121.8,128.2,888745,7631195,11.921963,23158.8,23200.0,23150,ATM+1,CALL,23100,2026-06-11
2026-06-11 15:03:00+05:30,128.2,128.35,125.1,128.0,417170,7723170,11.929373,23158.25,23200.0,23150,ATM+1,CALL,23100,2026-06-11
2026-06-11 15:04:00+05:30,127.7,129.0,125.65,126.2,352235,7755215,12.348613,23145.0,23200.0,23150,ATM+1,CALL,23100,2026-06-11
2026-06-11 15:05:00+05:30,125.9,126.35,121.7,125.25,521885,7717905,12.15319,23147.55,23200.0,23150,ATM+1,CALL,23100,2026-06-11
2026-06-11 15:06:00+05:30,125.5,126.15,121.35,121.85,592345,7794085,12.199371,23139.35,23200.0,23150,ATM+1,CALL,23100,2026-06-11
2026-06-11 15:07:00+05:30,121.0,126.55,120.35,126.1,444405,7811700,12.208146,23148.1,23200.0,23150,ATM+1,CALL,23100,2026-06-11
2026-06-11 15:08:00+05:30,126.6,128.7,125.4,125.65,501930,7746115,12.67141,23136.4,23200.0,23150,ATM+1,CALL,23100,2026-06-11
2026-06-11 15:09:00+05:30,125.8,129.95,125.65,128.7,352950,7684820,12.629607,23143.85,23200.0,23150,ATM+1,CALL,23100,2026-06-11
2026-06-11 15:10:00+05:30,129.25,134.3,128.7,134.2,523315,7607925,12.78395,23151.75,23200.0,23150,ATM+1,CALL,23100,2026-06-11
2026-06-11 15:11:00+05:30,134.35,136.25,131.55,131.65,486395,7460115,12.887894,23144.1,23200.0,23150,ATM+1,CALL,23100,2026-06-11
2026-06-11 15:12:00+05:30,131.7,136.0,130.05,135.55,407875,7433335,12.916867,23151.55,23200.0,23150,ATM+1,CALL,23100,2026-06-11
2026-06-11 15:13:00+05:30,136.0,139.25,135.45,138.95,420940,7402005,12.767347,23161.85,23200.0,23150,ATM+1,CALL,23100,2026-06-11
2026-06-11 15:14:00+05:30,139.0,140.7,136.45,137.2,532025,7396155,12.432048,23165.8,23200.0,23150,ATM+1,CALL,23100,2026-06-11
2026-06-11 15:15:00+05:30,137.0,138.4,131.1,136.8,704145,7279025,12.369727,23166.4,23200.0,23150,ATM+1,CALL,23100,2026-06-11
2026-06-11 15:16:00+05:30,114.5,121.2,114.3,120.8,316160,3037125,12.456366,23180.55,23250.0,23150,ATM+1,CALL,23100,2026-06-11
2026-06-11 15:17:00+05:30,120.05,122.3,119.7,120.8,233805,2996500,12.400805,23181.9,23250.0,23150,ATM+1,CALL,23100,2026-06-11
2026-06-11 15:18:00+05:30,120.65,122.0,118.1,118.5,221650,2950610,12.224659,23181.15,23250.0,23150,ATM+1,CALL,23100,2026-06-11
2026-06-11 15:19:00+05:30,141.7,141.75,137.2,138.95,496795,6849245,12.312138,23172.0,23200.0,23150,ATM+1,CALL,23100,2026-06-11
2026-06-11 15:20:00+05:30,116.4,118.8,115.85,117.0,149695,2915965,12.213536,23178.2,23250.0,23150,ATM+1,CALL,23100,2026-06-11
2026-06-11 15:21:00+05:30,117.05,120.45,117.0,117.1,143650,2914210,12.287956,23176.65,23250.0,23150,ATM+1,CALL,23100,2026-06-11
2026-06-11 15:22:00+05:30,138.85,142.0,138.2,138.2,347100,6735170,12.343784,23169.9,23200.0,23150,ATM+1,CALL,23100,2026-06-11
2026-06-11 15:23:00+05:30,137.8,141.4,136.6,140.85,330200,6742060,12.538431,23170.9,23200.0,23150,ATM+1,CALL,23100,2026-06-11
2026-06-11 15:24:00+05:30,140.95,142.35,140.2,141.5,320580,6743425,12.473936,23173.6,23200.0,23150,ATM+1,CALL,23100,2026-06-11
2026-06-11 15:25:00+05:30,142.0,147.55,141.3,147.55,943410,6800820,12.984803,23174.4,23200.0,23150,ATM+1,CALL,23100,2026-06-11
2026-06-11 15:26:00+05:30,123.25,126.9,121.0,125.95,270595,2709070,13.099046,23176.6,23250.0,23150,ATM+1,CALL,23100,2026-06-11
2026-06-11 15:27:00+05:30,125.2,126.0,124.1,125.1,206245,2637440,12.918452,23179.1,23250.0,23150,ATM+1,CALL,23100,2026-06-11
2026-06-11 15:28:00+05:30,125.0,126.0,124.0,125.5,259740,2556645,12.915976,23180.05,23250.0,23150,ATM+1,CALL,23100,2026-06-11
2026-06-11 15:29:00+05:30,125.5,127.7,125.5,126.65,340795,2433665,12.746826,23186.55,23250.0,23150,ATM+1,CALL,23100,2026-06-11
2026-06-11 09:15:00+05:30,173.0,186.35,171.7,184.35,1211535,1187095,15.823199,23104.4,23150.0,23150,ATM+1,PUT,23100,2026-06-11
2026-06-11 09:16:00+05:30,187.8,198.25,184.35,196.65,701090,1275365,15.904362,23082.3,23150.0,23150,ATM+1,PUT,23100,2026-06-11
2026-06-11 09:17:00+05:30,197.95,206.65,195.25,195.25,549900,1289470,16.269983,23092.9,23150.0,23150,ATM+1,PUT,23100,2026-06-11
2026-06-11 09:18:00+05:30,194.95,195.25,185.6,189.6,334165,1310205,16.097122,23100.1,23150.0,23150,ATM+1,PUT,23100,2026-06-11
2026-06-11 09:19:00+05:30,190.2,190.2,181.4,183.2,258050,1332175,16.231766,23115.85,23150.0,23150,ATM+1,PUT,23100,2026-06-11
2026-06-11 09:20:00+05:30,209.8,215.05,200.45,201.2,481975,4703140,16.107237,23128.6,23200.0,23150,ATM+1,PUT,23100,2026-06-11
2026-06-11 09:21:00+05:30,201.45,201.95,193.2,194.35,520455,4745065,16.141522,23142.45,23200.0,23150,ATM+1,PUT,23100,2026-06-11
2026-06-11 09:22:00+05:30,194.8,199.9,191.45,193.6,403325,4779970,16.096537,23142.9,23200.0,23150,ATM+1,PUT,23100,2026-06-11
2026-06-11 09:23:00+05:30,193.05,198.45,191.3,198.1,297895,4905160,16.144344,23135.25,23200.0,23150,ATM+1,PUT,23100,2026-06-11
2026-06-11 09:24:00+05:30,171.2,180.55,169.25,179.65,690430,1852240,15.963435,23116.8,23150.0,23150,ATM+1,PUT,23100,2026-06-11
2026-06-11 09:25:00+05:30,179.6,183.1,177.9,181.65,510120,1902420,15.797339,23109.0,23150.0,23150,ATM+1,PUT,23100,2026-06-11
2026-06-11 09:26:00+05:30,182.0,184.85,178.7,180.75,430625,1970085,15.651762,23107.5,23150.0,23150,ATM+1,PUT,23100,2026-06-11
2026-06-11 09:27:00+05:30,181.45,190.2,179.1,185.35,600340,2010970,15.788896,23101.45,23150.0,23150,ATM+1,PUT,23100,2026-06-11
2026-06-11 09:28:00+05:30,184.95,185.35,176.15,176.4,327470,1963000,15.714067,23117.6,23150.0,23150,ATM+1,PUT,23100,2026-06-11
2026-06-11 09:29:00+05:30,176.5,178.6,171.5,175.95,281905,1955135,15.862344,23121.9,23150.0,23150,ATM+1,PUT,23100,2026-06-11
2026-06-11 09:30:00+05:30,176.25,185.5,175.35,184.6,381550,1962090,16.122418,23110.35,23150.0,23150,ATM+1,PUT,23100,2026-06-11
2026-06-11 09:31:00+05:30,184.15,187.8,178.55,178.55,368420,2063880,15.876154,23116.9,23150.0,23150,ATM+1,PUT,23100,2026-06-11
2026-06-11 09:32:00+05:30,176.4,179.8,172.55,179.8,275340,2065700,15.85809,23113.95,23150.0,23150,ATM+1,PUT,23100,2026-06-11
2026-06-11 09:33:00+05:30,180.5,188.95,179.8,188.15,402675,2102165,16.048537,23101.6,23150.0,23150,ATM+1,PUT,23100,2026-06-11
2026-06-11 09:34:00+05:30,188.9,189.0,181.1,181.6,243945,2135315,15.829004,23109.65,23150.0,23150,ATM+1,PUT,23100,2026-06-11
2026-06-11 09:35:00+05:30,182.85,192.05,181.6,191.5,467545,2152865,16.136852,23096.95,23150.0,23150,ATM+1,PUT,23100,2026-06-11
2026-06-11 09:36:00+05:30,190.85,191.5,181.35,181.35,307450,2126605,15.928022,23112.35,23150.0,23150,ATM+1,PUT,23100,2026-06-11
2026-06-11 09:37:00+05:30,181.0,182.5,175.45,178.25,254475,2097290,15.961546,23119.35,23150.0,23150,ATM+1,PUT,23100,2026-06-11
2026-06-11 09:38:00+05:30,204.7,205.45,195.75,198.2,382460,4839770,15.918892,23129.95,23200.0,23150,ATM+1,PUT,23100,2026-06-11
2026-06-11 09:39:00+05:30,198.0,198.25,192.3,194.9,278720,4855955,15.739053,23132.35,23200.0,23150,ATM+1,PUT,23100,2026-06-11
2026-06-11 09:40:00+05:30,168.0,175.1,168.0,175.0,436865,2266550,15.693595,23119.75,23150.0,23150,ATM+1,PUT,23100,2026-06-11
2026-06-11 09:41:00+05:30,175.0,176.8,172.5,174.0,289250,2365675,15.631967,23120.35,23150.0,23150,ATM+1,PUT,23100,2026-06-11
2026-06-11 09:42:00+05:30,174.0,177.3,171.75,175.65,197210,2397330,15.763671,23120.0,23150.0,23150,ATM+1,PUT,23100,2026-06-11
2026-06-11 09:43:00+05:30,202.15,203.2,188.55,188.95,456690,4948970,15.628673,23141.3,23200.0,23150,ATM+1,PUT,23100,2026-06-11
2026-06-11 09:44:00+05:30,188.5,189.3,185.25,187.9,315770,4939935,15.671385,23144.25,23200.0,23150,ATM+1,PUT,23100,2026-06-11
2026-06-11 09:45:00+05:30,186.95,192.0,183.5,186.3,313495,4990310,15.594282,23145.65,23200.0,23150,ATM+1,PUT,23100,2026-06-11
2026-06-11 09:46:00+05:30,186.3,189.0,182.0,183.5,292370,5057650,15.744342,23154.45,23200.0,23150,ATM+1,PUT,23100,2026-06-11
2026-06-11 09:47:00+05:30,182.95,188.8,182.95,187.95,244335,5091840,15.925442,23149.7,23200.0,23150,ATM+1,PUT,23100,2026-06-11
2026-06-11 09:48:00+05:30,187.85,193.05,186.35,193.05,355355,5121480,16.005032,23141.5,23200.0,23150,ATM+1,PUT,23100,2026-06-11
2026-06-11 09:49:00+05:30,193.0,193.05,184.9,185.75,249600,5179915,15.894311,23153.3,23200.0,23150,ATM+1,PUT,23100,2026-06-11
2026-06-11 09:50:00+05:30,185.0,190.95,177.1,179.2,387595,5183425,15.742458,23162.9,23200.0,23150,ATM+1,PUT,23100,2026-06-11
2026-06-11 09:51:00+05:30,180.25,181.15,175.4,176.85,377520,5172765,15.737312,23167.5,23200.0,23150,ATM+1,PUT,23100,2026-06-11
2026-06-11 09:52:00+05:30,177.4,182.0,175.95,177.4,318110,5266885,15.93057,23170.8,23200.0,23150,ATM+1,PUT,23100,2026-06-11
2026-06-11 09:53:00+05:30,176.7,179.3,174.55,176.2,294450,5314335,15.890337,23172.3,23200.0,23150,ATM+1,PUT,23100,2026-06-11
2026-06-11 09:54:00+05:30,176.55,185.65,176.2,185.4,396110,5386875,15.824725,23152.35,23200.0,23150,ATM+1,PUT,23100,2026-06-11
2026-06-11 09:55:00+05:30,183.7,190.7,182.8,189.7,740870,5412225,15.729837,23141.85,23200.0,23150,ATM+1,PUT,23100,2026-06-11
2026-06-11 09:56:00+05:30,189.15,190.75,184.75,190.4,249015,5449665,15.73072,23140.5,23200.0,23150,ATM+1,PUT,23100,2026-06-11
2026-06-11 09:57:00+05:30,192.1,196.55,190.4,196.15,504205,5438290,15.808238,23131.15,23200.0,23150,ATM+1,PUT,23100,2026-06-11
2026-06-11 09:58:00+05:30,169.35,175.2,168.8,174.85,805480,3308045,15.473284,23114.7,23150.0,23150,ATM+1,PUT,23100,2026-06-11
2026-06-11 09:59:00+05:30,174.0,177.1,171.05,175.45,526045,3121300,15.654714,23117.6,23150.0,23150,ATM+1,PUT,23100,2026-06-11
2026-06-11 10:00:00+05:30,202.15,202.6,194.4,194.75,402870,5289765,15.641778,23130.2,23200.0,23150,ATM+1,PUT,23100,2026-06-11
2026-06-11 10:01:00+05:30,194.25,195.6,191.75,194.3,296335,5309330,15.710199,23132.5,23200.0,23150,ATM+1,PUT,23100,2026-06-11
2026-06-11 10:02:00+05:30,167.05,173.15,166.6,171.55,356655,3127865,15.542405,23122.9,23150.0,23150,ATM+1,PUT,23100,2026-06-11
2026-06-11 10:03:00+05:30,171.8,175.8,165.9,173.9,348075,3161405,15.662482,23120.85,23150.0,23150,ATM+1,PUT,23100,2026-06-11
2026-06-11 10:04:00+05:30,173.6,179.8,171.8,179.7,441155,3192280,15.635678,23108.55,23150.0,23150,ATM+1,PUT,23100,2026-06-11
2026-06-11 10:05:00+05:30,179.05,181.65,175.1,175.85,592020,3220230,15.450414,23112.05,23150.0,23150,ATM+1,PUT,23100,2026-06-11
2026-06-11 10:06:00+05:30,205.0,205.1,189.05,190.55,526565,5234190,15.604335,23137.3,23200.0,23150,ATM+1,PUT,23100,2026-06-11
2026-06-11 10:07:00+05:30,191.15,193.2,182.25,183.6,344760,5193500,15.470074,23147.8,23200.0,23150,ATM+1,PUT,23100,2026-06-11
2026-06-11 10:08:00+05:30,186.0,186.0,177.65,177.65,328510,5206305,15.353378,23156.9,23200.0,23150,ATM+1,PUT,23100,2026-06-11
2026-06-11 10:09:00+05:30,177.15,180.4,174.85,179.8,438035,5261360,15.546829,23156.95,23200.0,23150,ATM+1,PUT,23100,2026-06-11
2026-06-11 10:10:00+05:30,179.6,180.8,175.0,178.3,303550,5398120,15.474932,23158.3,23200.0,23150,ATM+1,PUT,23100,2026-06-11
2026-06-11 10:11:00+05:30,178.35,178.35,173.8,175.9,212225,5455320,15.471517,23163.0,23200.0,23150,ATM+1,PUT,23100,2026-06-11
2026-06-11 10:12:00+05:30,174.55,180.1,174.55,179.25,351520,5484505,15.48708,23156.65,23200.0,23150,ATM+1,PUT,23100,2026-06-11
2026-06-11 10:13:00+05:30,179.75,180.2,175.7,178.05,194415,5505435,15.519633,23159.75,23200.0,23150,ATM+1,PUT,23100,2026-06-11
2026-06-11 10:14:00+05:30,177.25,184.65,175.5,182.4,324805,5510245,15.355504,23147.5,23200.0,23150,ATM+1,PUT,23100,2026-06-11
2026-06-11 10:15:00+05:30,183.35,183.55,176.25,177.7,291980,5542550,15.407883,23157.9,23200.0,23150,ATM+1,PUT,23100,2026-06-11
2026-06-11 10:16:00+05:30,175.15,177.7,171.1,174.35,347815,5562050,15.424097,23164.95,23200.0,23150,ATM+1,PUT,23100,2026-06-11
2026-06-11 10:17:00+05:30,174.25,175.25,170.0,170.9,330720,5571995,15.303339,23169.15,23200.0,23150,ATM+1,PUT,23100,2026-06-11
2026-06-11 10:18:00+05:30,172.25,175.0,167.9,168.8,279955,5598060,15.285564,23173.0,23200.0,23150,ATM+1,PUT,23100,2026-06-11
2026-06-11 10:19:00+05:30,195.9,195.95,189.6,189.6,122850,1401400,15.307451,23183.15,23250.0,23150,ATM+1,PUT,23100,2026-06-11
2026-06-11 10:20:00+05:30,189.8,193.4,187.0,187.85,123370,1423240,15.48194,23190.25,23250.0,23150,ATM+1,PUT,23100,2026-06-11
2026-06-11 10:21:00+05:30,188.45,194.7,187.85,193.8,114595,1467635,15.634985,23182.15,23250.0,23150,ATM+1,PUT,23100,2026-06-11
2026-06-11 10:22:00+05:30,194.35,196.8,192.4,195.3,82550,1490060,15.663652,23179.9,23250.0,23150,ATM+1,PUT,23100,2026-06-11
2026-06-11 10:23:00+05:30,195.3,195.95,191.65,194.4,59735,1498770,15.661783,23181.55,23250.0,23150,ATM+1,PUT,23100,2026-06-11
2026-06-11 10:24:00+05:30,194.35,197.8,193.0,195.6,45955,1497080,15.684834,23179.75,23250.0,23150,ATM+1,PUT,23100,2026-06-11
2026-06-11 10:25:00+05:30,196.15,197.55,194.55,196.3,56225,1512550,15.729021,23179.35,23250.0,23150,ATM+1,PUT,23100,2026-06-11
2026-06-11 10:26:00+05:30,195.75,196.3,187.05,187.6,97045,1520285,15.597521,23193.15,23250.0,23150,ATM+1,PUT,23100,2026-06-11
2026-06-11 10:27:00+05:30,188.05,188.55,179.35,180.2,225030,1521195,15.595292,23207.6,23250.0,23150,ATM+1,PUT,23100,2026-06-11
2026-06-11 10:28:00+05:30,179.95,187.7,179.05,185.9,179530,1612845,15.73273,23199.4,23250.0,23150,ATM+1,PUT,23100,2026-06-11
2026-06-11 10:29:00+05:30,185.45,186.45,182.8,185.75,67730,1637480,15.724768,23199.5,23250.0,23150,ATM+1,PUT,23100,2026-06-11
2026-06-11 10:30:00+05:30,184.5,192.95,181.55,191.1,178815,1653665,15.715762,23188.9,23250.0,23150,ATM+1,PUT,23100,2026-06-11
2026-06-11 10:31:00+05:30,191.2,192.55,184.0,185.0,136175,1656655,15.644121,23199.15,23250.0,23150,ATM+1,PUT,23100,2026-06-11
2026-06-11 10:32:00+05:30,185.6,187.2,180.85,182.15,72410,1667315,15.611,23204.0,23250.0,23150,ATM+1,PUT,23100,2026-06-11
2026-06-11 10:33:00+05:30,183.1,188.25,182.15,184.3,59995,1674335,15.574654,23198.95,23250.0,23150,ATM+1,PUT,23100,2026-06-11
2026-06-11 10:34:00+05:30,185.0,186.85,184.3,185.9,33085,1689285,15.800769,23200.8,23250.0,23150,ATM+1,PUT,23100,2026-06-11
2026-06-11 10:35:00+05:30,185.55,185.9,181.8,185.3,72085,1706705,15.77548,23201.4,23250.0,23150,ATM+1,PUT,23100,2026-06-11
2026-06-11 10:36:00+05:30,186.1,190.85,185.3,188.55,88140,1737190,15.82882,23196.2,23250.0,23150,ATM+1,PUT,23100,2026-06-11
2026-06-11 10:37:00+05:30,188.0,191.85,186.15,190.3,63245,1744015,15.78837,23191.9,23250.0,23150,ATM+1,PUT,23100,2026-06-11
2026-06-11 10:38:00+05:30,188.9,190.3,185.85,186.55,51675,1757470,15.784779,23199.1,23250.0,23150,ATM+1,PUT,23100,2026-06-11
2026-06-11 10:39:00+05:30,185.55,186.65,180.25,182.15,107575,1767805,15.770847,23207.45,23250.0,23150,ATM+1,PUT,23100,2026-06-11
2026-06-11 10:40:00+05:30,182.1,184.6,179.6,180.6,120055,1789190,15.854027,23212.4,23250.0,23150,ATM+1,PUT,23100,2026-06-11
2026-06-11 10:41:00+05:30,180.55,187.0,179.1,186.65,103285,1810640,15.992132,23203.45,23250.0,23150,ATM+1,PUT,23100,2026-06-11
2026-06-11 10:42:00+05:30,185.7,187.9,183.9,184.25,132925,1845480,15.887855,23205.85,23250.0,23150,ATM+1,PUT,23100,2026-06-11
2026-06-11 10:43:00+05:30,184.45,187.2,182.7,186.55,56615,1858545,15.924232,23202.1,23250.0,23150,ATM+1,PUT,23100,2026-06-11
2026-06-11 10:44:00+05:30,186.55,189.15,184.45,184.45,100685,1857570,15.862457,23204.85,23250.0,23150,ATM+1,PUT,23100,2026-06-11
2026-06-11 10:45:00+05:30,185.05,189.95,184.3,184.7,82940,1860885,15.874219,23204.6,23250.0,23150,ATM+1,PUT,23100,2026-06-11
2026-06-11 10:46:00+05:30,185.2,185.6,180.8,185.0,69875,1855750,15.991079,23206.6,23250.0,23150,ATM+1,PUT,23100,2026-06-11
2026-06-11 10:47:00+05:30,185.4,186.0,181.95,182.05,45435,1862770,15.89743,23210.35,23250.0,23150,ATM+1,PUT,23100,2026-06-11
2026-06-11 10:48:00+05:30,182.05,187.65,180.7,185.0,80015,1867190,15.952504,23205.7,23250.0,23150,ATM+1,PUT,23100,2026-06-11
2026-06-11 10:49:00+05:30,185.5,190.7,184.4,190.2,94965,1883180,15.873911,23193.75,23250.0,23150,ATM+1,PUT,23100,2026-06-11
2026-06-11 10:50:00+05:30,190.9,194.3,189.85,193.0,231205,1902940,15.784784,23186.4,23250.0,23150,ATM+1,PUT,23100,2026-06-11
2026-06-11 10:51:00+05:30,192.8,193.0,186.3,190.4,154635,1893515,15.721124,23190.0,23250.0,23150,ATM+1,PUT,23100,2026-06-11
2026-06-11 10:52:00+05:30,190.05,191.4,187.0,190.85,66105,1888640,15.671845,23188.05,23250.0,23150,ATM+1,PUT,23100,2026-06-11
2026-06-11 10:53:00+05:30,165.45,170.45,165.1,170.4,939250,7750145,15.537485,23174.9,23200.0,23150,ATM+1,PUT,23100,2026-06-11
2026-06-11 10:54:00+05:30,170.45,171.7,168.0,169.5,744705,7622875,15.449703,23174.7,23200.0,23150,ATM+1,PUT,23100,2026-06-11
2026-06-11 10:55:00+05:30,171.0,172.8,168.85,170.35,580905,7610070,15.460899,23173.2,23200.0,23150,ATM+1,PUT,23100,2026-06-11
2026-06-11 10:56:00+05:30,196.5,198.0,192.45,194.45,83915,1842425,15.610252,23179.8,23250.0,23150,ATM+1,PUT,23100,2026-06-11
2026-06-11 10:57:00+05:30,193.75,197.35,193.2,195.6,41145,1824290,15.59555,23177.3,23250.0,23150,ATM+1,PUT,23100,2026-06-11
2026-06-11 10:58:00+05:30,196.15,197.3,193.4,197.3,38805,1831115,15.66964,23175.65,23250.0,23150,ATM+1,PUT,23100,2026-06-11
2026-06-11 10:59:00+05:30,197.1,199.6,193.1,193.95,115180,1840215,15.414696,23176.55,23250.0,23150,ATM+1,PUT,23100,2026-06-11
2026-06-11 11:00:00+05:30,167.45,172.75,164.65,172.35,466700,7636460,15.47898,23169.45,23200.0,23150,ATM+1,PUT,23100,2026-06-11
2026-06-11 11:01:00+05:30,172.05,174.6,169.4,173.8,598520,7697560,15.5077,23167.15,23200.0,23150,ATM+1,PUT,23100,2026-06-11
2026-06-11 11:02:00+05:30,172.65,174.55,170.45,171.7,404365,7651800,15.354878,23167.9,23200.0,23150,ATM+1,PUT,23100,2026-06-11
2026-06-11 11:03:00+05:30,199.45,200.6,192.2,192.2,112385,1901185,15.446071,23180.45,23250.0,23150,ATM+1,PUT,23100,2026-06-11
2026-06-11 11:04:00+05:30,191.35,193.55,188.35,191.7,189865,1886430,15.456368,23181.6,23250.0,23150,ATM+1,PUT,23100,2026-06-11
2026-06-11 11:05:00+05:30,190.4,191.7,180.15,180.9,191230,1824095,15.336848,23199.8,23250.0,23150,ATM+1,PUT,23100,2026-06-11
2026-06-11 11:06:00+05:30,180.2,185.9,179.0,180.1,143065,1799720,15.465263,23204.2,23250.0,23150,ATM+1,PUT,23100,2026-06-11
2026-06-11 11:07:00+05:30,179.25,187.65,177.55,187.0,135720,1764685,15.434064,23190.05,23250.0,23150,ATM+1,PUT,23100,2026-06-11
2026-06-11 11:08:00+05:30,187.5,188.95,181.4,185.05,89375,1771250,15.479948,23194.8,23250.0,23150,ATM+1,PUT,23100,2026-06-11
2026-06-11 11:09:00+05:30,186.0,191.7,184.75,185.55,108875,1788930,15.467881,23193.55,23250.0,23150,ATM+1,PUT,23100,2026-06-11
2026-06-11 11:10:00+05:30,185.95,189.85,185.45,185.45,78455,1812460,15.365528,23191.5,23250.0,23150,ATM+1,PUT,23100,2026-06-11
2026-06-11 11:11:00+05:30,186.15,188.55,184.1,187.45,53170,1800370,15.437911,23189.2,23250.0,23150,ATM+1,PUT,23100,2026-06-11
2026-06-11 11:12:00+05:30,187.4,189.7,186.6,188.0,43160,1795820,15.385585,23187.0,23250.0,23150,ATM+1,PUT,23100,2026-06-11
2026-06-11 11:13:00+05:30,188.25,189.85,185.15,188.0,76765,1801865,15.304868,23185.25,23250.0,23150,ATM+1,PUT,23100,2026-06-11
2026-06-11 11:14:00+05:30,187.9,191.25,185.6,188.5,75790,1793610,15.254295,23183.2,23250.0,23150,ATM+1,PUT,23100,2026-06-11
2026-06-11 11:15:00+05:30,189.8,191.0,185.9,186.8,65390,1801150,15.339214,23188.25,23250.0,23150,ATM+1,PUT,23100,2026-06-11
2026-06-11 11:16:00+05:30,187.7,189.7,185.9,186.15,36335,1809990,15.337776,23189.45,23250.0,23150,ATM+1,PUT,23100,2026-06-11
2026-06-11 11:17:00+05:30,186.25,189.75,183.2,184.35,61425,1796275,15.385871,23193.95,23250.0,23150,ATM+1,PUT,23100,2026-06-11
2026-06-11 11:18:00+05:30,184.65,185.7,177.3,177.65,99190,1801410,15.299931,23205.15,23250.0,23150,ATM+1,PUT,23100,2026-06-11
2026-06-11 11:19:00+05:30,177.55,181.35,175.6,180.9,161135,1784120,15.512834,23203.45,23250.0,23150,ATM+1,PUT,23100,2026-06-11
2026-06-11 11:20:00+05:30,180.45,182.75,174.4,174.6,106405,1822990,15.360853,23212.55,23250.0,23150,ATM+1,PUT,23100,2026-06-11
2026-06-11 11:21:00+05:30,175.0,175.4,170.05,170.7,187980,1847430,15.356351,23220.3,23250.0,23150,ATM+1,PUT,23100,2026-06-11
2026-06-11 11:22:00+05:30,170.8,174.95,170.7,174.5,117455,1882920,15.422131,23214.1,23250.0,23150,ATM+1,PUT,23100,2026-06-11
2026-06-11 11:23:00+05:30,175.1,176.85,171.6,176.85,108875,1911715,15.585117,23213.05,23250.0,23150,ATM+1,PUT,23100,2026-06-11
2026-06-11 11:24:00+05:30,175.5,178.15,172.25,172.6,106990,1944410,15.448649,23218.5,23250.0,23150,ATM+1,PUT,23100,2026-06-11
2026-06-11 11:25:00+05:30,172.75,174.0,170.5,173.4,96135,1958515,15.401844,23215.8,23250.0,23150,ATM+1,PUT,23100,2026-06-11
2026-06-11 11:26:00+05:30,200.7,201.0,191.8,192.0,171340,4169620,15.324678,23228.5,23300.0,23150,ATM+1,PUT,23100,2026-06-11
2026-06-11 11:27:00+05:30,191.25,192.0,186.6,187.5,247780,4200235,15.188169,23234.1,23300.0,23150,ATM+1,PUT,23100,2026-06-11
2026-06-11 11:28:00+05:30,186.8,188.5,185.0,186.6,152295,4247035,15.199872,23236.05,23300.0,23150,ATM+1,PUT,23100,2026-06-11
2026-06-11 11:29:00+05:30,187.1,191.35,186.05,186.15,137410,4288960,15.13269,23235.45,23300.0,23150,ATM+1,PUT,23100,2026-06-11
2026-06-11 11:30:00+05:30,186.1,188.95,183.15,188.95,195520,4335955,15.417265,23236.2,23300.0,23150,ATM+1,PUT,23100,2026-06-11
2026-06-11 11:31:00+05:30,188.0,193.0,186.05,190.95,215150,4379115,15.130884,23226.3,23300.0,23150,ATM+1,PUT,23100,2026-06-11
2026-06-11 11:32:00+05:30,190.7,194.55,190.7,192.45,160095,4390880,15.258148,23226.15,23300.0,23150,ATM+1,PUT,23100,2026-06-11
2026-06-11 11:33:00+05:30,191.55,192.45,187.1,190.95,109070,4421040,15.473906,23233.55,23300.0,23150,ATM+1,PUT,23100,2026-06-11
2026-06-11 11:34:00+05:30,189.95,194.9,189.45,194.9,106340,4423250,15.48743,23226.35,23300.0,23150,ATM+1,PUT,23100,2026-06-11
2026-06-11 11:35:00+05:30,194.0,196.25,189.45,189.85,167440,4414280,15.41501,23234.35,23300.0,23150,ATM+1,PUT,23100,2026-06-11
2026-06-11 11:36:00+05:30,164.4,170.35,163.85,169.85,167830,2762500,15.35166,23221.65,23250.0,23150,ATM+1,PUT,23100,2026-06-11
2026-06-11 11:37:00+05:30,169.25,170.6,168.15,170.15,180960,2757885,15.221598,23218.05,23250.0,23150,ATM+1,PUT,23100,2026-06-11
2026-06-11 11:38:00+05:30,170.35,173.05,169.35,173.05,242320,2722915,15.359015,23215.3,23250.0,23150,ATM+1,PUT,23100,2026-06-11
2026-06-11 11:39:00+05:30,173.6,173.9,168.2,169.1,214435,2667275,15.344022,23222.95,23250.0,23150,ATM+1,PUT,23100,2026-06-11
2026-06-11 11:40:00+05:30,169.45,171.0,167.05,170.25,130650,2675335,15.451366,23223.05,23250.0,23150,ATM+1,PUT,23100,2026-06-11
2026-06-11 11:41:00+05:30,196.8,197.95,191.25,192.0,66495,4416685,15.421194,23230.3,23300.0,23150,ATM+1,PUT,23100,2026-06-11
2026-06-11 11:42:00+05:30,191.95,192.7,181.2,182.65,243490,4397250,15.254572,23244.6,23300.0,23150,ATM+1,PUT,23100,2026-06-11
2026-06-11 11:43:00+05:30,182.85,187.55,182.65,186.45,130585,4421105,15.452887,23241.55,23300.0,23150,ATM+1,PUT,23100,2026-06-11
2026-06-11 11:44:00+05:30,186.35,186.7,177.9,177.9,305110,4486170,15.247722,23253.7,23300.0,23150,ATM+1,PUT,23100,2026-06-11
2026-06-11 11:45:00+05:30,177.4,181.0,175.8,179.25,392340,4607460,15.384088,23254.05,23300.0,23150,ATM+1,PUT,23100,2026-06-11
2026-06-11 11:46:00+05:30,180.0,180.8,178.0,178.15,165425,4691440,15.455384,23257.8,23300.0,23150,ATM+1,PUT,23100,2026-06-11
2026-06-11 11:47:00+05:30,178.0,180.0,170.05,170.05,433550,4880395,15.241474,23269.2,23300.0,23150,ATM+1,PUT,23100,2026-06-11
2026-06-11 11:48:00+05:30,169.5,175.4,168.8,172.25,419055,5072015,15.400237,23268.35,23300.0,23150,ATM+1,PUT,23100,2026-06-11
2026-06-11 11:49:00+05:30,172.75,176.6,172.75,175.0,312195,5109195,15.506618,23265.2,23300.0,23150,ATM+1,PUT,23100,2026-06-11
2026-06-11 11:50:00+05:30,174.9,175.0,171.25,171.85,247715,5246995,15.603942,23273.8,23300.0,23150,ATM+1,PUT,23100,2026-06-11
2026-06-11 11:51:00+05:30,171.3,173.8,170.35,173.8,205985,5331040,15.56426,23268.9,23300.0,23150,ATM+1,PUT,23100,2026-06-11
2026-06-11 11:52:00+05:30,173.55,175.95,171.85,171.85,335335,5343130,15.444493,23270.1,23300.0,23150,ATM+1,PUT,23100,2026-06-11
2026-06-11 11:53:00+05:30,172.55,173.95,170.85,171.65,128375,5377645,15.601641,23274.1,23300.0,23150,ATM+1,PUT,23100,2026-06-11
2026-06-11 11:54:00+05:30,171.4,173.1,168.65,172.5,326690,5530330,15.62797,23272.95,23300.0,23150,ATM+1,PUT,23100,2026-06-11
2026-06-11 11:55:00+05:30,171.5,172.5,169.65,171.95,219570,5652920,15.616879,23273.8,23300.0,23150,ATM+1,PUT,23100,2026-06-11
2026-06-11 11:56:00+05:30,198.15,199.6,187.5,188.95,98280,1258790,15.36616,23285.3,23350.0,23150,ATM+1,PUT,23100,2026-06-11
2026-06-11 11:57:00+05:30,189.1,191.7,188.2,188.95,56745,1294995,15.350637,23284.95,23350.0,23150,ATM+1,PUT,23100,2026-06-11
2026-06-11 11:58:00+05:30,189.0,189.6,184.15,188.45,72280,1301885,15.582632,23290.9,23350.0,23150,ATM+1,PUT,23100,2026-06-11
2026-06-11 11:59:00+05:30,188.1,192.95,188.1,192.45,51350,1307410,15.579302,23283.15,23350.0,23150,ATM+1,PUT,23100,2026-06-11
2026-06-11 12:00:00+05:30,191.55,192.45,187.45,192.2,63245,1322360,15.623207,23284.55,23350.0,23150,ATM+1,PUT,23100,2026-06-11
2026-06-11 12:01:00+05:30,191.6,192.35,188.6,189.55,29315,1344460,15.57426,23288.55,23350.0,23150,ATM+1,PUT,23100,2026-06-11
2026-06-11 12:02:00+05:30,189.0,192.25,189.0,191.6,36790,1359215,15.625015,23285.7,23350.0,23150,ATM+1,PUT,23100,2026-06-11
2026-06-11 12:03:00+05:30,191.2,191.65,187.65,189.3,32565,1374555,15.620638,23290.0,23350.0,23150,ATM+1,PUT,23100,2026-06-11
2026-06-11 12:04:00+05:30,189.5,192.1,189.3,191.5,25740,1370525,15.664194,23286.7,23350.0,23150,ATM+1,PUT,23100,2026-06-11
2026-06-11 12:05:00+05:30,190.9,196.1,189.9,194.9,100945,1384240,15.708358,23281.15,23350.0,23150,ATM+1,PUT,23100,2026-06-11
2026-06-11 12:06:00+05:30,193.6,195.4,191.9,192.75,59995,1411605,15.562421,23282.1,23350.0,23150,ATM+1,PUT,23100,2026-06-11
2026-06-11 12:07:00+05:30,193.45,193.45,187.45,187.8,64545,1405235,15.504426,23290.3,23350.0,23150,ATM+1,PUT,23100,2026-06-11
2026-06-11 12:08:00+05:30,187.75,193.0,187.45,190.95,35165,1413555,15.525445,23284.7,23350.0,23150,ATM+1,PUT,23100,2026-06-11
2026-06-11 12:09:00+05:30,190.75,193.45,189.95,192.7,19630,1416350,15.614188,23283.25,23350.0,23150,ATM+1,PUT,23100,2026-06-11
2026-06-11 12:10:00+05:30,192.95,195.25,191.7,194.4,58890,1435980,15.552607,23278.7,23350.0,23150,ATM+1,PUT,23100,2026-06-11
2026-06-11 12:11:00+05:30,194.15,197.15,192.85,195.55,68835,1451840,15.601511,23277.55,23350.0,23150,ATM+1,PUT,23100,2026-06-11
2026-06-11 12:12:00+05:30,193.95,196.2,192.0,192.6,38935,1470430,15.60769,23283.25,23350.0,23150,ATM+1,PUT,23100,2026-06-11
2026-06-11 12:13:00+05:30,191.9,193.2,190.25,191.4,39780,1479790,15.650926,23286.45,23350.0,23150,ATM+1,PUT,23100,2026-06-11
2026-06-11 12:14:00+05:30,191.65,193.45,189.2,189.2,40690,1491750,15.507176,23287.55,23350.0,23150,ATM+1,PUT,23100,2026-06-11
2026-06-11 12:15:00+05:30,189.8,189.8,180.75,182.45,221195,1475890,15.529096,23301.1,23350.0,23150,ATM+1,PUT,23100,2026-06-11
2026-06-11 12:16:00+05:30,182.05,186.8,179.5,179.85,143845,1510340,15.447942,23304.4,23350.0,23150,ATM+1,PUT,23100,2026-06-11
2026-06-11 12:17:00+05:30,180.0,185.25,177.4,184.55,127660,1522170,15.560601,23297.65,23350.0,23150,ATM+1,PUT,23100,2026-06-11
2026-06-11 12:18:00+05:30,184.55,187.75,183.7,186.3,77220,1527045,15.563854,23294.3,23350.0,23150,ATM+1,PUT,23100,2026-06-11
2026-06-11 12:19:00+05:30,186.75,190.25,185.3,189.85,97890,1547520,15.659291,23289.5,23350.0,23150,ATM+1,PUT,23100,2026-06-11
2026-06-11 12:20:00+05:30,189.95,192.45,187.15,191.75,119210,1547520,15.571163,23283.95,23350.0,23150,ATM+1,PUT,23100,2026-06-11
2026-06-11 12:21:00+05:30,192.05,193.3,190.0,191.05,91065,1571700,15.474556,23283.2,23350.0,23150,ATM+1,PUT,23100,2026-06-11
2026-06-11 12:22:00+05:30,191.7,191.75,188.7,190.1,65975,1606150,15.584324,23287.35,23350.0,23150,ATM+1,PUT,23100,2026-06-11
2026-06-11 12:23:00+05:30,190.4,191.3,186.15,188.0,48230,1628965,15.675396,23293.35,23350.0,23150,ATM+1,PUT,23100,2026-06-11
2026-06-11 12:24:00+05:30,188.0,190.75,187.55,187.6,36205,1640535,15.567067,23291.75,23350.0,23150,ATM+1,PUT,23100,2026-06-11
2026-06-11 12:25:00+05:30,187.8,192.05,187.25,190.4,40235,1646515,15.676034,23288.7,23350.0,23150,ATM+1,PUT,23100,2026-06-11
2026-06-11 12:26:00+05:30,190.15,190.4,185.55,189.1,62140,1653730,15.743468,23292.65,23350.0,23150,ATM+1,PUT,23100,2026-06-11
2026-06-11 12:27:00+05:30,188.95,189.7,186.85,187.9,23335,1670305,15.64677,23292.85,23350.0,23150,ATM+1,PUT,23100,2026-06-11
2026-06-11 12:28:00+05:30,187.7,190.05,183.8,185.0,52390,1679405,15.752495,23300.8,23350.0,23150,ATM+1,PUT,23100,2026-06-11
2026-06-11 12:29:00+05:30,186.7,187.65,184.0,186.25,44915,1683175,15.719061,23297.6,23350.0,23150,ATM+1,PUT,23100,2026-06-11
2026-06-11 12:30:00+05:30,185.85,186.25,179.3,182.4,133965,1696045,15.755257,23305.95,23350.0,23150,ATM+1,PUT,23100,2026-06-11
2026-06-11 12:31:00+05:30,182.5,183.5,175.35,176.55,157495,1701115,15.683286,23316.0,23350.0,23150,ATM+1,PUT,23100,2026-06-11
2026-06-11 12:32:00+05:30,176.5,177.1,172.65,172.9,188955,1680120,15.539932,23320.1,23350.0,23150,ATM+1,PUT,23100,2026-06-11
2026-06-11 12:33:00+05:30,173.5,176.5,172.9,174.35,91325,1709500,15.491784,23316.05,23350.0,23150,ATM+1,PUT,23100,2026-06-11
2026-06-11 12:34:00+05:30,174.3,175.2,172.15,172.15,108095,1738360,15.560053,23322.05,23350.0,23150,ATM+1,PUT,23100,2026-06-11
2026-06-11 12:35:00+05:30,172.0,179.85,170.2,176.65,253760,1766570,15.56957,23313.15,23350.0,23150,ATM+1,PUT,23100,2026-06-11
2026-06-11 12:36:00+05:30,176.5,178.35,175.3,177.6,91910,1801020,15.416621,23307.8,23350.0,23150,ATM+1,PUT,23100,2026-06-11
2026-06-11 12:37:00+05:30,177.6,181.6,176.35,180.75,174005,1841515,15.030141,23293.1,23350.0,23150,ATM+1,PUT,23100,2026-06-11
2026-06-11 12:38:00+05:30,180.0,184.55,179.4,183.0,142610,1855230,15.256446,23293.65,23350.0,23150,ATM+1,PUT,23100,2026-06-11
2026-06-11 12:39:00+05:30,183.6,183.8,179.2,179.9,89440,1827800,15.164734,23297.65,23350.0,23150,ATM+1,PUT,23100,2026-06-11
2026-06-11 12:40:00+05:30,179.25,182.5,179.25,181.25,42770,1814930,15.296999,23297.9,23350.0,23150,ATM+1,PUT,23100,2026-06-11
2026-06-11 12:41:00+05:30,181.85,183.7,180.0,183.5,71630,1818115,15.372182,23295.15,23350.0,23150,ATM+1,PUT,23100,2026-06-11
2026-06-11 12:42:00+05:30,182.7,185.85,181.65,184.0,79170,1804335,15.481561,23296.55,23350.0,23150,ATM+1,PUT,23100,2026-06-11
2026-06-11 12:43:00+05:30,184.0,187.7,182.05,183.9,90740,1802775,15.333575,23293.5,23350.0,23150,ATM+1,PUT,23100,2026-06-11
2026-06-11 12:44:00+05:30,184.4,184.85,181.25,182.7,41340,1786265,15.346895,23296.1,23350.0,23150,ATM+1,PUT,23100,2026-06-11
2026-06-11 12:45:00+05:30,182.85,185.05,182.2,183.05,41860,1791075,15.330711,23295.05,23350.0,23150,ATM+1,PUT,23100,2026-06-11
2026-06-11 12:46:00+05:30,181.6,183.05,177.5,179.15,71305,1794845,15.274112,23301.4,23350.0,23150,ATM+1,PUT,23100,2026-06-11
2026-06-11 12:47:00+05:30,179.25,184.45,177.5,183.1,62010,1789320,15.253994,23293.25,23350.0,23150,ATM+1,PUT,23100,2026-06-11
2026-06-11 12:48:00+05:30,183.1,188.4,182.75,187.15,81055,1810445,15.283991,23286.1,23350.0,23150,ATM+1,PUT,23100,2026-06-11
2026-06-11 12:49:00+05:30,187.1,191.95,184.9,191.3,160225,1824420,15.152391,23275.45,23350.0,23150,ATM+1,PUT,23100,2026-06-11
2026-06-11 12:50:00+05:30,190.5,191.3,186.9,187.25,94185,1818245,15.120973,23282.4,23350.0,23150,ATM+1,PUT,23100,2026-06-11
2026-06-11 12:51:00+05:30,187.05,190.2,184.15,190.2,85540,1821495,15.32139,23281.05,23350.0,23150,ATM+1,PUT,23100,2026-06-11
2026-06-11 12:52:00+05:30,189.6,191.2,188.65,190.0,67145,1836250,15.212139,23279.1,23350.0,23150,ATM+1,PUT,23100,2026-06-11
2026-06-11 12:53:00+05:30,189.85,190.0,185.75,187.6,82485,1845675,15.260208,23284.65,23350.0,23150,ATM+1,PUT,23100,2026-06-11
2026-06-11 12:54:00+05:30,188.0,188.3,186.3,186.5,22880,1845805,14.79956,23276.95,23350.0,23150,ATM+1,PUT,23100,2026-06-11
2026-06-11 12:55:00+05:30,186.5,186.5,186.5,186.5,0,1845805,14.799561,23276.95,23350.0,23150,ATM+1,PUT,23100,2026-06-11
2026-06-11 12:56:00+05:30,190.0,190.0,184.65,188.0,189280,1886365,15.218434,23282.95,23350.0,23150,ATM+1,PUT,23100,2026-06-11
2026-06-11 12:57:00+05:30,188.4,188.4,177.5,177.85,131560,1881750,15.057899,23299.0,23350.0,23150,ATM+1,PUT,23100,2026-06-11
2026-06-11 12:58:00+05:30,178.15,178.9,173.55,175.45,119275,1833065,15.062948,23303.8,23350.0,23150,ATM+1,PUT,23100,2026-06-11
2026-06-11 12:59:00+05:30,176.3,180.3,171.95,171.95,113815,1835210,14.952526,23308.25,23350.0,23150,ATM+1,PUT,23100,2026-06-11
2026-06-11 13:00:00+05:30,172.05,172.45,162.15,164.55,369655,1819285,14.996735,23324.15,23350.0,23150,ATM+1,PUT,23100,2026-06-11
2026-06-11 13:01:00+05:30,164.2,171.0,163.15,170.55,200915,1828905,15.090189,23314.1,23350.0,23150,ATM+1,PUT,23100,2026-06-11
2026-06-11 13:02:00+05:30,170.8,175.45,169.35,172.9,210665,1887210,14.972061,23306.75,23350.0,23150,ATM+1,PUT,23100,2026-06-11
2026-06-11 13:03:00+05:30,172.7,176.3,172.25,175.4,105495,1950195,15.0782,23304.15,23350.0,23150,ATM+1,PUT,23100,2026-06-11
2026-06-11 13:04:00+05:30,175.25,177.9,174.5,177.9,83460,1970345,15.186105,23301.6,23350.0,23150,ATM+1,PUT,23100,2026-06-11
2026-06-11 13:05:00+05:30,176.95,177.9,174.6,175.25,112775,1980810,15.000797,23302.7,23350.0,23150,ATM+1,PUT,23100,2026-06-11
2026-06-11 13:06:00+05:30,175.6,177.75,174.65,176.65,56810,1994265,15.071808,23301.5,23350.0,23150,ATM+1,PUT,23100,2026-06-11
2026-06-11 13:07:00+05:30,176.95,178.5,175.0,178.5,44070,1997775,15.125848,23299.05,23350.0,23150,ATM+1,PUT,23100,2026-06-11
2026-06-11 13:08:00+05:30,178.75,182.0,177.65,180.2,132860,1989715,14.949509,23291.9,23350.0,23150,ATM+1,PUT,23100,2026-06-11
2026-06-11 13:09:00+05:30,179.75,186.95,179.4,186.45,98085,2009930,14.981489,23280.65,23350.0,23150,ATM+1,PUT,23100,2026-06-11
2026-06-11 13:10:00+05:30,186.5,187.0,183.35,184.2,100165,1999920,14.868639,23282.5,23350.0,23150,ATM+1,PUT,23100,2026-06-11
2026-06-11 13:11:00+05:30,184.65,188.5,183.5,185.6,81055,1985165,14.82634,23278.95,23350.0,23150,ATM+1,PUT,23100,2026-06-11
2026-06-11 13:12:00+05:30,160.7,168.75,160.7,166.3,1073670,8742500,14.89726,23267.45,23300.0,23150,ATM+1,PUT,23100,2026-06-11
2026-06-11 13:13:00+05:30,165.95,169.85,165.65,169.05,581750,8741525,14.827629,23260.35,23300.0,23150,ATM+1,PUT,23100,2026-06-11
2026-06-11 13:14:00+05:30,169.3,169.3,166.75,167.45,455130,8726770,14.645263,23259.45,23300.0,23150,ATM+1,PUT,23100,2026-06-11
2026-06-11 13:15:00+05:30,167.25,168.6,166.85,168.15,357825,8676135,14.744363,23260.25,23300.0,23150,ATM+1,PUT,23100,2026-06-11
2026-06-11 13:16:00+05:30,165.3,169.75,164.65,169.2,635765,8623940,14.611414,23255.2,23300.0,23150,ATM+1,PUT,23100,2026-06-11
2026-06-11 13:17:00+05:30,169.3,172.4,163.75,166.75,801840,8489975,14.754969,23263.25,23300.0,23150,ATM+1,PUT,23100,2026-06-11
2026-06-11 13:18:00+05:30,166.65,170.45,166.65,168.45,441610,8526180,14.480185,23253.75,23300.0,23150,ATM+1,PUT,23100,2026-06-11
2026-06-11 13:19:00+05:30,168.9,171.3,167.0,171.2,407745,8545095,14.742419,23254.1,23300.0,23150,ATM+1,PUT,23100,2026-06-11
2026-06-11 13:20:00+05:30,171.15,176.15,169.65,175.3,962520,8399560,14.940978,23250.4,23300.0,23150,ATM+1,PUT,23100,2026-06-11
2026-06-11 13:21:00+05:30,175.3,181.9,175.3,180.9,1166555,7941895,14.906381,23238.8,23300.0,23150,ATM+1,PUT,23100,2026-06-11
2026-06-11 13:22:00+05:30,182.05,183.9,180.55,183.9,829855,7773480,14.684261,23228.4,23300.0,23150,ATM+1,PUT,23100,2026-06-11
2026-06-11 13:23:00+05:30,182.55,184.4,171.65,175.85,789685,7580235,14.688791,23243.8,23300.0,23150,ATM+1,PUT,23100,2026-06-11
2026-06-11 13:24:00+05:30,174.9,179.6,174.1,176.2,336050,7504055,14.511315,23239.3,23300.0,23150,ATM+1,PUT,23100,2026-06-11
2026-06-11 13:25:00+05:30,176.05,182.35,175.45,182.35,303420,7453355,14.756906,23232.8,23300.0,23150,ATM+1,PUT,23100,2026-06-11
2026-06-11 13:26:00+05:30,182.4,186.95,182.05,184.2,717795,7465640,14.555756,23225.1,23300.0,23150,ATM+1,PUT,23100,2026-06-11
2026-06-11 13:27:00+05:30,184.2,185.05,180.4,182.5,420680,7370805,14.667366,23230.6,23300.0,23150,ATM+1,PUT,23100,2026-06-11
2026-06-11 13:28:00+05:30,181.9,183.9,178.25,180.3,261430,7251270,14.62747,23233.9,23300.0,23150,ATM+1,PUT,23100,2026-06-11
2026-06-11 13:29:00+05:30,179.7,180.45,175.7,176.45,249275,7200440,14.705237,23242.9,23300.0,23150,ATM+1,PUT,23100,2026-06-11
2026-06-11 13:30:00+05:30,176.4,176.45,164.7,168.75,724880,7052370,14.685706,23257.5,23300.0,23150,ATM+1,PUT,23100,2026-06-11
2026-06-11 13:31:00+05:30,168.45,173.7,167.9,170.45,352040,6976970,14.802258,23256.7,23300.0,23150,ATM+1,PUT,23100,2026-06-11
2026-06-11 13:32:00+05:30,166.35,170.45,164.15,164.55,365820,7044180,14.549822,23262.8,23300.0,23150,ATM+1,PUT,23100,2026-06-11
2026-06-11 13:33:00+05:30,165.45,167.6,160.75,167.35,467545,7071090,14.619197,23258.75,23300.0,23150,ATM+1,PUT,23100,2026-06-11
2026-06-11 13:34:00+05:30,167.45,174.6,167.35,174.45,466505,7100405,14.564789,23243.65,23300.0,23150,ATM+1,PUT,23100,2026-06-11
2026-06-11 13:35:00+05:30,173.4,174.45,169.1,170.35,265850,7122050,14.445645,23249.0,23300.0,23150,ATM+1,PUT,23100,2026-06-11
2026-06-11 13:36:00+05:30,171.0,171.65,165.5,165.5,209625,7023445,14.345515,23256.3,23300.0,23150,ATM+1,PUT,23100,2026-06-11
2026-06-11 13:37:00+05:30,166.0,170.9,165.5,169.7,163215,7053540,14.485226,23251.1,23300.0,23150,ATM+1,PUT,23100,2026-06-11
2026-06-11 13:38:00+05:30,170.25,177.5,169.7,175.75,410670,7089160,14.626084,23242.4,23300.0,23150,ATM+1,PUT,23100,2026-06-11
2026-06-11 13:39:00+05:30,176.35,183.2,175.75,181.6,609765,7125820,14.695409,23232.7,23300.0,23150,ATM+1,PUT,23100,2026-06-11
2026-06-11 13:40:00+05:30,181.3,183.5,176.0,182.65,442845,7104565,14.792744,23232.75,23300.0,23150,ATM+1,PUT,23100,2026-06-11
2026-06-11 13:41:00+05:30,183.6,184.15,181.0,182.25,344305,7041515,14.602858,23229.5,23300.0,23150,ATM+1,PUT,23100,2026-06-11
2026-06-11 13:42:00+05:30,181.3,182.3,178.05,181.25,185380,7023965,14.523347,23229.7,23300.0,23150,ATM+1,PUT,23100,2026-06-11
2026-06-11 13:43:00+05:30,156.15,161.0,155.0,158.3,408525,4150315,14.322122,23219.45,23250.0,23150,ATM+1,PUT,23100,2026-06-11
2026-06-11 13:44:00+05:30,159.55,161.55,154.8,156.1,442715,4091100,14.321579,23223.9,23250.0,23150,ATM+1,PUT,23100,2026-06-11
2026-06-11 13:45:00+05:30,156.75,158.8,155.9,158.75,252460,4055090,14.438931,23221.15,23250.0,23150,ATM+1,PUT,23100,2026-06-11
2026-06-11 13:46:00+05:30,184.2,187.8,178.9,178.9,309855,6819930,14.219196,23227.7,23300.0,23150,ATM+1,PUT,23100,2026-06-11
2026-06-11 13:47:00+05:30,179.2,179.2,172.25,177.3,398775,6699745,14.317732,23232.75,23300.0,23150,ATM+1,PUT,23100,2026-06-11
2026-06-11 13:48:00+05:30,176.95,179.4,173.0,179.4,191815,6696170,14.468956,23231.95,23300.0,23150,ATM+1,PUT,23100,2026-06-11
2026-06-11 13:49:00+05:30,179.0,181.3,177.1,179.0,211770,6727240,14.357423,23230.35,23300.0,23150,ATM+1,PUT,23100,2026-06-11
2026-06-11 13:50:00+05:30,154.4,157.4,153.5,155.75,216645,4061915,14.307806,23224.2,23250.0,23150,ATM+1,PUT,23100,2026-06-11
2026-06-11 13:51:00+05:30,180.65,183.65,178.3,179.6,184925,6769490,14.213438,23226.2,23300.0,23150,ATM+1,PUT,23100,2026-06-11
2026-06-11 13:52:00+05:30,179.3,183.35,175.85,175.85,147875,6588855,14.057336,23229.95,23300.0,23150,ATM+1,PUT,23100,2026-06-11
2026-06-11 13:53:00+05:30,176.5,177.8,174.0,175.5,206180,6579235,14.307513,23235.85,23300.0,23150,ATM+1,PUT,23100,2026-06-11
2026-06-11 13:54:00+05:30,175.35,179.2,174.75,177.0,115895,6561685,14.37899,23234.5,23300.0,23150,ATM+1,PUT,23100,2026-06-11
2026-06-11 13:55:00+05:30,176.6,180.0,174.1,174.1,150150,6567730,14.190375,23236.0,23300.0,23150,ATM+1,PUT,23100,2026-06-11
2026-06-11 13:56:00+05:30,175.75,177.5,172.35,173.55,138190,6588205,14.34417,23240.3,23300.0,23150,ATM+1,PUT,23100,2026-06-11
2026-06-11 13:57:00+05:30,173.55,176.7,169.95,175.2,266760,6529120,14.446033,23239.3,23300.0,23150,ATM+1,PUT,23100,2026-06-11
2026-06-11 13:58:00+05:30,174.0,175.2,167.6,168.5,205985,6495450,14.253168,23248.05,23300.0,23150,ATM+1,PUT,23100,2026-06-11
2026-06-11 13:59:00+05:30,169.35,179.45,168.5,177.45,247065,6492460,14.351816,23233.0,23300.0,23150,ATM+1,PUT,23100,2026-06-11
2026-06-11 14:00:00+05:30,177.25,179.55,171.8,172.6,533390,6447285,14.257167,23240.2,23300.0,23150,ATM+1,PUT,23100,2026-06-11
2026-06-11 14:01:00+05:30,173.5,176.4,172.6,174.85,67340,6458270,14.254948,23235.85,23300.0,23150,ATM+1,PUT,23100,2026-06-11
2026-06-11 14:02:00+05:30,175.05,176.6,174.8,175.75,101790,6424405,14.191691,23232.8,23300.0,23150,ATM+1,PUT,23100,2026-06-11
2026-06-11 14:03:00+05:30,175.5,176.95,173.95,176.3,95875,6448130,14.405549,23236.25,23300.0,23150,ATM+1,PUT,23100,2026-06-11
2026-06-11 14:04:00+05:30,176.15,178.15,173.5,175.3,107380,6412705,14.321193,23236.35,23300.0,23150,ATM+1,PUT,23100,2026-06-11
2026-06-11 14:05:00+05:30,175.65,181.5,174.55,177.25,256620,6384235,14.302476,23232.25,23300.0,23150,ATM+1,PUT,23100,2026-06-11
2026-06-11 14:06:00+05:30,176.5,178.5,174.75,176.2,144105,6409065,14.237403,23232.85,23300.0,23150,ATM+1,PUT,23100,2026-06-11
2026-06-11 14:07:00+05:30,150.55,159.95,150.55,159.95,301795,4118010,14.512294,23220.0,23250.0,23150,ATM+1,PUT,23100,2026-06-11
2026-06-11 14:08:00+05:30,159.7,165.45,159.0,165.45,567060,4059705,14.562109,23210.05,23250.0,23150,ATM+1,PUT,23100,2026-06-11
2026-06-11 14:09:00+05:30,165.3,168.85,160.9,161.8,679445,3964350,14.350054,23212.6,23250.0,23150,ATM+1,PUT,23100,2026-06-11
2026-06-11 14:10:00+05:30,161.0,163.5,157.35,162.3,404690,3874195,14.485286,23214.6,23250.0,23150,ATM+1,PUT,23100,2026-06-11
2026-06-11 14:11:00+05:30,162.85,165.85,160.3,162.0,332670,3925480,14.39193,23213.1,23250.0,23150,ATM+1,PUT,23100,2026-06-11
2026-06-11 14:12:00+05:30,161.6,164.25,159.6,163.05,170040,3953170,14.365467,23210.4,23250.0,23150,ATM+1,PUT,23100,2026-06-11
2026-06-11 14:13:00+05:30,162.95,163.5,155.1,155.45,261300,3975140,14.256259,23223.25,23250.0,23150,ATM+1,PUT,23100,2026-06-11
2026-06-11 14:14:00+05:30,155.05,158.95,152.75,158.55,337285,3864445,14.383072,23219.8,23250.0,23150,ATM+1,PUT,23100,2026-06-11
2026-06-11 14:15:00+05:30,158.4,161.0,156.55,159.45,228865,3855605,14.260024,23215.2,23250.0,23150,ATM+1,PUT,23100,2026-06-11
2026-06-11 14:16:00+05:30,159.45,159.75,155.45,158.7,188175,3946540,14.242531,23216.3,23250.0,23150,ATM+1,PUT,23100,2026-06-11
2026-06-11 14:17:00+05:30,159.35,160.95,158.4,159.8,119275,3957720,14.250424,23214.25,23250.0,23150,ATM+1,PUT,23100,2026-06-11
2026-06-11 14:18:00+05:30,160.0,165.4,159.8,165.4,273975,3969420,14.472416,23208.0,23250.0,23150,ATM+1,PUT,23100,2026-06-11
2026-06-11 14:19:00+05:30,164.6,166.2,157.0,157.0,269620,3913845,14.114388,23216.8,23250.0,23150,ATM+1,PUT,23100,2026-06-11
2026-06-11 14:20:00+05:30,157.95,158.7,153.75,155.35,296270,3836430,14.24147,23223.0,23250.0,23150,ATM+1,PUT,23100,2026-06-11
2026-06-11 14:21:00+05:30,155.45,157.85,153.95,157.85,140725,3851055,14.323233,23219.75,23250.0,23150,ATM+1,PUT,23100,2026-06-11
2026-06-11 14:22:00+05:30,158.5,158.5,154.65,157.8,107445,3877575,14.330558,23220.0,23250.0,23150,ATM+1,PUT,23100,2026-06-11
2026-06-11 14:23:00+05:30,157.0,164.2,156.25,163.55,221130,3857360,14.366582,23209.25,23250.0,23150,ATM+1,PUT,23100,2026-06-11
2026-06-11 14:24:00+05:30,162.95,164.45,162.1,162.85,174980,3846765,14.175043,23206.4,23250.0,23150,ATM+1,PUT,23100,2026-06-11
2026-06-11 14:25:00+05:30,162.9,162.9,157.4,158.4,182130,3853785,14.233374,23216.55,23250.0,23150,ATM+1,PUT,23100,2026-06-11
2026-06-11 14:26:00+05:30,183.95,185.0,178.15,179.1,178360,6042400,14.137714,23225.05,23300.0,23150,ATM+1,PUT,23100,2026-06-11
2026-06-11 14:27:00+05:30,179.3,179.95,176.25,177.65,226655,6020560,14.070691,23226.35,23300.0,23150,ATM+1,PUT,23100,2026-06-11
2026-06-11 14:28:00+05:30,175.0,177.65,164.0,164.0,621855,5943405,14.032422,23251.55,23300.0,23150,ATM+1,PUT,23100,2026-06-11
2026-06-11 14:29:00+05:30,164.2,172.8,163.35,172.8,414245,5971160,14.340839,23241.15,23300.0,23150,ATM+1,PUT,23100,2026-06-11
2026-06-11 14:30:00+05:30,172.95,177.9,169.05,169.15,422045,6008665,14.214379,23245.45,23300.0,23150,ATM+1,PUT,23100,2026-06-11
2026-06-11 14:31:00+05:30,169.15,172.55,168.5,171.45,217490,5988515,14.171623,23240.1,23300.0,23150,ATM+1,PUT,23100,2026-06-11
2026-06-11 14:32:00+05:30,171.95,174.85,169.1,169.1,204685,5962775,14.118126,23243.45,23300.0,23150,ATM+1,PUT,23100,2026-06-11
2026-06-11 14:33:00+05:30,171.55,179.5,169.1,179.5,174070,5960240,14.372159,23229.05,23300.0,23150,ATM+1,PUT,23100,2026-06-11
2026-06-11 14:34:00+05:30,179.4,180.3,176.0,177.8,293020,5892640,14.346822,23231.7,23300.0,23150,ATM+1,PUT,23100,2026-06-11
2026-06-11 14:35:00+05:30,177.2,177.8,172.15,176.65,160615,5878275,14.507924,23237.25,23300.0,23150,ATM+1,PUT,23100,2026-06-11
2026-06-11 14:36:00+05:30,151.4,159.6,150.5,159.1,317395,3907020,14.158878,23213.3,23250.0,23150,ATM+1,PUT,23100,2026-06-11
2026-06-11 14:37:00+05:30,187.0,193.95,183.0,185.15,730665,5759650,14.740012,23226.05,23300.0,23150,ATM+1,PUT,23100,2026-06-11
2026-06-11 14:38:00+05:30,158.65,163.2,155.0,161.45,279760,3766425,14.599596,23218.4,23250.0,23150,ATM+1,PUT,23100,2026-06-11
2026-06-11 14:39:00+05:30,162.0,169.35,161.75,164.7,529815,3680690,14.834672,23217.1,23250.0,23150,ATM+1,PUT,23100,2026-06-11
2026-06-11 14:40:00+05:30,163.45,168.7,162.75,167.3,348400,3656315,14.671188,23208.25,23250.0,23150,ATM+1,PUT,23100,2026-06-11
2026-06-11 14:41:00+05:30,167.1,170.6,165.0,165.0,404300,3587870,14.715581,23213.8,23250.0,23150,ATM+1,PUT,23100,2026-06-11
2026-06-11 14:42:00+05:30,164.1,169.5,164.0,168.7,252850,3550495,14.907308,23210.65,23250.0,23150,ATM+1,PUT,23100,2026-06-11
2026-06-11 14:43:00+05:30,169.1,176.85,166.6,176.3,436735,3508050,14.981219,23197.3,23250.0,23150,ATM+1,PUT,23100,2026-06-11
2026-06-11 14:44:00+05:30,176.55,177.45,172.15,174.8,371670,3345030,14.980993,23200.2,23250.0,23150,ATM+1,PUT,23100,2026-06-11
2026-06-11 14:45:00+05:30,173.55,178.15,173.55,177.5,424450,3252015,15.088556,23197.25,23250.0,23150,ATM+1,PUT,23100,2026-06-11
2026-06-11 14:46:00+05:30,177.5,181.6,171.55,180.25,404950,3164590,15.092486,23192.0,23250.0,23150,ATM+1,PUT,23100,2026-06-11
2026-06-11 14:47:00+05:30,156.0,168.15,154.4,167.35,2424435,8535475,15.108571,23167.1,23200.0,23150,ATM+1,PUT,23100,2026-06-11
2026-06-11 14:48:00+05:30,194.25,194.8,183.65,185.1,365300,2786160,14.979434,23180.35,23250.0,23150,ATM+1,PUT,23100,2026-06-11
2026-06-11 14:49:00+05:30,184.8,186.3,178.8,180.05,202605,2726945,15.128299,23193.1,23250.0,23150,ATM+1,PUT,23100,2026-06-11
2026-06-11 14:50:00+05:30,155.85,164.05,154.9,163.55,950170,8429980,15.01961,23172.75,23200.0,23150,ATM+1,PUT,23100,2026-06-11
2026-06-11 14:51:00+05:30,163.3,163.55,158.4,162.2,613470,8282950,14.883185,23172.4,23200.0,23150,ATM+1,PUT,23100,2026-06-11
2026-06-11 14:52:00+05:30,161.55,163.9,160.7,163.55,492960,8353605,14.948092,23171.1,23200.0,23150,ATM+1,PUT,23100,2026-06-11
2026-06-11 14:53:00+05:30,163.25,163.55,159.4,160.0,392015,8373560,14.75707,23174.0,23200.0,23150,ATM+1,PUT,23100,2026-06-11
2026-06-11 14:54:00+05:30,159.65,162.9,159.5,161.25,304850,8335210,14.768852,23171.7,23200.0,23150,ATM+1,PUT,23100,2026-06-11
2026-06-11 14:55:00+05:30,161.35,163.15,159.1,159.95,436345,8333000,14.692242,23172.6,23200.0,23150,ATM+1,PUT,23100,2026-06-11
2026-06-11 14:56:00+05:30,160.0,162.9,159.5,162.9,327860,8291855,14.859303,23170.35,23200.0,23150,ATM+1,PUT,23100,2026-06-11
2026-06-11 14:57:00+05:30,163.0,164.8,161.3,162.6,581360,8204690,14.647758,23166.2,23200.0,23150,ATM+1,PUT,23100,2026-06-11
2026-06-11 14:58:00+05:30,162.6,162.75,160.15,160.15,353795,8127275,14.70818,23172.5,23200.0,23150,ATM+1,PUT,23100,2026-06-11
2026-06-11 14:59:00+05:30,185.05,191.55,184.35,187.9,340080,2569840,15.082306,23177.05,23250.0,23150,ATM+1,PUT,23100,2026-06-11
2026-06-11 15:00:00+05:30,158.5,167.9,149.15,167.5,1702350,7904910,14.538483,23154.0,23200.0,23150,ATM+1,PUT,23100,2026-06-11
2026-06-11 15:01:00+05:30,167.85,173.3,165.9,168.0,1395355,7757685,14.545288,23153.15,23200.0,23150,ATM+1,PUT,23100,2026-06-11
2026-06-11 15:02:00+05:30,168.85,174.3,165.25,168.4,1075880,7590310,14.84078,23158.8,23200.0,23150,ATM+1,PUT,23100,2026-06-11
2026-06-11 15:03:00+05:30,168.3,172.95,168.3,170.2,632060,7581470,14.979022,23158.25,23200.0,23150,ATM+1,PUT,23100,2026-06-11
2026-06-11 15:04:00+05:30,170.6,173.55,168.95,172.3,483470,7542990,14.557656,23145.0,23200.0,23150,ATM+1,PUT,23100,2026-06-11
2026-06-11 15:05:00+05:30,173.05,176.8,171.1,172.0,706485,7319715,14.650386,23147.55,23200.0,23150,ATM+1,PUT,23100,2026-06-11
2026-06-11 15:06:00+05:30,171.55,176.95,170.55,176.25,701480,7120425,14.650415,23139.35,23200.0,23150,ATM+1,PUT,23100,2026-06-11
2026-06-11 15:07:00+05:30,177.0,177.95,171.35,171.35,436280,7046195,14.618755,23148.1,23200.0,23150,ATM+1,PUT,23100,2026-06-11
2026-06-11 15:08:00+05:30,171.15,173.25,168.25,173.25,533195,7018180,14.239913,23136.4,23200.0,23150,ATM+1,PUT,23100,2026-06-11
2026-06-11 15:09:00+05:30,174.1,174.1,169.55,170.2,334165,7005635,14.317493,23143.85,23200.0,23150,ATM+1,PUT,23100,2026-06-11
2026-06-11 15:10:00+05:30,170.35,170.35,162.7,163.0,514800,6957665,14.035596,23151.75,23200.0,23150,ATM+1,PUT,23100,2026-06-11
2026-06-11 15:11:00+05:30,162.9,167.4,160.45,167.25,473265,6946550,14.063786,23144.1,23200.0,23150,ATM+1,PUT,23100,2026-06-11
2026-06-11 15:12:00+05:30,166.85,169.3,163.25,163.5,438555,6940180,14.072982,23151.55,23200.0,23150,ATM+1,PUT,23100,2026-06-11
2026-06-11 15:13:00+05:30,163.55,164.05,159.35,159.6,346190,6884865,14.192997,23161.85,23200.0,23150,ATM+1,PUT,23100,2026-06-11
2026-06-11 15:14:00+05:30,159.8,163.8,157.8,162.75,355485,6881680,14.656423,23165.8,23200.0,23150,ATM+1,PUT,23100,2026-06-11
2026-06-11 15:15:00+05:30,163.3,169.0,162.45,162.55,741585,6774365,14.666069,23166.4,23200.0,23150,ATM+1,PUT,23100,2026-06-11
2026-06-11 15:16:00+05:30,190.2,190.2,179.65,179.8,223470,1615315,14.530893,23180.55,23250.0,23150,ATM+1,PUT,23100,2026-06-11
2026-06-11 15:17:00+05:30,179.85,180.75,176.85,179.15,123565,1571700,14.537754,23181.9,23250.0,23150,ATM+1,PUT,23100,2026-06-11
2026-06-11 15:18:00+05:30,179.05,187.2,178.35,185.7,112255,1553175,15.095506,23181.15,23250.0,23150,ATM+1,PUT,23100,2026-06-11
2026-06-11 15:19:00+05:30,159.05,163.75,159.05,161.65,429910,6585800,14.837808,23172.0,23200.0,23150,ATM+1,PUT,23100,2026-06-11
2026-06-11 15:20:00+05:30,189.2,189.2,185.1,185.85,122850,1526395,14.968585,23178.2,23250.0,23150,ATM+1,PUT,23100,2026-06-11
2026-06-11 15:21:00+05:30,185.9,187.2,182.0,187.0,84825,1497990,14.998575,23176.65,23250.0,23150,ATM+1,PUT,23100,2026-06-11
2026-06-11 15:22:00+05:30,160.55,162.25,158.65,161.8,342420,6589310,14.760289,23169.9,23200.0,23150,ATM+1,PUT,23100,2026-06-11
2026-06-11 15:23:00+05:30,162.05,163.95,159.15,159.55,333515,6599190,14.602297,23170.9,23200.0,23150,ATM+1,PUT,23100,2026-06-11
2026-06-11 15:24:00+05:30,159.2,160.5,157.6,158.9,266305,6562075,14.664158,23173.6,23200.0,23150,ATM+1,PUT,23100,2026-06-11
2026-06-11 15:25:00+05:30,158.55,159.4,152.8,152.8,456430,6512675,14.149011,23174.4,23200.0,23150,ATM+1,PUT,23100,2026-06-11
2026-06-11 15:26:00+05:30,179.35,180.9,173.85,174.6,99710,1402895,13.875119,23176.6,23250.0,23150,ATM+1,PUT,23100,2026-06-11
2026-06-11 15:27:00+05:30,175.3,179.15,174.0,178.0,97370,1373255,14.305865,23179.1,23250.0,23150,ATM+1,PUT,23100,2026-06-11
2026-06-11 15:28:00+05:30,177.3,179.25,177.0,177.2,142285,1338610,14.280049,23180.05,23250.0,23150,ATM+1,PUT,23100,2026-06-11
2026-06-11 15:29:00+05:30,177.8,177.95,173.6,173.9,142935,1304550,14.294012,23186.55,23250.0,23150,ATM+1,PUT,23100,2026-06-11
2026-06-11 09:15:00+05:30,149.0,149.0,120.0,132.85,1230320,3722810,14.260929,23104.4,23200.0,23200,ATM+2,CALL,23100,2026-06-11
2026-06-11 09:16:00+05:30,131.55,132.85,117.3,118.6,901940,3986970,13.839171,23082.3,23200.0,23200,ATM+2,CALL,23100,2026-06-11
2026-06-11 09:17:00+05:30,118.5,123.65,116.85,123.65,601835,4268290,13.889198,23092.9,23200.0,23200,ATM+2,CALL,23100,2026-06-11
2026-06-11 09:18:00+05:30,123.85,129.25,122.8,124.5,722605,4431115,13.68628,23100.1,23200.0,23200,ATM+2,CALL,23100,2026-06-11
2026-06-11 09:19:00+05:30,124.55,130.1,124.5,129.5,530335,4573985,13.50869,23115.85,23200.0,23200,ATM+2,CALL,23100,2026-06-11
2026-06-11 09:20:00+05:30,110.0,112.85,106.25,112.85,313300,2246790,13.430322,23128.6,23250.0,23200,ATM+2,CALL,23100,2026-06-11
2026-06-11 09:21:00+05:30,112.0,119.85,111.4,118.55,418470,2289560,13.420037,23142.45,23250.0,23200,ATM+2,CALL,23100,2026-06-11
2026-06-11 09:22:00+05:30,118.05,119.85,114.2,117.95,289965,2303340,13.349857,23142.9,23250.0,23200,ATM+2,CALL,23100,2026-06-11
2026-06-11 09:23:00+05:30,118.15,120.05,113.95,115.0,232505,2313415,13.377197,23135.25,23250.0,23200,ATM+2,CALL,23100,2026-06-11
2026-06-11 09:24:00+05:30,136.85,139.0,129.4,129.5,533390,4922645,13.47554,23116.8,23200.0,23200,ATM+2,CALL,23100,2026-06-11
2026-06-11 09:25:00+05:30,129.0,131.05,127.1,128.0,457080,4935450,13.65537,23109.0,23200.0,23200,ATM+2,CALL,23100,2026-06-11
2026-06-11 09:26:00+05:30,127.15,129.75,125.15,128.9,380965,5025995,13.796508,23107.5,23200.0,23200,ATM+2,CALL,23100,2026-06-11
2026-06-11 09:27:00+05:30,128.6,129.8,121.8,125.0,632450,5097755,13.687498,23101.45,23200.0,23200,ATM+2,CALL,23100,2026-06-11
2026-06-11 09:28:00+05:30,125.1,131.0,125.0,130.7,508300,5256030,13.554255,23117.6,23200.0,23200,ATM+2,CALL,23100,2026-06-11
2026-06-11 09:29:00+05:30,131.1,134.15,129.05,131.6,489775,5373810,13.460823,23121.9,23200.0,23200,ATM+2,CALL,23100,2026-06-11
2026-06-11 09:30:00+05:30,132.2,132.45,123.45,125.15,453765,5470530,13.352108,23110.35,23200.0,23200,ATM+2,CALL,23100,2026-06-11
2026-06-11 09:31:00+05:30,125.15,128.2,121.8,128.2,411060,5581550,13.362827,23116.9,23200.0,23200,ATM+2,CALL,23100,2026-06-11
2026-06-11 09:32:00+05:30,129.4,132.4,126.3,126.3,488410,5693220,13.313006,23113.95,23200.0,23200,ATM+2,CALL,23100,2026-06-11
2026-06-11 09:33:00+05:30,125.7,126.3,119.35,119.5,632840,5815095,13.194451,23101.6,23200.0,23200,ATM+2,CALL,23100,2026-06-11
2026-06-11 09:34:00+05:30,119.4,124.45,119.1,123.95,305110,6033235,13.276751,23109.65,23200.0,23200,ATM+2,CALL,23100,2026-06-11
2026-06-11 09:35:00+05:30,123.3,123.95,117.25,117.3,364260,6111690,13.179747,23096.95,23200.0,23200,ATM+2,CALL,23100,2026-06-11
2026-06-11 09:36:00+05:30,117.85,123.7,117.3,123.7,347360,6204250,13.148875,23112.35,23200.0,23200,ATM+2,CALL,23100,2026-06-11
2026-06-11 09:37:00+05:30,123.85,127.75,123.2,126.75,459745,6230575,13.140676,23119.35,23200.0,23200,ATM+2,CALL,23100,2026-06-11
2026-06-11 09:38:00+05:30,107.0,111.45,105.95,110.25,246610,3052075,13.162298,23129.95,23250.0,23200,ATM+2,CALL,23100,2026-06-11
2026-06-11 09:39:00+05:30,109.75,113.2,109.75,112.0,276055,3077035,13.231741,23132.35,23250.0,23200,ATM+2,CALL,23100,2026-06-11
2026-06-11 09:40:00+05:30,132.95,133.15,125.75,125.75,339170,6123000,13.03837,23119.75,23200.0,23200,ATM+2,CALL,23100,2026-06-11
2026-06-11 09:41:00+05:30,125.75,127.65,123.9,126.25,262795,6129370,13.059636,23120.35,23200.0,23200,ATM+2,CALL,23100,2026-06-11
2026-06-11 09:42:00+05:30,126.45,127.4,122.8,125.35,256555,6191965,12.994593,23120.0,23200.0,23200,ATM+2,CALL,23100,2026-06-11
2026-06-11 09:43:00+05:30,105.65,113.8,104.95,113.3,249795,3166995,13.013775,23141.3,23250.0,23200,ATM+2,CALL,23100,2026-06-11
2026-06-11 09:44:00+05:30,113.8,115.95,113.1,114.75,225940,3158545,13.032329,23144.25,23250.0,23200,ATM+2,CALL,23100,2026-06-11
2026-06-11 09:45:00+05:30,114.5,117.3,110.75,114.65,256035,3137875,12.970465,23145.65,23250.0,23200,ATM+2,CALL,23100,2026-06-11
2026-06-11 09:46:00+05:30,114.9,117.5,112.9,117.5,166985,3133975,12.885548,23154.45,23250.0,23200,ATM+2,CALL,23100,2026-06-11
2026-06-11 09:47:00+05:30,117.05,117.7,114.15,114.85,195130,3167775,12.833934,23149.7,23250.0,23200,ATM+2,CALL,23100,2026-06-11
2026-06-11 09:48:00+05:30,114.65,115.95,110.85,110.85,136760,3204630,12.790137,23141.5,23250.0,23200,ATM+2,CALL,23100,2026-06-11
2026-06-11 09:49:00+05:30,110.8,116.75,110.8,116.5,126425,3213080,12.843872,23153.3,23250.0,23200,ATM+2,CALL,23100,2026-06-11
2026-06-11 09:50:00+05:30,116.75,123.0,112.95,122.6,279565,3225300,13.011583,23162.9,23250.0,23200,ATM+2,CALL,23100,2026-06-11
2026-06-11 09:51:00+05:30,120.85,124.5,119.7,123.65,382655,3198650,12.922015,23167.5,23250.0,23200,ATM+2,CALL,23100,2026-06-11
2026-06-11 09:52:00+05:30,123.3,124.8,120.2,123.85,226265,3151395,12.807726,23170.8,23250.0,23200,ATM+2,CALL,23100,2026-06-11
2026-06-11 09:53:00+05:30,123.9,125.8,122.5,123.7,191815,3122860,12.734616,23172.3,23250.0,23200,ATM+2,CALL,23100,2026-06-11
2026-06-11 09:54:00+05:30,124.0,124.0,116.5,117.1,194415,3110575,12.939708,23152.35,23250.0,23200,ATM+2,CALL,23100,2026-06-11
2026-06-11 09:55:00+05:30,117.55,117.95,111.4,113.05,228085,3085420,12.982118,23141.85,23250.0,23200,ATM+2,CALL,23100,2026-06-11
2026-06-11 09:56:00+05:30,112.85,116.35,111.8,111.8,153270,3076385,12.921861,23140.5,23250.0,23200,ATM+2,CALL,23100,2026-06-11
2026-06-11 09:57:00+05:30,111.25,111.8,106.8,107.65,212095,3108885,12.900266,23131.15,23250.0,23200,ATM+2,CALL,23100,2026-06-11
2026-06-11 09:58:00+05:30,128.0,128.05,121.95,121.95,580385,6502600,12.920485,23114.7,23200.0,23200,ATM+2,CALL,23100,2026-06-11
2026-06-11 09:59:00+05:30,122.25,125.8,120.4,122.2,519480,6600685,12.827321,23117.6,23200.0,23200,ATM+2,CALL,23100,2026-06-11
2026-06-11 10:00:00+05:30,102.25,107.8,102.0,106.7,182650,3209245,12.852407,23130.2,23250.0,23200,ATM+2,CALL,23100,2026-06-11
2026-06-11 10:01:00+05:30,108.15,109.35,106.65,107.85,150150,3253575,12.871771,23132.5,23250.0,23200,ATM+2,CALL,23100,2026-06-11
2026-06-11 10:02:00+05:30,128.15,128.55,123.5,124.85,294710,6967090,12.852192,23122.9,23200.0,23200,ATM+2,CALL,23100,2026-06-11
2026-06-11 10:03:00+05:30,124.35,128.25,122.05,123.75,264550,6983990,12.838359,23120.85,23200.0,23200,ATM+2,CALL,23100,2026-06-11
2026-06-11 10:04:00+05:30,123.4,124.95,118.75,118.85,400010,7051135,12.893718,23108.55,23200.0,23200,ATM+2,CALL,23100,2026-06-11
2026-06-11 10:05:00+05:30,118.65,121.65,116.15,121.45,621530,7072260,12.98868,23112.05,23200.0,23200,ATM+2,CALL,23100,2026-06-11
2026-06-11 10:06:00+05:30,101.55,109.9,100.9,108.2,245960,3437655,12.727621,23137.3,23250.0,23200,ATM+2,CALL,23100,2026-06-11
2026-06-11 10:07:00+05:30,108.9,114.1,107.4,112.7,227500,3429205,12.733756,23147.8,23250.0,23200,ATM+2,CALL,23100,2026-06-11
2026-06-11 10:08:00+05:30,113.25,118.45,111.75,118.35,319735,3361670,12.887277,23156.9,23250.0,23200,ATM+2,CALL,23100,2026-06-11
2026-06-11 10:09:00+05:30,118.55,119.8,116.0,116.0,222625,3258060,12.675692,23156.95,23250.0,23200,ATM+2,CALL,23100,2026-06-11
2026-06-11 10:10:00+05:30,115.3,120.25,115.15,116.75,158665,3207685,12.690735,23158.3,23250.0,23200,ATM+2,CALL,23100,2026-06-11
2026-06-11 10:11:00+05:30,116.85,120.3,116.75,119.15,135330,3213990,12.720283,23163.0,23250.0,23200,ATM+2,CALL,23100,2026-06-11
2026-06-11 10:12:00+05:30,119.4,120.25,115.4,116.45,137735,3205150,12.73077,23156.65,23250.0,23200,ATM+2,CALL,23100,2026-06-11
2026-06-11 10:13:00+05:30,115.95,118.95,115.95,117.65,84240,3184090,12.717026,23159.75,23250.0,23200,ATM+2,CALL,23100,2026-06-11
2026-06-11 10:14:00+05:30,117.95,119.5,111.75,113.3,170820,3185065,12.806248,23147.5,23250.0,23200,ATM+2,CALL,23100,2026-06-11
2026-06-11 10:15:00+05:30,113.0,117.7,112.6,116.5,111345,3168945,12.689002,23157.9,23250.0,23200,ATM+2,CALL,23100,2026-06-11
2026-06-11 10:16:00+05:30,116.9,121.35,116.5,118.55,219765,3196895,12.593788,23164.95,23250.0,23200,ATM+2,CALL,23100,2026-06-11
2026-06-11 10:17:00+05:30,119.05,123.05,118.4,122.35,203320,3195400,12.765473,23169.15,23250.0,23200,ATM+2,CALL,23100,2026-06-11
2026-06-11 10:18:00+05:30,122.15,125.55,118.85,124.55,195780,3160625,12.806609,23173.0,23250.0,23200,ATM+2,CALL,23100,2026-06-11
2026-06-11 10:19:00+05:30,104.25,106.75,103.5,106.75,521560,7556185,12.734867,23183.15,23300.0,23200,ATM+2,CALL,23100,2026-06-11
2026-06-11 10:20:00+05:30,107.05,111.95,104.65,111.2,858845,7442110,12.870325,23190.25,23300.0,23200,ATM+2,CALL,23100,2026-06-11
2026-06-11 10:21:00+05:30,110.45,111.2,104.85,104.9,512980,7241780,12.60632,23182.15,23300.0,23200,ATM+2,CALL,23100,2026-06-11
2026-06-11 10:22:00+05:30,105.55,107.45,104.75,105.45,199615,7212400,12.741144,23179.9,23300.0,23200,ATM+2,CALL,23100,2026-06-11
2026-06-11 10:23:00+05:30,106.45,108.4,105.15,106.35,251940,7180030,12.762339,23181.55,23300.0,23200,ATM+2,CALL,23100,2026-06-11
2026-06-11 10:24:00+05:30,106.4,107.05,103.95,105.25,174980,7221370,12.730495,23179.75,23300.0,23200,ATM+2,CALL,23100,2026-06-11
2026-06-11 10:25:00+05:30,106.1,106.15,103.8,104.1,156975,7204990,12.641735,23179.35,23300.0,23200,ATM+2,CALL,23100,2026-06-11
2026-06-11 10:26:00+05:30,104.85,111.55,104.1,110.9,342355,7203950,12.738556,23193.15,23300.0,23200,ATM+2,CALL,23100,2026-06-11
2026-06-11 10:27:00+05:30,110.5,117.9,110.25,117.9,914355,7178275,12.807672,23207.6,23300.0,23200,ATM+2,CALL,23100,2026-06-11
2026-06-11 10:28:00+05:30,118.05,118.85,111.35,113.85,486655,7266155,12.765638,23199.4,23300.0,23200,ATM+2,CALL,23100,2026-06-11
2026-06-11 10:29:00+05:30,113.95,116.6,112.55,114.45,245375,7298785,12.816669,23199.5,23300.0,23200,ATM+2,CALL,23100,2026-06-11
2026-06-11 10:30:00+05:30,115.0,117.55,107.55,108.85,510120,7319975,12.719115,23188.9,23300.0,23200,ATM+2,CALL,23100,2026-06-11
2026-06-11 10:31:00+05:30,108.35,112.25,107.0,111.45,354835,7303530,12.562451,23199.15,23300.0,23200,ATM+2,CALL,23100,2026-06-11
2026-06-11 10:32:00+05:30,111.8,115.9,109.7,114.1,317655,7322055,12.613205,23204.0,23300.0,23200,ATM+2,CALL,23100,2026-06-11
2026-06-11 10:33:00+05:30,113.65,114.1,109.7,112.4,265070,7308600,12.657578,23198.95,23300.0,23200,ATM+2,CALL,23100,2026-06-11
2026-06-11 10:34:00+05:30,112.0,113.2,111.1,112.35,113230,7313475,12.582455,23200.8,23300.0,23200,ATM+2,CALL,23100,2026-06-11
2026-06-11 10:35:00+05:30,112.05,115.8,112.05,112.4,347425,7341230,12.564654,23201.4,23300.0,23200,ATM+2,CALL,23100,2026-06-11
2026-06-11 10:36:00+05:30,112.15,112.4,109.0,111.0,249600,7297615,12.640448,23196.2,23300.0,23200,ATM+2,CALL,23100,2026-06-11
2026-06-11 10:37:00+05:30,110.95,112.6,108.05,109.2,156650,7303140,12.643573,23191.9,23300.0,23200,ATM+2,CALL,23100,2026-06-11
2026-06-11 10:38:00+05:30,111.1,113.0,109.2,113.0,161135,7300735,12.710648,23199.1,23300.0,23200,ATM+2,CALL,23100,2026-06-11
2026-06-11 10:39:00+05:30,114.0,117.1,112.3,115.9,314405,7281690,12.646294,23207.45,23300.0,23200,ATM+2,CALL,23100,2026-06-11
2026-06-11 10:40:00+05:30,115.85,118.3,113.9,117.85,358280,7267910,12.626183,23212.4,23300.0,23200,ATM+2,CALL,23100,2026-06-11
2026-06-11 10:41:00+05:30,117.65,118.65,113.15,113.15,313300,7287475,12.558149,23203.45,23300.0,23200,ATM+2,CALL,23100,2026-06-11
2026-06-11 10:42:00+05:30,113.65,115.4,111.65,114.9,219245,7283380,12.622394,23205.85,23300.0,23200,ATM+2,CALL,23100,2026-06-11
2026-06-11 10:43:00+05:30,115.2,116.55,113.0,113.3,128440,7265765,12.626139,23202.1,23300.0,23200,ATM+2,CALL,23100,2026-06-11
2026-06-11 10:44:00+05:30,113.4,115.45,111.45,115.15,172770,7265115,12.685952,23204.85,23300.0,23200,ATM+2,CALL,23100,2026-06-11
2026-06-11 10:45:00+05:30,114.35,114.75,110.4,114.5,187330,7278375,12.638373,23204.6,23300.0,23200,ATM+2,CALL,23100,2026-06-11
2026-06-11 10:46:00+05:30,114.3,116.95,113.2,113.35,195390,7274280,12.457847,23206.6,23300.0,23200,ATM+2,CALL,23100,2026-06-11
2026-06-11 10:47:00+05:30,113.75,116.25,113.05,116.15,144235,7289685,12.562162,23210.35,23300.0,23200,ATM+2,CALL,23100,2026-06-11
2026-06-11 10:48:00+05:30,115.95,117.7,111.7,113.9,231140,7275255,12.544403,23205.7,23300.0,23200,ATM+2,CALL,23100,2026-06-11
2026-06-11 10:49:00+05:30,114.1,114.25,109.3,109.3,244660,7308860,12.593668,23193.75,23300.0,23200,ATM+2,CALL,23100,2026-06-11
2026-06-11 10:50:00+05:30,108.95,109.65,105.65,106.4,403455,7285980,12.611172,23186.4,23300.0,23200,ATM+2,CALL,23100,2026-06-11
2026-06-11 10:51:00+05:30,106.75,112.1,106.4,109.2,209300,7263945,12.729585,23190.0,23300.0,23200,ATM+2,CALL,23100,2026-06-11
2026-06-11 10:52:00+05:30,109.15,111.45,107.8,108.3,106275,7269795,12.723066,23188.05,23300.0,23200,ATM+2,CALL,23100,2026-06-11
2026-06-11 10:53:00+05:30,129.35,129.7,122.65,123.15,246155,3144180,12.63898,23174.9,23250.0,23200,ATM+2,CALL,23100,2026-06-11
2026-06-11 10:54:00+05:30,123.0,125.85,121.65,123.7,147810,3126500,12.697234,23174.7,23250.0,23200,ATM+2,CALL,23100,2026-06-11
2026-06-11 10:55:00+05:30,123.35,125.0,121.0,122.8,97890,3128320,12.679065,23173.2,23250.0,23200,ATM+2,CALL,23100,2026-06-11
2026-06-11 10:56:00+05:30,102.4,105.55,101.5,104.85,178750,7363980,12.723463,23179.8,23300.0,23200,ATM+2,CALL,23100,2026-06-11
2026-06-11 10:57:00+05:30,104.6,105.15,102.1,103.65,144950,7370025,12.707926,23177.3,23300.0,23200,ATM+2,CALL,23100,2026-06-11
2026-06-11 10:58:00+05:30,102.9,104.65,101.05,101.7,117455,7414095,12.591734,23175.65,23300.0,23200,ATM+2,CALL,23100,2026-06-11
2026-06-11 10:59:00+05:30,101.25,104.2,99.3,104.0,218335,7396350,12.769652,23176.55,23300.0,23200,ATM+2,CALL,23100,2026-06-11
2026-06-11 11:00:00+05:30,124.45,126.75,120.0,120.0,92950,3156075,12.585814,23169.45,23250.0,23200,ATM+2,CALL,23100,2026-06-11
2026-06-11 11:01:00+05:30,120.35,123.55,118.5,120.1,239785,3167905,12.688487,23167.15,23250.0,23200,ATM+2,CALL,23100,2026-06-11
2026-06-11 11:02:00+05:30,121.25,121.75,119.3,119.95,133510,3169335,12.645841,23167.9,23250.0,23200,ATM+2,CALL,23100,2026-06-11
2026-06-11 11:03:00+05:30,99.25,104.8,98.35,104.8,138645,7445360,12.701506,23180.45,23300.0,23200,ATM+2,CALL,23100,2026-06-11
2026-06-11 11:04:00+05:30,105.35,107.2,103.65,104.0,517725,7477730,12.586634,23181.6,23300.0,23200,ATM+2,CALL,23100,2026-06-11
2026-06-11 11:05:00+05:30,104.95,111.95,104.0,111.6,445770,7622680,12.583918,23199.8,23300.0,23200,ATM+2,CALL,23100,2026-06-11
2026-06-11 11:06:00+05:30,111.65,113.55,108.1,112.9,569465,7609290,12.530763,23204.2,23300.0,23200,ATM+2,CALL,23100,2026-06-11
2026-06-11 11:07:00+05:30,113.25,114.7,105.8,106.1,392600,7536685,12.462412,23190.05,23300.0,23200,ATM+2,CALL,23100,2026-06-11
2026-06-11 11:08:00+05:30,106.7,110.3,105.0,107.6,223600,7544745,12.418244,23194.8,23300.0,23200,ATM+2,CALL,23100,2026-06-11
2026-06-11 11:09:00+05:30,107.45,107.7,102.2,107.05,245375,7594470,12.417227,23193.55,23300.0,23200,ATM+2,CALL,23100,2026-06-11
2026-06-11 11:10:00+05:30,106.7,107.65,104.2,107.65,115180,7612930,12.550701,23191.5,23300.0,23200,ATM+2,CALL,23100,2026-06-11
2026-06-11 11:11:00+05:30,106.5,108.1,105.0,106.05,145665,7595185,12.493961,23189.2,23300.0,23200,ATM+2,CALL,23100,2026-06-11
2026-06-11 11:12:00+05:30,105.7,106.35,103.45,105.2,113490,7613255,12.500904,23187.0,23300.0,23200,ATM+2,CALL,23100,2026-06-11
2026-06-11 11:13:00+05:30,105.4,107.9,104.4,105.55,172705,7620015,12.599639,23185.25,23300.0,23200,ATM+2,CALL,23100,2026-06-11
2026-06-11 11:14:00+05:30,105.55,107.35,103.3,104.75,104780,7654075,12.604807,23183.2,23300.0,23200,ATM+2,CALL,23100,2026-06-11
2026-06-11 11:15:00+05:30,104.7,107.45,103.6,106.3,104910,7645040,12.55651,23188.25,23300.0,23200,ATM+2,CALL,23100,2026-06-11
2026-06-11 11:16:00+05:30,106.55,107.45,104.55,106.6,243685,7729800,12.539245,23189.45,23300.0,23200,ATM+2,CALL,23100,2026-06-11
2026-06-11 11:17:00+05:30,106.45,109.0,104.2,107.65,247455,7755540,12.463984,23193.95,23300.0,23200,ATM+2,CALL,23100,2026-06-11
2026-06-11 11:18:00+05:30,107.95,113.2,106.9,112.65,528255,7990255,12.482811,23205.15,23300.0,23200,ATM+2,CALL,23100,2026-06-11
2026-06-11 11:19:00+05:30,113.25,114.45,110.7,111.6,401895,7933900,12.455683,23203.45,23300.0,23200,ATM+2,CALL,23100,2026-06-11
2026-06-11 11:20:00+05:30,111.7,116.2,109.95,116.05,292825,7957430,12.498208,23212.55,23300.0,23200,ATM+2,CALL,23100,2026-06-11
2026-06-11 11:21:00+05:30,115.9,120.8,115.6,119.85,586690,7928115,12.528691,23220.3,23300.0,23200,ATM+2,CALL,23100,2026-06-11
2026-06-11 11:22:00+05:30,120.15,120.45,116.8,117.1,392275,7849140,12.532552,23214.1,23300.0,23200,ATM+2,CALL,23100,2026-06-11
2026-06-11 11:23:00+05:30,116.85,120.45,115.0,115.6,319605,7791550,12.440896,23213.05,23300.0,23200,ATM+2,CALL,23100,2026-06-11
2026-06-11 11:24:00+05:30,115.5,119.15,113.7,118.45,254930,7784725,12.479042,23218.5,23300.0,23200,ATM+2,CALL,23100,2026-06-11
2026-06-11 11:25:00+05:30,118.55,120.9,117.7,118.25,354705,7780695,12.570547,23215.8,23300.0,23200,ATM+2,CALL,23100,2026-06-11
2026-06-11 11:26:00+05:30,97.3,104.0,97.3,104.0,455195,3284450,12.693648,23228.5,23350.0,23200,ATM+2,CALL,23100,2026-06-11
2026-06-11 11:27:00+05:30,104.2,109.35,104.0,108.35,559780,3308175,12.881026,23234.1,23350.0,23200,ATM+2,CALL,23100,2026-06-11
2026-06-11 11:28:00+05:30,108.2,108.85,105.25,107.0,249600,3365050,12.685974,23236.05,23350.0,23200,ATM+2,CALL,23100,2026-06-11
2026-06-11 11:29:00+05:30,106.35,107.85,103.65,107.65,174200,3372850,12.76858,23235.45,23350.0,23200,ATM+2,CALL,23100,2026-06-11
2026-06-11 11:30:00+05:30,107.45,110.9,105.7,106.0,473070,3398005,12.591491,23236.2,23350.0,23200,ATM+2,CALL,23100,2026-06-11
2026-06-11 11:31:00+05:30,106.2,108.0,102.1,103.45,203385,3381495,12.729924,23226.3,23350.0,23200,ATM+2,CALL,23100,2026-06-11
2026-06-11 11:32:00+05:30,103.3,103.45,100.25,102.6,109135,3378375,12.65877,23226.15,23350.0,23200,ATM+2,CALL,23100,2026-06-11
2026-06-11 11:33:00+05:30,103.0,107.25,102.6,105.65,110500,3380910,12.662246,23233.55,23350.0,23200,ATM+2,CALL,23100,2026-06-11
2026-06-11 11:34:00+05:30,105.35,105.8,100.7,100.7,98410,3389555,12.479561,23226.35,23350.0,23200,ATM+2,CALL,23100,2026-06-11
2026-06-11 11:35:00+05:30,101.65,105.3,99.4,105.0,128245,3394040,12.575058,23234.35,23350.0,23200,ATM+2,CALL,23100,2026-06-11
2026-06-11 11:36:00+05:30,126.45,126.95,119.95,120.0,220415,7297940,12.502175,23221.65,23300.0,23200,ATM+2,CALL,23100,2026-06-11
2026-06-11 11:37:00+05:30,120.2,122.0,119.55,119.55,152555,7298980,12.608405,23218.05,23300.0,23200,ATM+2,CALL,23100,2026-06-11
2026-06-11 11:38:00+05:30,119.75,120.75,116.7,116.7,234390,7270900,12.464409,23215.3,23300.0,23200,ATM+2,CALL,23100,2026-06-11
2026-06-11 11:39:00+05:30,116.55,120.65,115.35,120.1,263315,7257640,12.461274,23222.95,23300.0,23200,ATM+2,CALL,23100,2026-06-11
2026-06-11 11:40:00+05:30,120.2,122.5,118.35,119.45,250575,7290595,12.40007,23223.05,23300.0,23200,ATM+2,CALL,23100,2026-06-11
2026-06-11 11:41:00+05:30,98.75,102.95,97.85,102.05,93275,3449875,12.463394,23230.3,23350.0,23200,ATM+2,CALL,23100,2026-06-11
2026-06-11 11:42:00+05:30,102.25,110.7,101.8,109.95,262925,3419130,12.641754,23244.6,23350.0,23200,ATM+2,CALL,23100,2026-06-11
2026-06-11 11:43:00+05:30,109.8,109.95,106.35,107.9,194415,3456180,12.573817,23241.55,23350.0,23200,ATM+2,CALL,23100,2026-06-11
2026-06-11 11:44:00+05:30,107.6,114.55,107.35,114.55,294060,3447080,12.706068,23253.7,23350.0,23200,ATM+2,CALL,23100,2026-06-11
2026-06-11 11:45:00+05:30,115.65,117.75,112.9,115.4,462995,3459105,12.769815,23254.05,23350.0,23200,ATM+2,CALL,23100,2026-06-11
2026-06-11 11:46:00+05:30,114.65,117.15,113.6,116.95,145080,3468205,12.762687,23257.8,23350.0,23200,ATM+2,CALL,23100,2026-06-11
2026-06-11 11:47:00+05:30,117.55,125.0,114.95,125.0,430950,3426930,13.028917,23269.2,23350.0,23200,ATM+2,CALL,23100,2026-06-11
2026-06-11 11:48:00+05:30,125.25,125.55,119.3,121.85,347295,3326115,12.782806,23268.35,23350.0,23200,ATM+2,CALL,23100,2026-06-11
2026-06-11 11:49:00+05:30,121.6,121.85,117.5,119.75,202020,3313570,12.722541,23265.2,23350.0,23200,ATM+2,CALL,23100,2026-06-11
2026-06-11 11:50:00+05:30,120.65,124.2,119.75,123.0,283010,3253835,12.666614,23273.8,23350.0,23200,ATM+2,CALL,23100,2026-06-11
2026-06-11 11:51:00+05:30,124.05,124.85,121.3,121.5,192465,3234140,12.732335,23268.9,23350.0,23200,ATM+2,CALL,23100,2026-06-11
2026-06-11 11:52:00+05:30,121.5,123.0,119.35,122.7,155350,3217175,12.792076,23270.1,23350.0,23200,ATM+2,CALL,23100,2026-06-11
2026-06-11 11:53:00+05:30,122.7,123.45,121.15,122.5,85215,3217695,12.612754,23274.1,23350.0,23200,ATM+2,CALL,23100,2026-06-11
2026-06-11 11:54:00+05:30,123.4,126.25,121.15,121.8,217815,3198650,12.598072,23272.95,23350.0,23200,ATM+2,CALL,23100,2026-06-11
2026-06-11 11:55:00+05:30,122.8,125.75,121.8,122.6,146640,3180060,12.63589,23273.8,23350.0,23200,ATM+2,CALL,23100,2026-06-11
2026-06-11 11:56:00+05:30,101.85,111.65,100.6,110.0,551525,5508230,12.983948,23285.3,23400.0,23200,ATM+2,CALL,23100,2026-06-11
2026-06-11 11:57:00+05:30,109.6,110.0,106.6,108.65,371020,5490615,12.875703,23284.95,23400.0,23200,ATM+2,CALL,23100,2026-06-11
2026-06-11 11:58:00+05:30,108.6,112.35,107.85,108.7,395460,5406570,12.65587,23290.9,23400.0,23200,ATM+2,CALL,23100,2026-06-11
2026-06-11 11:59:00+05:30,109.05,109.05,105.2,105.9,228605,5418855,12.695574,23283.15,23400.0,23200,ATM+2,CALL,23100,2026-06-11
2026-06-11 12:00:00+05:30,106.45,109.7,105.9,106.4,184080,5416775,12.689448,23284.55,23400.0,23200,ATM+2,CALL,23100,2026-06-11
2026-06-11 12:01:00+05:30,106.0,110.2,106.0,109.0,211055,5379530,12.775271,23288.55,23400.0,23200,ATM+2,CALL,23100,2026-06-11
2026-06-11 12:02:00+05:30,109.3,110.0,107.1,107.4,146835,5391685,12.73894,23285.7,23400.0,23200,ATM+2,CALL,23100,2026-06-11
2026-06-11 12:03:00+05:30,107.4,110.8,106.85,109.4,212225,5384080,12.758405,23290.0,23400.0,23200,ATM+2,CALL,23100,2026-06-11
2026-06-11 12:04:00+05:30,108.95,109.4,106.55,106.85,147485,5409495,12.65327,23286.7,23400.0,23200,ATM+2,CALL,23100,2026-06-11
2026-06-11 12:05:00+05:30,107.1,108.15,102.15,103.85,269165,5369910,12.589642,23281.15,23400.0,23200,ATM+2,CALL,23100,2026-06-11
2026-06-11 12:06:00+05:30,104.5,106.75,102.75,105.65,137280,5365880,12.719061,23282.1,23400.0,23200,ATM+2,CALL,23100,2026-06-11
2026-06-11 12:07:00+05:30,106.65,110.75,105.65,110.4,302380,5350995,12.841484,23290.3,23400.0,23200,ATM+2,CALL,23100,2026-06-11
2026-06-11 12:08:00+05:30,110.3,111.0,105.6,107.25,204750,5344820,12.768934,23284.7,23400.0,23200,ATM+2,CALL,23100,2026-06-11
2026-06-11 12:09:00+05:30,107.3,108.0,105.4,105.5,109980,5356390,12.665282,23283.25,23400.0,23200,ATM+2,CALL,23100,2026-06-11
2026-06-11 12:10:00+05:30,105.85,106.15,103.15,104.15,137345,5346380,12.713147,23278.7,23400.0,23200,ATM+2,CALL,23100,2026-06-11
2026-06-11 12:11:00+05:30,104.05,104.95,101.0,102.2,164970,5353140,12.578709,23277.55,23400.0,23200,ATM+2,CALL,23100,2026-06-11
2026-06-11 12:12:00+05:30,103.6,104.3,101.3,104.15,129220,5340530,12.545337,23283.25,23400.0,23200,ATM+2,CALL,23100,2026-06-11
2026-06-11 12:13:00+05:30,105.0,106.5,103.1,105.85,157885,5339880,12.580722,23286.45,23400.0,23200,ATM+2,CALL,23100,2026-06-11
2026-06-11 12:14:00+05:30,105.1,107.0,102.8,107.0,100555,5337475,12.644611,23287.55,23400.0,23200,ATM+2,CALL,23100,2026-06-11
2026-06-11 12:15:00+05:30,107.0,114.45,107.0,113.5,705250,5200780,12.713601,23301.1,23400.0,23200,ATM+2,CALL,23100,2026-06-11
2026-06-11 12:16:00+05:30,115.15,115.6,108.7,114.6,430885,5211180,12.684838,23304.4,23400.0,23200,ATM+2,CALL,23100,2026-06-11
2026-06-11 12:17:00+05:30,114.75,116.65,109.55,110.1,319605,5211570,12.542583,23297.65,23400.0,23200,ATM+2,CALL,23100,2026-06-11
2026-06-11 12:18:00+05:30,110.0,110.7,107.6,108.45,192205,5211570,12.523131,23294.3,23400.0,23200,ATM+2,CALL,23100,2026-06-11
2026-06-11 12:19:00+05:30,108.6,109.15,105.7,105.7,162370,5214105,12.457701,23289.5,23400.0,23200,ATM+2,CALL,23100,2026-06-11
2026-06-11 12:20:00+05:30,106.4,107.35,103.0,103.65,201370,5224115,12.481375,23283.95,23400.0,23200,ATM+2,CALL,23100,2026-06-11
2026-06-11 12:21:00+05:30,104.1,105.5,102.3,104.85,131820,5231330,12.61977,23283.2,23400.0,23200,ATM+2,CALL,23100,2026-06-11
2026-06-11 12:22:00+05:30,105.05,107.55,104.8,106.65,109005,5250050,12.628262,23287.35,23400.0,23200,ATM+2,CALL,23100,2026-06-11
2026-06-11 12:23:00+05:30,106.2,109.95,105.2,109.25,137410,5268250,12.636799,23293.35,23400.0,23200,ATM+2,CALL,23100,2026-06-11
2026-06-11 12:24:00+05:30,108.75,109.25,106.25,108.4,95030,5261425,12.621928,23291.75,23400.0,23200,ATM+2,CALL,23100,2026-06-11
2026-06-11 12:25:00+05:30,108.3,108.8,105.2,106.4,93275,5276635,12.557414,23288.7,23400.0,23200,ATM+2,CALL,23100,2026-06-11
2026-06-11 12:26:00+05:30,106.75,111.3,106.4,107.7,144495,5280925,12.526126,23292.65,23400.0,23200,ATM+2,CALL,23100,2026-06-11
2026-06-11 12:27:00+05:30,108.2,110.0,107.7,109.2,97110,5286320,12.655348,23292.85,23400.0,23200,ATM+2,CALL,23100,2026-06-11
2026-06-11 12:28:00+05:30,109.4,112.65,107.45,111.85,121875,5294575,12.589432,23300.8,23400.0,23200,ATM+2,CALL,23100,2026-06-11
2026-06-11 12:29:00+05:30,111.75,113.45,109.75,110.9,174850,5288725,12.628576,23297.6,23400.0,23200,ATM+2,CALL,23100,2026-06-11
2026-06-11 12:30:00+05:30,110.65,118.8,110.65,115.8,523445,5291845,12.745888,23305.95,23400.0,23200,ATM+2,CALL,23100,2026-06-11
2026-06-11 12:31:00+05:30,115.55,121.3,114.5,120.25,486070,5272345,12.746994,23316.0,23400.0,23200,ATM+2,CALL,23100,2026-06-11
2026-06-11 12:32:00+05:30,120.2,123.8,119.55,122.55,430365,5220540,12.78851,23320.1,23400.0,23200,ATM+2,CALL,23100,2026-06-11
2026-06-11 12:33:00+05:30,122.35,122.55,119.8,121.35,229905,5223335,12.845481,23316.05,23400.0,23200,ATM+2,CALL,23100,2026-06-11
2026-06-11 12:34:00+05:30,121.45,122.6,118.65,122.6,244725,5237830,12.715911,23322.05,23400.0,23200,ATM+2,CALL,23100,2026-06-11
2026-06-11 12:35:00+05:30,122.75,124.8,113.2,116.5,406835,5220345,12.528858,23313.15,23400.0,23200,ATM+2,CALL,23100,2026-06-11
2026-06-11 12:36:00+05:30,116.9,117.75,113.45,114.8,181805,5232240,12.58912,23307.8,23400.0,23200,ATM+2,CALL,23100,2026-06-11
2026-06-11 12:37:00+05:30,114.75,116.35,110.85,111.2,234650,5249075,12.836842,23293.1,23400.0,23200,ATM+2,CALL,23100,2026-06-11
2026-06-11 12:38:00+05:30,111.95,113.05,108.5,109.4,280345,5209880,12.653712,23293.65,23400.0,23200,ATM+2,CALL,23100,2026-06-11
2026-06-11 12:39:00+05:30,109.3,114.3,109.25,113.65,231205,5189990,12.885033,23297.65,23400.0,23200,ATM+2,CALL,23100,2026-06-11
2026-06-11 12:40:00+05:30,114.05,114.45,111.4,112.3,125970,5208515,12.754391,23297.9,23400.0,23200,ATM+2,CALL,23100,2026-06-11
2026-06-11 12:41:00+05:30,112.6,113.85,110.7,111.0,165035,5219825,12.743961,23295.15,23400.0,23200,ATM+2,CALL,23100,2026-06-11
2026-06-11 12:42:00+05:30,111.5,113.45,109.2,111.1,164775,5259280,12.700058,23296.55,23400.0,23200,ATM+2,CALL,23100,2026-06-11
2026-06-11 12:43:00+05:30,111.3,112.5,107.0,110.4,197080,5289180,12.755027,23293.5,23400.0,23200,ATM+2,CALL,23100,2026-06-11
2026-06-11 12:44:00+05:30,110.65,113.2,110.0,112.1,126360,5271240,12.809873,23296.1,23400.0,23200,ATM+2,CALL,23100,2026-06-11
2026-06-11 12:45:00+05:30,112.3,112.8,109.8,112.2,109265,5284565,12.860418,23295.05,23400.0,23200,ATM+2,CALL,23100,2026-06-11
2026-06-11 12:46:00+05:30,112.45,117.75,112.2,116.15,273390,5296590,12.971843,23301.4,23400.0,23200,ATM+2,CALL,23100,2026-06-11
2026-06-11 12:47:00+05:30,115.9,117.75,110.6,112.0,183365,5309850,12.913593,23293.25,23400.0,23200,ATM+2,CALL,23100,2026-06-11
2026-06-11 12:48:00+05:30,112.1,112.5,108.05,108.25,165815,5318235,12.846843,23286.1,23400.0,23200,ATM+2,CALL,23100,2026-06-11
2026-06-11 12:49:00+05:30,108.6,109.3,102.3,103.2,293670,5328180,12.785475,23275.45,23400.0,23200,ATM+2,CALL,23100,2026-06-11
2026-06-11 12:50:00+05:30,103.8,107.95,103.0,107.8,162630,5307705,12.947542,23282.4,23400.0,23200,ATM+2,CALL,23100,2026-06-11
2026-06-11 12:51:00+05:30,109.0,111.0,105.95,105.95,169390,5314985,12.830411,23281.05,23400.0,23200,ATM+2,CALL,23100,2026-06-11
2026-06-11 12:52:00+05:30,106.2,106.7,104.5,105.15,85215,5313880,12.831256,23279.1,23400.0,23200,ATM+2,CALL,23100,2026-06-11
2026-06-11 12:53:00+05:30,107.25,109.4,105.15,107.9,144235,5308550,12.874824,23284.65,23400.0,23200,ATM+2,CALL,23100,2026-06-11
2026-06-11 12:54:00+05:30,107.05,108.7,107.05,108.65,23465,5304520,13.234783,23276.95,23400.0,23200,ATM+2,CALL,23100,2026-06-11
2026-06-11 12:55:00+05:30,108.65,108.65,108.65,108.65,0,5304520,13.234784,23276.95,23400.0,23200,ATM+2,CALL,23100,2026-06-11
2026-06-11 12:56:00+05:30,105.25,110.0,105.25,106.55,359645,5347095,12.81882,23282.95,23400.0,23200,ATM+2,CALL,23100,2026-06-11
2026-06-11 12:57:00+05:30,106.95,116.45,106.55,116.3,279760,5358340,13.090229,23299.0,23400.0,23200,ATM+2,CALL,23100,2026-06-11
2026-06-11 12:58:00+05:30,115.9,120.3,115.3,118.6,431600,5369130,13.110853,23303.8,23400.0,23200,ATM+2,CALL,23100,2026-06-11
2026-06-11 12:59:00+05:30,117.6,122.0,114.55,122.0,334880,5391035,13.242004,23308.25,23400.0,23200,ATM+2,CALL,23100,2026-06-11
2026-06-11 13:00:00+05:30,121.65,129.6,121.65,128.35,834990,5320965,13.17062,23324.15,23400.0,23200,ATM+2,CALL,23100,2026-06-11
2026-06-11 13:01:00+05:30,128.55,129.2,121.2,121.35,398515,5256030,12.952148,23314.1,23400.0,23200,ATM+2,CALL,23100,2026-06-11
2026-06-11 13:02:00+05:30,122.2,122.2,116.15,119.05,325715,5278845,13.039125,23306.75,23400.0,23200,ATM+2,CALL,23100,2026-06-11
2026-06-11 13:03:00+05:30,118.6,119.05,116.3,116.45,146640,5298215,12.908368,23304.15,23400.0,23200,ATM+2,CALL,23100,2026-06-11
2026-06-11 13:04:00+05:30,116.95,117.35,114.7,115.45,134745,5333120,12.919106,23301.6,23400.0,23200,ATM+2,CALL,23100,2026-06-11
2026-06-11 13:05:00+05:30,114.85,117.2,114.2,116.8,229125,5340270,12.998899,23302.7,23400.0,23200,ATM+2,CALL,23100,2026-06-11
2026-06-11 13:06:00+05:30,116.45,117.55,114.7,115.95,150020,5340530,12.970194,23301.5,23400.0,23200,ATM+2,CALL,23100,2026-06-11
2026-06-11 13:07:00+05:30,115.9,117.35,114.05,114.05,119015,5355285,12.895085,23299.05,23400.0,23200,ATM+2,CALL,23100,2026-06-11
2026-06-11 13:08:00+05:30,114.0,114.4,111.0,112.15,240500,5339360,13.000303,23291.9,23400.0,23200,ATM+2,CALL,23100,2026-06-11
2026-06-11 13:09:00+05:30,112.6,112.75,106.3,106.3,206505,5376865,12.895434,23280.65,23400.0,23200,ATM+2,CALL,23100,2026-06-11
2026-06-11 13:10:00+05:30,107.15,108.4,106.0,107.5,173225,5361655,12.936549,23282.5,23400.0,23200,ATM+2,CALL,23100,2026-06-11
2026-06-11 13:11:00+05:30,108.3,108.3,103.7,105.4,211770,5382000,12.878758,23278.95,23400.0,23200,ATM+2,CALL,23100,2026-06-11
2026-06-11 13:12:00+05:30,128.55,128.55,119.8,123.1,336245,2686905,13.016344,23267.45,23350.0,23200,ATM+2,CALL,23100,2026-06-11
2026-06-11 13:13:00+05:30,122.95,123.2,118.5,118.6,153725,2694705,12.897498,23260.35,23350.0,23200,ATM+2,CALL,23100,2026-06-11
2026-06-11 13:14:00+05:30,118.65,120.65,118.2,119.55,104715,2701400,13.020076,23259.45,23350.0,23200,ATM+2,CALL,23100,2026-06-11
2026-06-11 13:15:00+05:30,119.7,121.25,118.55,119.8,105560,2717065,13.011743,23260.25,23350.0,23200,ATM+2,CALL,23100,2026-06-11
2026-06-11 13:16:00+05:30,121.25,123.05,117.65,118.1,218595,2712255,13.059877,23255.2,23350.0,23200,ATM+2,CALL,23100,2026-06-11
2026-06-11 13:17:00+05:30,117.5,122.1,114.45,120.35,250120,2695355,12.943296,23263.25,23350.0,23200,ATM+2,CALL,23100,2026-06-11
2026-06-11 13:18:00+05:30,119.5,120.35,115.85,118.05,104520,2680860,13.114666,23253.75,23350.0,23200,ATM+2,CALL,23100,2026-06-11
2026-06-11 13:19:00+05:30,118.1,119.75,115.2,115.65,97500,2692300,12.884772,23254.1,23350.0,23200,ATM+2,CALL,23100,2026-06-11
2026-06-11 13:20:00+05:30,115.85,116.05,110.05,110.8,227305,2712515,12.591276,23250.4,23350.0,23200,ATM+2,CALL,23100,2026-06-11
2026-06-11 13:21:00+05:30,110.95,110.95,104.3,104.3,297310,2710760,12.446686,23238.8,23350.0,23200,ATM+2,CALL,23100,2026-06-11
2026-06-11 13:22:00+05:30,104.4,104.75,102.1,102.65,160550,2720575,12.688013,23228.4,23350.0,23200,ATM+2,CALL,23100,2026-06-11
2026-06-11 13:23:00+05:30,103.0,112.3,101.95,109.0,214500,2722395,12.686261,23243.8,23350.0,23200,ATM+2,CALL,23100,2026-06-11
2026-06-11 13:24:00+05:30,108.9,110.55,106.5,110.45,98995,2744820,12.992209,23239.3,23350.0,23200,ATM+2,CALL,23100,2026-06-11
2026-06-11 13:25:00+05:30,110.15,110.45,104.0,104.15,125905,2734225,12.663804,23232.8,23350.0,23200,ATM+2,CALL,23100,2026-06-11
2026-06-11 13:26:00+05:30,103.8,104.15,99.4,101.75,173810,2743520,12.731948,23225.1,23350.0,23200,ATM+2,CALL,23100,2026-06-11
2026-06-11 13:27:00+05:30,102.0,104.7,101.4,102.9,105430,2764060,12.633663,23230.6,23350.0,23200,ATM+2,CALL,23100,2026-06-11
2026-06-11 13:28:00+05:30,102.65,106.15,101.55,105.0,89700,2787525,12.703252,23233.9,23350.0,23200,ATM+2,CALL,23100,2026-06-11
2026-06-11 13:29:00+05:30,105.1,109.0,104.7,108.5,118950,2793960,12.681306,23242.9,23350.0,23200,ATM+2,CALL,23100,2026-06-11
2026-06-11 13:30:00+05:30,107.55,118.85,107.55,115.0,315185,2796820,12.702799,23257.5,23350.0,23200,ATM+2,CALL,23100,2026-06-11
2026-06-11 13:31:00+05:30,115.35,115.75,110.75,115.75,166140,2785120,12.803314,23256.7,23350.0,23200,ATM+2,CALL,23100,2026-06-11
2026-06-11 13:32:00+05:30,117.0,118.75,115.4,117.4,192270,2785900,12.710568,23262.8,23350.0,23200,ATM+2,CALL,23100,2026-06-11
2026-06-11 13:33:00+05:30,117.55,120.0,114.45,115.0,193505,2794220,12.65625,23258.75,23350.0,23200,ATM+2,CALL,23100,2026-06-11
2026-06-11 13:34:00+05:30,114.75,115.0,107.6,108.0,200200,2792725,12.611858,23243.65,23350.0,23200,ATM+2,CALL,23100,2026-06-11
2026-06-11 13:35:00+05:30,109.55,112.6,107.15,110.85,99840,2795780,12.665267,23249.0,23350.0,23200,ATM+2,CALL,23100,2026-06-11
2026-06-11 13:36:00+05:30,111.05,115.0,109.8,115.0,92820,2820155,12.756313,23256.3,23350.0,23200,ATM+2,CALL,23100,2026-06-11
2026-06-11 13:37:00+05:30,115.1,115.3,110.8,110.95,107315,2828150,12.59448,23251.1,23350.0,23200,ATM+2,CALL,23100,2026-06-11
2026-06-11 13:38:00+05:30,110.75,110.95,105.95,107.4,129415,2861040,12.609132,23242.4,23350.0,23200,ATM+2,CALL,23100,2026-06-11
2026-06-11 13:39:00+05:30,107.6,107.6,102.1,103.75,176540,2831855,12.644747,23232.7,23350.0,23200,ATM+2,CALL,23100,2026-06-11
2026-06-11 13:40:00+05:30,103.65,107.4,102.05,102.05,93015,2834650,12.48768,23232.75,23350.0,23200,ATM+2,CALL,23100,2026-06-11
2026-06-11 13:41:00+05:30,102.3,103.6,101.3,103.05,63765,2832310,12.70256,23229.5,23350.0,23200,ATM+2,CALL,23100,2026-06-11
2026-06-11 13:42:00+05:30,103.0,105.65,102.8,103.15,67145,2833740,12.705264,23229.7,23350.0,23200,ATM+2,CALL,23100,2026-06-11
2026-06-11 13:43:00+05:30,125.45,126.65,119.6,121.8,361985,6591585,12.880505,23219.45,23300.0,23200,ATM+2,CALL,23100,2026-06-11
2026-06-11 13:44:00+05:30,121.6,124.2,117.95,123.25,402935,6576505,12.830149,23223.9,23300.0,23200,ATM+2,CALL,23100,2026-06-11
2026-06-11 13:45:00+05:30,122.95,123.3,121.0,121.15,175175,6568965,12.754549,23221.15,23300.0,23200,ATM+2,CALL,23100,2026-06-11
2026-06-11 13:46:00+05:30,99.3,103.85,97.3,103.85,107575,2873780,12.848589,23227.7,23350.0,23200,ATM+2,CALL,23100,2026-06-11
2026-06-11 13:47:00+05:30,103.5,108.45,103.5,104.65,175565,2879435,12.733484,23232.75,23350.0,23200,ATM+2,CALL,23100,2026-06-11
2026-06-11 13:48:00+05:30,104.4,107.55,103.5,103.5,103675,2891655,12.658942,23231.95,23350.0,23200,ATM+2,CALL,23100,2026-06-11
2026-06-11 13:49:00+05:30,103.5,104.8,101.75,103.55,118820,2903940,12.72467,23230.35,23350.0,23200,ATM+2,CALL,23100,2026-06-11
2026-06-11 13:50:00+05:30,126.0,126.0,122.7,123.25,165100,6664840,12.823931,23224.2,23300.0,23200,ATM+2,CALL,23100,2026-06-11
2026-06-11 13:51:00+05:30,102.6,104.15,100.05,103.3,72280,2923960,12.858955,23226.2,23350.0,23200,ATM+2,CALL,23100,2026-06-11
2026-06-11 13:52:00+05:30,103.35,105.5,100.5,105.5,63635,2917655,12.92211,23229.95,23350.0,23200,ATM+2,CALL,23100,2026-06-11
2026-06-11 13:53:00+05:30,104.85,107.3,104.5,106.2,104715,2920840,12.764394,23235.85,23350.0,23200,ATM+2,CALL,23100,2026-06-11
2026-06-11 13:54:00+05:30,106.25,107.3,104.05,106.1,79170,2937610,12.807445,23234.5,23350.0,23200,ATM+2,CALL,23100,2026-06-11
2026-06-11 13:55:00+05:30,105.75,107.2,103.15,107.15,63765,2889120,12.847793,23236.0,23350.0,23200,ATM+2,CALL,23100,2026-06-11
2026-06-11 13:56:00+05:30,106.2,108.65,105.25,108.3,63505,2888015,12.789891,23240.3,23350.0,23200,ATM+2,CALL,23100,2026-06-11
2026-06-11 13:57:00+05:30,108.3,110.45,105.6,106.6,132535,2904590,12.673627,23239.3,23350.0,23200,ATM+2,CALL,23100,2026-06-11
2026-06-11 13:58:00+05:30,106.9,111.55,106.6,110.65,121225,2896465,12.707063,23248.05,23350.0,23200,ATM+2,CALL,23100,2026-06-11
2026-06-11 13:59:00+05:30,109.85,110.65,102.75,104.3,139880,2893670,12.703876,23233.0,23350.0,23200,ATM+2,CALL,23100,2026-06-11
2026-06-11 14:00:00+05:30,104.35,108.3,103.1,107.9,93665,2885805,12.761163,23240.2,23350.0,23200,ATM+2,CALL,23100,2026-06-11
2026-06-11 14:01:00+05:30,106.7,107.9,104.9,105.7,49790,2897830,12.726549,23235.85,23350.0,23200,ATM+2,CALL,23100,2026-06-11
2026-06-11 14:02:00+05:30,105.15,106.85,104.0,105.5,58370,2901405,12.824739,23232.8,23350.0,23200,ATM+2,CALL,23100,2026-06-11
2026-06-11 14:03:00+05:30,105.4,107.0,104.8,104.8,46410,2896725,12.630771,23236.25,23350.0,23200,ATM+2,CALL,23100,2026-06-11
2026-06-11 14:04:00+05:30,105.0,106.65,103.7,104.75,94445,2905565,12.623381,23236.35,23350.0,23200,ATM+2,CALL,23100,2026-06-11
2026-06-11 14:05:00+05:30,104.95,105.65,100.4,104.0,106730,2917460,12.710575,23232.25,23350.0,23200,ATM+2,CALL,23100,2026-06-11
2026-06-11 14:06:00+05:30,104.25,105.4,102.9,104.25,49595,2922595,12.711937,23232.85,23350.0,23200,ATM+2,CALL,23100,2026-06-11
2026-06-11 14:07:00+05:30,127.1,127.25,118.0,118.2,362700,6921590,12.55726,23220.0,23300.0,23200,ATM+2,CALL,23100,2026-06-11
2026-06-11 14:08:00+05:30,118.9,118.9,113.45,113.7,500630,6941415,12.551674,23210.05,23300.0,23200,ATM+2,CALL,23100,2026-06-11
2026-06-11 14:09:00+05:30,113.15,117.3,112.15,116.85,477750,6928155,12.7364,23212.6,23300.0,23200,ATM+2,CALL,23100,2026-06-11
2026-06-11 14:10:00+05:30,116.65,120.6,115.65,117.0,355940,6933420,12.670512,23214.6,23300.0,23200,ATM+2,CALL,23100,2026-06-11
2026-06-11 14:11:00+05:30,116.75,117.8,114.0,116.85,202215,6960265,12.718326,23213.1,23300.0,23200,ATM+2,CALL,23100,2026-06-11
2026-06-11 14:12:00+05:30,116.95,118.1,114.1,115.35,167635,6973655,12.691517,23210.4,23300.0,23200,ATM+2,CALL,23100,2026-06-11
2026-06-11 14:13:00+05:30,115.45,122.05,115.15,121.45,242385,7006935,12.724014,23223.25,23300.0,23200,ATM+2,CALL,23100,2026-06-11
2026-06-11 14:14:00+05:30,122.0,123.4,118.95,120.1,269295,6991595,12.74426,23219.8,23300.0,23200,ATM+2,CALL,23100,2026-06-11
2026-06-11 14:15:00+05:30,119.8,121.2,117.5,119.3,186940,7026630,12.859723,23215.2,23300.0,23200,ATM+2,CALL,23100,2026-06-11
2026-06-11 14:16:00+05:30,119.75,121.95,118.65,119.3,145405,7048860,12.816207,23216.3,23300.0,23200,ATM+2,CALL,23100,2026-06-11
2026-06-11 14:17:00+05:30,118.5,119.45,116.9,117.7,120575,7069985,12.755145,23214.25,23300.0,23200,ATM+2,CALL,23100,2026-06-11
2026-06-11 14:18:00+05:30,118.0,118.0,112.85,112.85,220025,7060235,12.566052,23208.0,23300.0,23200,ATM+2,CALL,23100,2026-06-11
2026-06-11 14:19:00+05:30,113.1,117.9,112.3,117.05,205400,7063940,12.595208,23216.8,23300.0,23200,ATM+2,CALL,23100,2026-06-11
2026-06-11 14:20:00+05:30,118.9,122.85,117.05,121.45,300495,7059715,12.741401,23223.0,23300.0,23200,ATM+2,CALL,23100,2026-06-11
2026-06-11 14:21:00+05:30,120.7,123.4,120.4,123.4,365105,7163130,13.051906,23219.75,23300.0,23200,ATM+2,CALL,23100,2026-06-11
2026-06-11 14:22:00+05:30,120.2,123.3,120.05,121.55,190190,7210580,12.875397,23220.0,23300.0,23200,ATM+2,CALL,23100,2026-06-11
2026-06-11 14:23:00+05:30,121.75,122.45,114.5,114.5,274235,7258485,12.671326,23209.25,23300.0,23200,ATM+2,CALL,23100,2026-06-11
2026-06-11 14:24:00+05:30,115.0,116.5,114.25,115.8,177970,7288125,12.904095,23206.4,23300.0,23200,ATM+2,CALL,23100,2026-06-11
2026-06-11 14:25:00+05:30,115.85,120.45,115.7,119.65,198575,7305090,12.846964,23216.55,23300.0,23200,ATM+2,CALL,23100,2026-06-11
2026-06-11 14:26:00+05:30,98.2,102.5,97.55,101.9,68120,2970630,12.807673,23225.05,23350.0,23200,ATM+2,CALL,23100,2026-06-11
2026-06-11 14:27:00+05:30,101.8,104.6,101.05,104.6,125905,2962245,13.009843,23226.35,23350.0,23200,ATM+2,CALL,23100,2026-06-11
2026-06-11 14:28:00+05:30,105.05,112.15,104.6,111.65,337285,2964780,12.691588,23251.55,23350.0,23200,ATM+2,CALL,23100,2026-06-11
2026-06-11 14:29:00+05:30,112.25,112.45,106.25,106.75,222950,2932410,12.648511,23241.15,23350.0,23200,ATM+2,CALL,23100,2026-06-11
2026-06-11 14:30:00+05:30,106.3,108.6,102.45,108.6,199810,2901535,12.65305,23245.45,23350.0,23200,ATM+2,CALL,23100,2026-06-11
2026-06-11 14:31:00+05:30,108.7,108.7,104.8,105.65,134030,2943720,12.589894,23240.1,23350.0,23200,ATM+2,CALL,23100,2026-06-11
2026-06-11 14:32:00+05:30,105.0,107.0,102.9,107.0,94900,2965040,12.58594,23243.45,23350.0,23200,ATM+2,CALL,23100,2026-06-11
2026-06-11 14:33:00+05:30,105.2,107.0,99.75,100.25,142090,2962635,12.512656,23229.05,23350.0,23200,ATM+2,CALL,23100,2026-06-11
2026-06-11 14:34:00+05:30,100.2,102.65,98.9,101.3,108030,2942680,12.51128,23231.7,23350.0,23200,ATM+2,CALL,23100,2026-06-11
2026-06-11 14:35:00+05:30,101.0,105.0,101.0,101.65,105235,2944045,12.334902,23237.25,23350.0,23200,ATM+2,CALL,23100,2026-06-11
2026-06-11 14:36:00+05:30,124.9,124.9,116.45,116.85,419770,7189520,12.735613,23213.3,23300.0,23200,ATM+2,CALL,23100,2026-06-11
2026-06-11 14:37:00+05:30,94.9,97.55,90.85,96.8,314015,2888145,12.308627,23226.05,23350.0,23200,ATM+2,CALL,23100,2026-06-11
2026-06-11 14:38:00+05:30,119.65,120.4,114.0,114.95,386035,7202845,12.359,23218.4,23300.0,23200,ATM+2,CALL,23100,2026-06-11
2026-06-11 14:39:00+05:30,115.15,115.15,108.05,112.75,665860,7213245,12.213066,23217.1,23300.0,23200,ATM+2,CALL,23100,2026-06-11
2026-06-11 14:40:00+05:30,112.55,113.55,108.45,109.5,403975,7291050,12.272941,23208.25,23300.0,23200,ATM+2,CALL,23100,2026-06-11
2026-06-11 14:41:00+05:30,109.3,109.9,106.0,109.85,424190,7375355,12.084419,23213.8,23300.0,23200,ATM+2,CALL,23100,2026-06-11
2026-06-11 14:42:00+05:30,109.65,110.95,106.55,107.75,359840,7398560,12.02007,23210.65,23300.0,23200,ATM+2,CALL,23100,2026-06-11
2026-06-11 14:43:00+05:30,107.35,109.1,99.75,99.85,598000,7400445,11.82143,23197.3,23300.0,23200,ATM+2,CALL,23100,2026-06-11
2026-06-11 14:44:00+05:30,100.35,103.75,99.75,102.75,437060,7397845,11.9762,23200.2,23300.0,23200,ATM+2,CALL,23100,2026-06-11
2026-06-11 14:45:00+05:30,104.6,104.6,101.25,101.75,350025,7415200,11.999782,23197.25,23300.0,23200,ATM+2,CALL,23100,2026-06-11
2026-06-11 14:46:00+05:30,101.65,105.55,98.9,98.9,475215,7373990,11.940246,23192.0,23300.0,23200,ATM+2,CALL,23100,2026-06-11
2026-06-11 14:47:00+05:30,119.15,120.65,109.55,110.8,671580,3496480,12.072674,23167.1,23250.0,23200,ATM+2,CALL,23100,2026-06-11
2026-06-11 14:48:00+05:30,91.3,97.35,90.6,96.85,585780,7281235,12.192819,23180.35,23300.0,23200,ATM+2,CALL,23100,2026-06-11
2026-06-11 14:49:00+05:30,97.55,100.95,96.85,100.05,331435,7311200,12.006999,23193.1,23300.0,23200,ATM+2,CALL,23100,2026-06-11
2026-06-11 14:50:00+05:30,120.0,120.95,112.5,113.65,266630,3525600,12.104701,23172.75,23250.0,23200,ATM+2,CALL,23100,2026-06-11
2026-06-11 14:51:00+05:30,114.0,117.25,112.85,113.85,134875,3530085,12.138185,23172.4,23250.0,23200,ATM+2,CALL,23100,2026-06-11
2026-06-11 14:52:00+05:30,114.3,115.25,111.3,112.25,120055,3551795,12.04692,23171.1,23250.0,23200,ATM+2,CALL,23100,2026-06-11
2026-06-11 14:53:00+05:30,112.5,115.0,112.0,114.2,106990,3568305,12.10629,23174.0,23250.0,23200,ATM+2,CALL,23100,2026-06-11
2026-06-11 14:54:00+05:30,114.05,114.25,112.0,113.15,86645,3570515,12.106168,23171.7,23250.0,23200,ATM+2,CALL,23100,2026-06-11
2026-06-11 14:55:00+05:30,113.0,115.05,111.85,114.05,112775,3550690,12.152085,23172.6,23250.0,23200,ATM+2,CALL,23100,2026-06-11
2026-06-11 14:56:00+05:30,113.85,114.5,110.95,111.35,99580,3555890,11.999547,23170.35,23250.0,23200,ATM+2,CALL,23100,2026-06-11
2026-06-11 14:57:00+05:30,111.85,113.0,109.45,111.15,191035,3525405,12.150714,23166.2,23250.0,23200,ATM+2,CALL,23100,2026-06-11
2026-06-11 14:58:00+05:30,110.9,112.85,110.9,111.3,127075,3513640,11.909184,23172.5,23250.0,23200,ATM+2,CALL,23100,2026-06-11
2026-06-11 14:59:00+05:30,93.75,94.9,89.4,93.8,376675,7516470,12.042486,23177.05,23300.0,23200,ATM+2,CALL,23100,2026-06-11
2026-06-11 15:00:00+05:30,114.1,122.65,107.2,107.7,395395,3440970,12.325605,23154.0,23250.0,23200,ATM+2,CALL,23100,2026-06-11
2026-06-11 15:01:00+05:30,106.95,108.4,103.4,105.4,409695,3387020,12.149114,23153.15,23250.0,23200,ATM+2,CALL,23100,2026-06-11
2026-06-11 15:02:00+05:30,105.65,107.45,100.5,106.8,323115,3365960,12.055038,23158.8,23250.0,23200,ATM+2,CALL,23100,2026-06-11
2026-06-11 15:03:00+05:30,106.4,107.0,103.55,106.1,119730,3363360,12.013784,23158.25,23250.0,23200,ATM+2,CALL,23100,2026-06-11
2026-06-11 15:04:00+05:30,106.05,107.35,104.2,104.5,128830,3352765,12.387393,23145.0,23250.0,23200,ATM+2,CALL,23100,2026-06-11
2026-06-11 15:05:00+05:30,103.85,104.95,101.1,103.9,223600,3339960,12.234101,23147.55,23250.0,23200,ATM+2,CALL,23100,2026-06-11
2026-06-11 15:06:00+05:30,104.05,104.65,100.45,100.85,198185,3324425,12.269787,23139.35,23250.0,23200,ATM+2,CALL,23100,2026-06-11
2026-06-11 15:07:00+05:30,100.2,105.2,99.65,105.0,166660,3340870,12.31591,23148.1,23250.0,23200,ATM+2,CALL,23100,2026-06-11
2026-06-11 15:08:00+05:30,106.25,107.2,104.1,104.1,183105,3329755,12.685491,23136.4,23250.0,23200,ATM+2,CALL,23100,2026-06-11
2026-06-11 15:09:00+05:30,104.4,108.0,104.1,107.0,165880,3305185,12.667421,23143.85,23250.0,23200,ATM+2,CALL,23100,2026-06-11
2026-06-11 15:10:00+05:30,107.45,111.9,107.0,111.9,290550,3259425,12.809623,23151.75,23250.0,23200,ATM+2,CALL,23100,2026-06-11
2026-06-11 15:11:00+05:30,112.25,113.75,109.6,109.65,205010,3232905,12.903908,23144.1,23250.0,23200,ATM+2,CALL,23100,2026-06-11
2026-06-11 15:12:00+05:30,109.35,113.6,108.1,113.05,174330,3208855,12.925062,23151.55,23250.0,23200,ATM+2,CALL,23100,2026-06-11
2026-06-11 15:13:00+05:30,113.1,116.35,112.75,115.75,181480,3192475,12.761895,23161.85,23250.0,23200,ATM+2,CALL,23100,2026-06-11
2026-06-11 15:14:00+05:30,116.1,117.45,114.2,114.35,196170,3169400,12.475455,23165.8,23250.0,23200,ATM+2,CALL,23100,2026-06-11
2026-06-11 15:15:00+05:30,114.9,115.7,109.15,114.5,426855,3083015,12.465793,23166.4,23250.0,23200,ATM+2,CALL,23100,2026-06-11
2026-06-11 15:16:00+05:30,94.75,100.0,94.65,99.3,553605,6852820,12.440319,23180.55,23300.0,23200,ATM+2,CALL,23100,2026-06-11
2026-06-11 15:17:00+05:30,99.4,101.0,99.0,100.05,376090,6816680,12.460116,23181.9,23300.0,23200,ATM+2,CALL,23100,2026-06-11
2026-06-11 15:18:00+05:30,99.7,101.0,97.55,98.0,349700,6730100,12.298897,23181.15,23300.0,23200,ATM+2,CALL,23100,2026-06-11
2026-06-11 15:19:00+05:30,118.15,118.5,114.55,115.85,175565,2929225,12.364136,23172.0,23250.0,23200,ATM+2,CALL,23100,2026-06-11
2026-06-11 15:20:00+05:30,96.0,98.25,95.8,96.95,246610,6722820,12.313676,23178.2,23300.0,23200,ATM+2,CALL,23100,2026-06-11
2026-06-11 15:21:00+05:30,97.0,99.75,96.5,96.5,268125,6688955,12.330536,23176.65,23300.0,23200,ATM+2,CALL,23100,2026-06-11
2026-06-11 15:22:00+05:30,116.35,118.8,115.3,115.55,203840,2865395,12.425882,23169.9,23250.0,23200,ATM+2,CALL,23100,2026-06-11
2026-06-11 15:23:00+05:30,115.15,118.4,113.4,117.4,139555,2839720,12.554388,23170.9,23250.0,23200,ATM+2,CALL,23100,2026-06-11
2026-06-11 15:24:00+05:30,117.45,119.05,116.8,118.85,111150,2818010,12.576219,23173.6,23250.0,23200,ATM+2,CALL,23100,2026-06-11
2026-06-11 15:25:00+05:30,118.1,123.1,117.85,123.1,266565,2778360,12.930554,23174.4,23250.0,23200,ATM+2,CALL,23100,2026-06-11
2026-06-11 15:26:00+05:30,102.25,105.25,100.0,104.2,523250,6307470,13.054576,23176.6,23300.0,23200,ATM+2,CALL,23100,2026-06-11
2026-06-11 15:27:00+05:30,103.2,104.6,103.05,103.8,234065,6213415,12.92412,23179.1,23300.0,23200,ATM+2,CALL,23100,2026-06-11
2026-06-11 15:28:00+05:30,103.8,104.65,102.65,104.0,360165,6106165,12.907793,23180.05,23300.0,23200,ATM+2,CALL,23100,2026-06-11
2026-06-11 15:29:00+05:30,104.15,105.9,103.65,105.0,586300,5901350,12.754149,23186.55,23300.0,23200,ATM+2,CALL,23100,2026-06-11
2026-06-11 09:15:00+05:30,157.25,220.0,157.25,210.1,1314690,4939870,15.734884,23104.4,23200.0,23200,ATM+2,PUT,23100,2026-06-11
2026-06-11 09:16:00+05:30,212.2,226.7,210.1,225.0,992225,4787705,15.962439,23082.3,23200.0,23200,ATM+2,PUT,23100,2026-06-11
2026-06-11 09:17:00+05:30,227.5,235.15,224.55,224.55,760565,4660500,16.458113,23092.9,23200.0,23200,ATM+2,PUT,23100,2026-06-11
2026-06-11 09:18:00+05:30,223.35,224.55,212.8,217.7,454480,4584710,16.203849,23100.1,23200.0,23200,ATM+2,PUT,23100,2026-06-11
2026-06-11 09:19:00+05:30,217.75,218.0,209.5,209.95,357760,4630990,16.279536,23115.85,23200.0,23200,ATM+2,PUT,23100,2026-06-11
2026-06-11 09:20:00+05:30,239.55,245.5,229.85,230.15,132340,1482325,16.208108,23128.6,23250.0,23200,ATM+2,PUT,23100,2026-06-11
2026-06-11 09:21:00+05:30,231.4,231.4,221.35,223.55,118235,1469195,16.31795,23142.45,23250.0,23200,ATM+2,PUT,23100,2026-06-11
2026-06-11 09:22:00+05:30,223.05,228.05,220.1,222.7,110630,1468545,16.265277,23142.9,23250.0,23200,ATM+2,PUT,23100,2026-06-11
2026-06-11 09:23:00+05:30,221.85,227.8,218.7,227.1,83395,1461460,16.275505,23135.25,23250.0,23200,ATM+2,PUT,23100,2026-06-11
2026-06-11 09:24:00+05:30,197.5,208.65,196.05,207.1,657670,4955340,16.075758,23116.8,23200.0,23200,ATM+2,PUT,23100,2026-06-11
2026-06-11 09:25:00+05:30,207.85,209.05,204.9,208.05,496405,4896255,15.784729,23109.0,23200.0,23200,ATM+2,PUT,23100,2026-06-11
2026-06-11 09:26:00+05:30,209.0,212.15,205.55,207.9,361400,4915105,15.699016,23107.5,23200.0,23200,ATM+2,PUT,23100,2026-06-11
2026-06-11 09:27:00+05:30,208.2,217.85,206.3,212.85,545870,4943380,15.844492,23101.45,23200.0,23200,ATM+2,PUT,23100,2026-06-11
2026-06-11 09:28:00+05:30,212.95,212.95,202.6,203.0,434915,4920370,15.752751,23117.6,23200.0,23200,ATM+2,PUT,23100,2026-06-11
2026-06-11 09:29:00+05:30,202.75,205.4,198.8,202.15,320060,4912895,15.883008,23121.9,23200.0,23200,ATM+2,PUT,23100,2026-06-11
2026-06-11 09:30:00+05:30,202.65,213.3,202.05,211.75,333515,4922385,16.183853,23110.35,23200.0,23200,ATM+2,PUT,23100,2026-06-11
2026-06-11 09:31:00+05:30,212.1,216.5,205.85,206.0,325780,4891445,15.98836,23116.9,23200.0,23200,ATM+2,PUT,23100,2026-06-11
2026-06-11 09:32:00+05:30,204.0,206.75,198.4,206.75,306865,4892680,15.914167,23113.95,23200.0,23200,ATM+2,PUT,23100,2026-06-11
2026-06-11 09:33:00+05:30,207.75,217.55,206.75,216.45,469170,4912960,16.178222,23101.6,23200.0,23200,ATM+2,PUT,23100,2026-06-11
2026-06-11 09:34:00+05:30,216.45,217.0,208.5,209.7,221130,4963205,15.970469,23109.65,23200.0,23200,ATM+2,PUT,23100,2026-06-11
2026-06-11 09:35:00+05:30,210.9,220.45,209.7,220.25,400075,4980495,16.289625,23096.95,23200.0,23200,ATM+2,PUT,23100,2026-06-11
2026-06-11 09:36:00+05:30,219.75,220.35,209.1,209.2,343135,4919915,16.058301,23112.35,23200.0,23200,ATM+2,PUT,23100,2026-06-11
2026-06-11 09:37:00+05:30,208.9,210.15,202.65,205.05,247780,4900090,16.025776,23119.35,23200.0,23200,ATM+2,PUT,23100,2026-06-11
2026-06-11 09:38:00+05:30,234.45,235.5,224.5,227.45,69615,1366495,16.048957,23129.95,23250.0,23200,ATM+2,PUT,23100,2026-06-11
2026-06-11 09:39:00+05:30,227.55,227.55,221.15,223.95,96460,1371630,15.858072,23132.35,23250.0,23200,ATM+2,PUT,23100,2026-06-11
2026-06-11 09:40:00+05:30,194.8,203.0,194.15,202.85,259545,4902950,15.851636,23119.75,23200.0,23200,ATM+2,PUT,23100,2026-06-11
2026-06-11 09:41:00+05:30,202.3,204.15,199.5,201.15,263510,4941300,15.729874,23120.35,23200.0,23200,ATM+2,PUT,23100,2026-06-11
2026-06-11 09:42:00+05:30,201.55,205.2,198.8,202.65,210275,4950075,15.84736,23120.0,23200.0,23200,ATM+2,PUT,23100,2026-06-11
2026-06-11 09:43:00+05:30,231.75,233.45,216.7,217.85,102765,1363050,15.767998,23141.3,23250.0,23200,ATM+2,PUT,23100,2026-06-11
2026-06-11 09:44:00+05:30,215.85,218.35,213.75,215.9,54925,1349205,15.742243,23144.25,23250.0,23200,ATM+2,PUT,23100,2026-06-11
2026-06-11 09:45:00+05:30,216.0,220.7,211.4,214.5,80665,1356225,15.687761,23145.65,23250.0,23200,ATM+2,PUT,23100,2026-06-11
2026-06-11 09:46:00+05:30,215.15,217.15,210.2,211.7,39260,1362010,15.87386,23154.45,23250.0,23200,ATM+2,PUT,23100,2026-06-11
2026-06-11 09:47:00+05:30,211.5,217.4,211.1,216.75,45110,1366820,16.091473,23149.7,23250.0,23200,ATM+2,PUT,23100,2026-06-11
2026-06-11 09:48:00+05:30,216.95,221.9,215.0,221.9,45890,1378130,16.144647,23141.5,23250.0,23200,ATM+2,PUT,23100,2026-06-11
2026-06-11 09:49:00+05:30,221.8,221.9,213.3,214.4,34775,1379820,16.060594,23153.3,23250.0,23200,ATM+2,PUT,23100,2026-06-11
2026-06-11 09:50:00+05:30,214.35,219.45,204.1,206.35,112970,1390350,15.811599,23162.9,23250.0,23200,ATM+2,PUT,23100,2026-06-11
2026-06-11 09:51:00+05:30,207.85,208.8,202.7,204.95,106405,1407640,15.908918,23167.5,23250.0,23200,ATM+2,PUT,23100,2026-06-11
2026-06-11 09:52:00+05:30,204.4,209.15,203.3,204.9,79755,1419860,16.062519,23170.8,23250.0,23200,ATM+2,PUT,23100,2026-06-11
2026-06-11 09:53:00+05:30,204.0,206.7,202.2,203.4,64805,1441635,16.001334,23172.3,23250.0,23200,ATM+2,PUT,23100,2026-06-11
2026-06-11 09:54:00+05:30,203.6,213.5,203.4,213.15,83135,1460485,15.906363,23152.35,23250.0,23200,ATM+2,PUT,23100,2026-06-11
2026-06-11 09:55:00+05:30,213.05,219.8,211.65,218.3,171210,1448720,15.845323,23141.85,23250.0,23200,ATM+2,PUT,23100,2026-06-11
2026-06-11 09:56:00+05:30,218.05,219.45,212.9,219.0,56940,1447160,15.840882,23140.5,23250.0,23200,ATM+2,PUT,23100,2026-06-11
2026-06-11 09:57:00+05:30,220.95,226.35,219.0,224.9,121615,1425385,15.896051,23131.15,23250.0,23200,ATM+2,PUT,23100,2026-06-11
2026-06-11 09:58:00+05:30,196.05,202.95,196.05,202.8,653120,5373420,15.618886,23114.7,23200.0,23200,ATM+2,PUT,23100,2026-06-11
2026-06-11 09:59:00+05:30,201.8,204.9,198.35,202.2,502970,5300685,15.705862,23117.6,23200.0,23200,ATM+2,PUT,23100,2026-06-11
2026-06-11 10:00:00+05:30,232.25,232.75,223.3,225.0,76505,1370785,15.858579,23130.2,23250.0,23200,ATM+2,PUT,23100,2026-06-11
2026-06-11 10:01:00+05:30,223.55,225.05,220.6,223.25,48555,1380990,15.819908,23132.5,23250.0,23200,ATM+2,PUT,23100,2026-06-11
2026-06-11 10:02:00+05:30,194.1,201.0,194.1,198.25,272285,5330325,15.609783,23122.9,23200.0,23200,ATM+2,PUT,23100,2026-06-11
2026-06-11 10:03:00+05:30,198.7,203.45,193.45,201.25,264940,5310760,15.779961,23120.85,23200.0,23200,ATM+2,PUT,23100,2026-06-11
2026-06-11 10:04:00+05:30,201.15,208.0,199.5,208.0,435695,5308030,15.788922,23108.55,23200.0,23200,ATM+2,PUT,23100,2026-06-11
2026-06-11 10:05:00+05:30,208.3,210.65,202.75,204.0,455650,5277415,15.602996,23112.05,23200.0,23200,ATM+2,PUT,23100,2026-06-11
2026-06-11 10:06:00+05:30,234.95,235.0,218.0,219.8,116090,1404520,15.758512,23137.3,23250.0,23200,ATM+2,PUT,23100,2026-06-11
2026-06-11 10:07:00+05:30,220.95,222.6,210.75,212.1,78975,1407055,15.597261,23147.8,23250.0,23200,ATM+2,PUT,23100,2026-06-11
2026-06-11 10:08:00+05:30,212.25,215.0,205.0,206.4,206115,1406080,15.538334,23156.9,23250.0,23200,ATM+2,PUT,23100,2026-06-11
2026-06-11 10:09:00+05:30,205.8,208.9,202.85,208.2,82225,1358760,15.702181,23156.95,23250.0,23200,ATM+2,PUT,23100,2026-06-11
2026-06-11 10:10:00+05:30,209.05,209.2,201.4,206.5,60645,1363440,15.617283,23158.3,23250.0,23200,ATM+2,PUT,23100,2026-06-11
2026-06-11 10:11:00+05:30,206.4,206.5,201.05,203.35,51220,1373190,15.565788,23163.0,23250.0,23200,ATM+2,PUT,23100,2026-06-11
2026-06-11 10:12:00+05:30,202.25,208.15,200.8,207.8,36400,1373710,15.654135,23156.65,23250.0,23200,ATM+2,PUT,23100,2026-06-11
2026-06-11 10:13:00+05:30,207.75,208.15,203.5,205.45,45305,1378585,15.596686,23159.75,23250.0,23200,ATM+2,PUT,23100,2026-06-11
2026-06-11 10:14:00+05:30,204.3,213.3,202.45,211.05,86385,1383070,15.493641,23147.5,23250.0,23200,ATM+2,PUT,23100,2026-06-11
2026-06-11 10:15:00+05:30,211.6,211.6,204.25,204.9,58500,1389180,15.458809,23157.9,23250.0,23200,ATM+2,PUT,23100,2026-06-11
2026-06-11 10:16:00+05:30,204.95,204.95,198.45,202.2,103155,1388400,15.561472,23164.95,23250.0,23200,ATM+2,PUT,23100,2026-06-11
2026-06-11 10:17:00+05:30,201.9,202.7,197.0,198.45,63375,1387165,15.430324,23169.15,23250.0,23200,ATM+2,PUT,23100,2026-06-11
2026-06-11 10:18:00+05:30,199.35,202.75,194.55,195.95,64805,1394900,15.392496,23173.0,23250.0,23200,ATM+2,PUT,23100,2026-06-11
2026-06-11 10:19:00+05:30,224.85,226.0,219.3,219.3,151450,3698825,15.481841,23183.15,23300.0,23200,ATM+2,PUT,23100,2026-06-11
2026-06-11 10:20:00+05:30,218.6,222.9,215.75,216.4,154570,3762265,15.583708,23190.25,23300.0,23200,ATM+2,PUT,23100,2026-06-11
2026-06-11 10:21:00+05:30,217.3,224.4,216.4,224.4,151905,3808155,15.890734,23182.15,23300.0,23200,ATM+2,PUT,23100,2026-06-11
2026-06-11 10:22:00+05:30,223.8,226.15,221.85,224.9,124735,3840265,15.821014,23179.9,23300.0,23200,ATM+2,PUT,23100,2026-06-11
2026-06-11 10:23:00+05:30,224.8,225.55,221.05,223.65,70850,3820570,15.794093,23181.55,23300.0,23200,ATM+2,PUT,23100,2026-06-11
2026-06-11 10:24:00+05:30,223.95,226.9,222.45,225.9,86385,3826615,15.904876,23179.75,23300.0,23200,ATM+2,PUT,23100,2026-06-11
2026-06-11 10:25:00+05:30,225.3,227.25,223.65,226.6,53365,3860415,15.948099,23179.35,23300.0,23200,ATM+2,PUT,23100,2026-06-11
2026-06-11 10:26:00+05:30,225.1,226.6,216.0,216.65,106340,3865485,15.756788,23193.15,23300.0,23200,ATM+2,PUT,23100,2026-06-11
2026-06-11 10:27:00+05:30,217.15,217.35,206.75,207.8,273650,3854500,15.68224,23207.6,23300.0,23200,ATM+2,PUT,23100,2026-06-11
2026-06-11 10:28:00+05:30,208.0,215.95,206.65,213.9,210665,3916835,15.824026,23199.4,23300.0,23200,ATM+2,PUT,23100,2026-06-11
2026-06-11 10:29:00+05:30,213.55,214.7,210.45,213.25,119795,3928470,15.771683,23199.5,23300.0,23200,ATM+2,PUT,23100,2026-06-11
2026-06-11 10:30:00+05:30,212.1,221.9,209.65,220.0,206050,3960580,15.846087,23188.9,23300.0,23200,ATM+2,PUT,23100,2026-06-11
2026-06-11 10:31:00+05:30,221.1,222.1,212.4,213.3,143975,3921710,15.760366,23199.15,23300.0,23200,ATM+2,PUT,23100,2026-06-11
2026-06-11 10:32:00+05:30,213.05,215.6,208.55,210.6,90805,3936660,15.759514,23204.0,23300.0,23200,ATM+2,PUT,23100,2026-06-11
2026-06-11 10:33:00+05:30,211.05,217.1,210.6,212.45,106535,3934255,15.676005,23198.95,23300.0,23200,ATM+2,PUT,23100,2026-06-11
2026-06-11 10:34:00+05:30,213.5,215.5,212.45,213.85,52260,3946670,15.893583,23200.8,23300.0,23200,ATM+2,PUT,23100,2026-06-11
2026-06-11 10:35:00+05:30,213.8,214.35,209.35,214.0,57200,3962660,15.937407,23201.4,23300.0,23200,ATM+2,PUT,23100,2026-06-11
2026-06-11 10:36:00+05:30,214.0,219.9,214.0,217.6,93470,3964025,16.002228,23196.2,23300.0,23200,ATM+2,PUT,23100,2026-06-11
2026-06-11 10:37:00+05:30,217.15,221.05,214.65,218.8,77935,3982355,15.895278,23191.9,23300.0,23200,ATM+2,PUT,23100,2026-06-11
2026-06-11 10:38:00+05:30,219.1,219.1,213.95,213.95,61750,3982485,15.821503,23199.1,23300.0,23200,ATM+2,PUT,23100,2026-06-11
2026-06-11 10:39:00+05:30,212.35,215.05,208.1,209.45,90805,3987035,15.831469,23207.45,23300.0,23200,ATM+2,PUT,23100,2026-06-11
2026-06-11 10:40:00+05:30,210.5,212.65,206.75,208.35,115830,4029090,15.974692,23212.4,23300.0,23200,ATM+2,PUT,23100,2026-06-11
2026-06-11 10:41:00+05:30,208.35,214.9,207.0,214.9,114595,4060030,16.123509,23203.45,23300.0,23200,ATM+2,PUT,23100,2026-06-11
2026-06-11 10:42:00+05:30,214.0,216.45,211.85,212.25,137605,4069715,16.005433,23205.85,23300.0,23200,ATM+2,PUT,23100,2026-06-11
2026-06-11 10:43:00+05:30,212.05,215.1,210.4,214.8,74230,4087200,16.049795,23202.1,23300.0,23200,ATM+2,PUT,23100,2026-06-11
2026-06-11 10:44:00+05:30,214.45,217.7,212.0,212.0,67340,4093115,15.935733,23204.85,23300.0,23200,ATM+2,PUT,23100,2026-06-11
2026-06-11 10:45:00+05:30,213.15,218.55,212.0,212.85,91780,4098380,16.000156,23204.6,23300.0,23200,ATM+2,PUT,23100,2026-06-11
2026-06-11 10:46:00+05:30,213.6,213.6,208.8,213.35,78260,4106440,16.143473,23206.6,23300.0,23200,ATM+2,PUT,23100,2026-06-11
2026-06-11 10:47:00+05:30,213.15,214.0,209.55,209.55,45630,4108000,15.987956,23210.35,23300.0,23200,ATM+2,PUT,23100,2026-06-11
2026-06-11 10:48:00+05:30,210.4,216.5,208.15,213.6,93990,4122040,16.123422,23205.7,23300.0,23200,ATM+2,PUT,23100,2026-06-11
2026-06-11 10:49:00+05:30,212.8,219.45,212.8,219.45,75335,4145960,16.055945,23193.75,23300.0,23200,ATM+2,PUT,23100,2026-06-11
2026-06-11 10:50:00+05:30,220.0,223.2,219.0,221.85,264030,4144660,15.901178,23186.4,23300.0,23200,ATM+2,PUT,23100,2026-06-11
2026-06-11 10:51:00+05:30,221.55,221.85,214.7,219.65,84825,4142385,15.886828,23190.0,23300.0,23200,ATM+2,PUT,23100,2026-06-11
2026-06-11 10:52:00+05:30,219.2,219.9,215.5,219.7,49660,4140760,15.793327,23188.05,23300.0,23200,ATM+2,PUT,23100,2026-06-11
2026-06-11 10:53:00+05:30,191.3,197.4,190.85,197.05,222040,1892800,15.607859,23174.9,23250.0,23200,ATM+2,PUT,23100,2026-06-11
2026-06-11 10:54:00+05:30,197.0,198.25,194.6,196.15,159900,1883505,15.518992,23174.7,23250.0,23200,ATM+2,PUT,23100,2026-06-11
2026-06-11 10:55:00+05:30,196.45,199.5,195.0,197.1,136695,1858805,15.533053,23173.2,23250.0,23200,ATM+2,PUT,23100,2026-06-11
2026-06-11 10:56:00+05:30,226.1,227.85,221.75,223.3,116610,4146805,15.698038,23179.8,23300.0,23200,ATM+2,PUT,23100,2026-06-11
2026-06-11 10:57:00+05:30,222.9,227.0,222.3,224.5,60580,4139070,15.67762,23177.3,23300.0,23200,ATM+2,PUT,23100,2026-06-11
2026-06-11 10:58:00+05:30,225.6,227.3,222.1,226.2,64740,4158895,15.746221,23175.65,23300.0,23200,ATM+2,PUT,23100,2026-06-11
2026-06-11 10:59:00+05:30,226.4,229.0,222.0,222.0,108420,4155060,15.414024,23176.55,23300.0,23200,ATM+2,PUT,23100,2026-06-11
2026-06-11 11:00:00+05:30,194.4,199.7,191.0,198.85,113880,1850875,15.513651,23169.45,23250.0,23200,ATM+2,PUT,23100,2026-06-11
2026-06-11 11:01:00+05:30,199.4,201.3,196.0,200.85,284310,1911650,15.582278,23167.15,23250.0,23200,ATM+2,PUT,23100,2026-06-11
2026-06-11 11:02:00+05:30,200.2,201.75,197.1,199.5,182195,1914185,15.498679,23167.9,23250.0,23200,ATM+2,PUT,23100,2026-06-11
2026-06-11 11:03:00+05:30,228.85,230.4,221.6,221.6,90415,4162860,15.583573,23180.45,23300.0,23200,ATM+2,PUT,23100,2026-06-11
2026-06-11 11:04:00+05:30,220.2,222.0,217.2,221.2,262600,4061980,15.607633,23181.6,23300.0,23200,ATM+2,PUT,23100,2026-06-11
2026-06-11 11:05:00+05:30,218.95,221.2,208.3,209.5,223665,3982290,15.478998,23199.8,23300.0,23200,ATM+2,PUT,23100,2026-06-11
2026-06-11 11:06:00+05:30,208.2,214.8,206.5,207.75,149045,3961360,15.541249,23204.2,23300.0,23200,ATM+2,PUT,23100,2026-06-11
2026-06-11 11:07:00+05:30,207.95,217.0,205.1,215.45,151320,3980080,15.524357,23190.05,23300.0,23200,ATM+2,PUT,23100,2026-06-11
2026-06-11 11:08:00+05:30,216.15,217.25,209.5,213.0,106470,3994575,15.544989,23194.8,23300.0,23200,ATM+2,PUT,23100,2026-06-11
2026-06-11 11:09:00+05:30,214.0,221.0,213.0,214.2,109460,3987620,15.590597,23193.55,23300.0,23200,ATM+2,PUT,23100,2026-06-11
2026-06-11 11:10:00+05:30,214.1,218.55,213.4,213.4,84110,3957980,15.415837,23191.5,23300.0,23200,ATM+2,PUT,23100,2026-06-11
2026-06-11 11:11:00+05:30,214.5,217.35,212.45,216.1,44265,3938935,15.542719,23189.2,23300.0,23200,ATM+2,PUT,23100,2026-06-11
2026-06-11 11:12:00+05:30,216.05,218.9,215.45,217.0,39000,3939975,15.51235,23187.0,23300.0,23200,ATM+2,PUT,23100,2026-06-11
2026-06-11 11:13:00+05:30,216.6,218.7,213.6,216.2,71175,3951220,15.351294,23185.25,23300.0,23200,ATM+2,PUT,23100,2026-06-11
2026-06-11 11:14:00+05:30,216.2,220.3,214.05,217.8,71760,3960775,15.390893,23183.2,23300.0,23200,ATM+2,PUT,23100,2026-06-11
2026-06-11 11:15:00+05:30,218.1,219.85,214.4,216.0,69225,3989635,15.488393,23188.25,23300.0,23200,ATM+2,PUT,23100,2026-06-11
2026-06-11 11:16:00+05:30,215.8,218.75,214.05,215.2,43160,3992365,15.478262,23189.45,23300.0,23200,ATM+2,PUT,23100,2026-06-11
2026-06-11 11:17:00+05:30,216.25,218.85,211.4,213.05,64415,3984435,15.513616,23193.95,23300.0,23200,ATM+2,PUT,23100,2026-06-11
2026-06-11 11:18:00+05:30,212.85,214.15,205.05,205.65,110695,3994705,15.409469,23205.15,23300.0,23200,ATM+2,PUT,23100,2026-06-11
2026-06-11 11:19:00+05:30,205.0,209.35,203.1,208.85,122655,3989700,15.612782,23203.45,23300.0,23200,ATM+2,PUT,23100,2026-06-11
2026-06-11 11:20:00+05:30,208.65,211.05,202.45,202.5,97435,4002440,15.491896,23212.55,23300.0,23200,ATM+2,PUT,23100,2026-06-11
2026-06-11 11:21:00+05:30,201.7,202.8,197.0,197.25,169065,4030000,15.398374,23220.3,23300.0,23200,ATM+2,PUT,23100,2026-06-11
2026-06-11 11:22:00+05:30,197.7,202.25,197.25,201.75,122720,4051190,15.501736,23214.1,23300.0,23200,ATM+2,PUT,23100,2026-06-11
2026-06-11 11:23:00+05:30,201.85,204.15,198.2,203.25,111735,4078555,15.585521,23213.05,23300.0,23200,ATM+2,PUT,23100,2026-06-11
2026-06-11 11:24:00+05:30,202.95,205.5,199.45,200.0,135525,4122755,15.559521,23218.5,23300.0,23200,ATM+2,PUT,23100,2026-06-11
2026-06-11 11:25:00+05:30,200.05,201.2,197.05,200.5,106860,4162730,15.474776,23215.8,23300.0,23200,ATM+2,PUT,23100,2026-06-11
2026-06-11 11:26:00+05:30,229.95,230.2,220.2,220.8,39585,1009385,15.398295,23228.5,23350.0,23200,ATM+2,PUT,23100,2026-06-11
2026-06-11 11:27:00+05:30,219.95,220.8,214.3,215.05,46735,1017640,15.169922,23234.1,23350.0,23200,ATM+2,PUT,23100,2026-06-11
2026-06-11 11:28:00+05:30,214.65,217.0,212.85,213.75,35555,1027975,15.153802,23236.05,23350.0,23200,ATM+2,PUT,23100,2026-06-11
2026-06-11 11:29:00+05:30,215.15,220.0,213.45,214.1,21255,1032005,15.155257,23235.45,23350.0,23200,ATM+2,PUT,23100,2026-06-11
2026-06-11 11:30:00+05:30,213.15,216.8,210.1,216.2,51675,1040455,15.383705,23236.2,23350.0,23200,ATM+2,PUT,23100,2026-06-11
2026-06-11 11:31:00+05:30,216.0,221.25,213.55,219.3,45500,1049815,15.151512,23226.3,23350.0,23200,ATM+2,PUT,23100,2026-06-11
2026-06-11 11:32:00+05:30,218.6,223.45,218.6,221.0,33475,1052740,15.298311,23226.15,23350.0,23200,ATM+2,PUT,23100,2026-06-11
2026-06-11 11:33:00+05:30,220.2,221.0,214.95,216.3,23595,1057225,15.258796,23233.55,23350.0,23200,ATM+2,PUT,23100,2026-06-11
2026-06-11 11:34:00+05:30,216.9,223.5,216.3,223.5,19695,1064635,15.536517,23226.35,23350.0,23200,ATM+2,PUT,23100,2026-06-11
2026-06-11 11:35:00+05:30,222.25,225.0,217.75,218.25,29250,1065935,15.47735,23234.35,23350.0,23200,ATM+2,PUT,23100,2026-06-11
2026-06-11 11:36:00+05:30,190.0,197.1,189.85,196.65,120055,4440150,15.421171,23221.65,23300.0,23200,ATM+2,PUT,23100,2026-06-11
2026-06-11 11:37:00+05:30,196.3,197.1,194.3,196.75,112580,4467775,15.257908,23218.05,23300.0,23200,ATM+2,PUT,23100,2026-06-11
2026-06-11 11:38:00+05:30,197.35,200.2,196.0,199.65,203840,4461210,15.384748,23215.3,23300.0,23200,ATM+2,PUT,23100,2026-06-11
2026-06-11 11:39:00+05:30,200.0,201.0,194.75,195.65,216905,4419220,15.396454,23222.95,23300.0,23200,ATM+2,PUT,23100,2026-06-11
2026-06-11 11:40:00+05:30,195.8,197.7,193.05,196.85,112060,4409795,15.509027,23223.05,23300.0,23200,ATM+2,PUT,23100,2026-06-11
2026-06-11 11:41:00+05:30,226.5,226.55,219.2,220.45,27105,1075425,15.471518,23230.3,23350.0,23200,ATM+2,PUT,23100,2026-06-11
2026-06-11 11:42:00+05:30,220.65,221.15,208.25,208.95,44070,1065545,15.167782,23244.6,23350.0,23200,ATM+2,PUT,23100,2026-06-11
2026-06-11 11:43:00+05:30,209.85,215.4,208.95,214.2,30875,1069705,15.486177,23241.55,23350.0,23200,ATM+2,PUT,23100,2026-06-11
2026-06-11 11:44:00+05:30,214.0,214.45,204.65,204.65,43550,1075490,15.238845,23253.7,23350.0,23200,ATM+2,PUT,23100,2026-06-11
2026-06-11 11:45:00+05:30,203.6,207.8,202.65,205.0,67665,1097785,15.288283,23254.05,23350.0,23200,ATM+2,PUT,23100,2026-06-11
2026-06-11 11:46:00+05:30,206.65,207.7,204.15,204.2,28470,1114685,15.402342,23257.8,23350.0,23200,ATM+2,PUT,23100,2026-06-11
2026-06-11 11:47:00+05:30,203.8,206.45,195.4,195.65,85085,1131390,15.193681,23269.2,23350.0,23200,ATM+2,PUT,23100,2026-06-11
2026-06-11 11:48:00+05:30,194.2,201.85,194.15,198.5,94120,1170910,15.407634,23268.35,23350.0,23200,ATM+2,PUT,23100,2026-06-11
2026-06-11 11:49:00+05:30,199.1,202.9,198.5,201.0,45045,1184560,15.479454,23265.2,23350.0,23200,ATM+2,PUT,23100,2026-06-11
2026-06-11 11:50:00+05:30,200.1,201.0,196.6,197.25,29640,1194765,15.558448,23273.8,23350.0,23200,ATM+2,PUT,23100,2026-06-11
2026-06-11 11:51:00+05:30,197.1,200.0,196.35,199.8,34710,1207765,15.552295,23268.9,23350.0,23200,ATM+2,PUT,23100,2026-06-11
2026-06-11 11:52:00+05:30,199.95,202.2,197.45,197.7,55575,1227005,15.423461,23270.1,23350.0,23200,ATM+2,PUT,23100,2026-06-11
2026-06-11 11:53:00+05:30,198.55,199.8,196.2,197.6,23075,1237405,15.606244,23274.1,23350.0,23200,ATM+2,PUT,23100,2026-06-11
2026-06-11 11:54:00+05:30,196.8,198.7,193.65,198.25,46865,1244165,15.61021,23272.95,23350.0,23200,ATM+2,PUT,23100,2026-06-11
2026-06-11 11:55:00+05:30,196.65,198.25,194.85,198.2,27040,1248325,15.647,23273.8,23350.0,23200,ATM+2,PUT,23100,2026-06-11
2026-06-11 11:56:00+05:30,227.55,229.1,215.25,216.6,129675,2549755,15.364213,23285.3,23400.0,23200,ATM+2,PUT,23100,2026-06-11
2026-06-11 11:57:00+05:30,216.4,220.55,216.4,217.8,125515,2590900,15.455103,23284.95,23400.0,23200,ATM+2,PUT,23100,2026-06-11
2026-06-11 11:58:00+05:30,218.8,218.8,211.35,216.6,116545,2605525,15.650976,23290.9,23400.0,23200,ATM+2,PUT,23100,2026-06-11
2026-06-11 11:59:00+05:30,216.35,221.6,216.35,221.25,85280,2621970,15.67507,23283.15,23400.0,23200,ATM+2,PUT,23100,2026-06-11
2026-06-11 12:00:00+05:30,219.8,221.25,215.95,220.45,53495,2658890,15.675587,23284.55,23400.0,23200,ATM+2,PUT,23100,2026-06-11
2026-06-11 12:01:00+05:30,220.3,220.8,216.55,218.0,38415,2672085,15.659987,23288.55,23400.0,23200,ATM+2,PUT,23100,2026-06-11
2026-06-11 12:02:00+05:30,217.9,220.85,216.9,219.65,43225,2674490,15.663958,23285.7,23400.0,23200,ATM+2,PUT,23100,2026-06-11
2026-06-11 12:03:00+05:30,219.6,220.35,216.0,217.65,32955,2687555,15.703673,23290.0,23400.0,23200,ATM+2,PUT,23100,2026-06-11
2026-06-11 12:04:00+05:30,217.8,220.75,217.65,220.05,22750,2688920,15.752576,23286.7,23400.0,23200,ATM+2,PUT,23100,2026-06-11
2026-06-11 12:05:00+05:30,219.45,225.0,218.35,223.5,105040,2682355,15.779739,23281.15,23400.0,23200,ATM+2,PUT,23100,2026-06-11
2026-06-11 12:06:00+05:30,222.4,224.4,220.15,222.0,52910,2702960,15.694164,23282.1,23400.0,23200,ATM+2,PUT,23100,2026-06-11
2026-06-11 12:07:00+05:30,221.1,222.0,215.55,216.0,62920,2703480,15.573703,23290.3,23400.0,23200,ATM+2,PUT,23100,2026-06-11
2026-06-11 12:08:00+05:30,216.1,221.5,215.0,219.0,46020,2717780,15.558877,23284.7,23400.0,23200,ATM+2,PUT,23100,2026-06-11
2026-06-11 12:09:00+05:30,219.3,222.0,218.35,221.8,31915,2725385,15.737617,23283.25,23400.0,23200,ATM+2,PUT,23100,2026-06-11
2026-06-11 12:10:00+05:30,221.2,224.0,220.15,223.3,64155,2752360,15.638919,23278.7,23400.0,23200,ATM+2,PUT,23100,2026-06-11
2026-06-11 12:11:00+05:30,223.1,226.4,222.2,224.45,72800,2758405,15.683918,23277.55,23400.0,23200,ATM+2,PUT,23100,2026-06-11
2026-06-11 12:12:00+05:30,222.2,224.65,220.65,220.65,70265,2764645,15.636271,23283.25,23400.0,23200,ATM+2,PUT,23100,2026-06-11
2026-06-11 12:13:00+05:30,220.0,222.6,218.35,218.65,40625,2760875,15.620839,23286.45,23400.0,23200,ATM+2,PUT,23100,2026-06-11
2026-06-11 12:14:00+05:30,220.3,222.85,217.3,217.3,40690,2767570,15.556212,23287.55,23400.0,23200,ATM+2,PUT,23100,2026-06-11
2026-06-11 12:15:00+05:30,217.0,217.3,207.55,209.45,201500,2761265,15.534321,23301.1,23400.0,23200,ATM+2,PUT,23100,2026-06-11
2026-06-11 12:16:00+05:30,207.65,215.15,206.25,207.3,143780,2778295,15.506065,23304.4,23400.0,23200,ATM+2,PUT,23100,2026-06-11
2026-06-11 12:17:00+05:30,206.85,212.6,204.3,212.15,160290,2805985,15.605944,23297.65,23400.0,23200,ATM+2,PUT,23100,2026-06-11
2026-06-11 12:18:00+05:30,211.95,215.25,211.7,214.15,106795,2805985,15.61817,23294.3,23400.0,23200,ATM+2,PUT,23100,2026-06-11
2026-06-11 12:19:00+05:30,214.0,218.3,213.5,217.85,108875,2801500,15.7089,23289.5,23400.0,23200,ATM+2,PUT,23100,2026-06-11
2026-06-11 12:20:00+05:30,217.35,220.7,215.7,220.3,138580,2812095,15.646932,23283.95,23400.0,23200,ATM+2,PUT,23100,2026-06-11
2026-06-11 12:21:00+05:30,219.4,221.95,218.0,219.2,87750,2816775,15.509849,23283.2,23400.0,23200,ATM+2,PUT,23100,2026-06-11
2026-06-11 12:22:00+05:30,219.95,219.95,216.5,217.55,39130,2833090,15.574745,23287.35,23400.0,23200,ATM+2,PUT,23100,2026-06-11
2026-06-11 12:23:00+05:30,218.35,219.85,213.75,215.6,49595,2827695,15.704523,23293.35,23400.0,23200,ATM+2,PUT,23100,2026-06-11
2026-06-11 12:24:00+05:30,215.35,218.75,215.0,215.0,33735,2842450,15.57052,23291.75,23400.0,23200,ATM+2,PUT,23100,2026-06-11
2026-06-11 12:25:00+05:30,215.1,220.5,214.95,218.4,43290,2846610,15.72248,23288.7,23400.0,23200,ATM+2,PUT,23100,2026-06-11
2026-06-11 12:26:00+05:30,218.0,218.4,213.1,216.75,53235,2854475,15.77496,23292.65,23400.0,23200,ATM+2,PUT,23100,2026-06-11
2026-06-11 12:27:00+05:30,216.7,217.8,214.7,215.75,24570,2854410,15.695943,23292.85,23400.0,23200,ATM+2,PUT,23100,2026-06-11
2026-06-11 12:28:00+05:30,215.4,218.4,211.15,213.15,43290,2862665,15.861281,23300.8,23400.0,23200,ATM+2,PUT,23100,2026-06-11
2026-06-11 12:29:00+05:30,214.0,215.5,211.85,213.7,32890,2868385,15.752008,23297.6,23400.0,23200,ATM+2,PUT,23100,2026-06-11
2026-06-11 12:30:00+05:30,213.4,213.7,205.95,209.0,135070,2876835,15.745667,23305.95,23400.0,23200,ATM+2,PUT,23100,2026-06-11
2026-06-11 12:31:00+05:30,208.9,210.95,201.7,202.95,140270,2902900,15.695501,23316.0,23400.0,23200,ATM+2,PUT,23100,2026-06-11
2026-06-11 12:32:00+05:30,202.65,203.6,198.3,199.65,163020,2892175,15.599114,23320.1,23400.0,23200,ATM+2,PUT,23100,2026-06-11
2026-06-11 12:33:00+05:30,199.85,202.95,199.65,200.7,92885,2898220,15.498678,23316.05,23400.0,23200,ATM+2,PUT,23100,2026-06-11
2026-06-11 12:34:00+05:30,200.2,201.7,198.4,198.4,73320,2930460,15.582554,23322.05,23400.0,23200,ATM+2,PUT,23100,2026-06-11
2026-06-11 12:35:00+05:30,197.7,207.0,195.85,203.4,190775,2965040,15.600868,23313.15,23400.0,23200,ATM+2,PUT,23100,2026-06-11
2026-06-11 12:36:00+05:30,202.95,205.4,201.9,204.55,83525,2988895,15.443069,23307.8,23400.0,23200,ATM+2,PUT,23100,2026-06-11
2026-06-11 12:37:00+05:30,203.0,208.95,202.95,208.3,122460,3031080,15.04588,23293.1,23400.0,23200,ATM+2,PUT,23100,2026-06-11
2026-06-11 12:38:00+05:30,207.75,212.2,206.4,210.6,137800,3026660,15.281639,23293.65,23400.0,23200,ATM+2,PUT,23100,2026-06-11
2026-06-11 12:39:00+05:30,210.75,211.0,206.2,206.6,92300,2994485,15.124509,23297.65,23400.0,23200,ATM+2,PUT,23100,2026-06-11
2026-06-11 12:40:00+05:30,206.6,209.7,206.4,208.35,101725,2989155,15.295142,23297.9,23400.0,23200,ATM+2,PUT,23100,2026-06-11
2026-06-11 12:41:00+05:30,209.0,211.6,207.1,210.4,77545,3002025,15.341789,23295.15,23400.0,23200,ATM+2,PUT,23100,2026-06-11
2026-06-11 12:42:00+05:30,210.3,213.7,208.6,211.3,139490,3003325,15.494029,23296.55,23400.0,23200,ATM+2,PUT,23100,2026-06-11
2026-06-11 12:43:00+05:30,211.05,215.7,209.2,211.1,86905,3004690,15.322884,23293.5,23400.0,23200,ATM+2,PUT,23100,2026-06-11
2026-06-11 12:44:00+05:30,211.6,212.25,208.65,209.7,44850,2996240,15.32904,23296.1,23400.0,23200,ATM+2,PUT,23100,2026-06-11
2026-06-11 12:45:00+05:30,210.0,212.85,209.2,210.2,60255,3007420,15.321814,23295.05,23400.0,23200,ATM+2,PUT,23100,2026-06-11
2026-06-11 12:46:00+05:30,210.3,210.3,204.2,206.15,128115,3017690,15.277314,23301.4,23400.0,23200,ATM+2,PUT,23100,2026-06-11
2026-06-11 12:47:00+05:30,205.55,212.1,204.25,210.6,80145,3023800,15.268238,23293.25,23400.0,23200,ATM+2,PUT,23100,2026-06-11
2026-06-11 12:48:00+05:30,209.85,215.65,209.85,215.0,139555,3057015,15.300604,23286.1,23400.0,23200,ATM+2,PUT,23100,2026-06-11
2026-06-11 12:49:00+05:30,214.8,220.5,213.2,219.15,155415,3074370,15.122584,23275.45,23400.0,23200,ATM+2,PUT,23100,2026-06-11
2026-06-11 12:50:00+05:30,218.05,219.15,214.55,215.55,120640,3058445,15.160539,23282.4,23400.0,23200,ATM+2,PUT,23100,2026-06-11
2026-06-11 12:51:00+05:30,213.8,217.9,211.65,217.9,96330,3043040,15.303973,23281.05,23400.0,23200,ATM+2,PUT,23100,2026-06-11
2026-06-11 12:52:00+05:30,217.3,219.25,216.2,218.65,107445,3055650,15.27105,23279.1,23400.0,23200,ATM+2,PUT,23100,2026-06-11
2026-06-11 12:53:00+05:30,215.25,218.65,213.5,214.95,41860,3070340,15.225096,23284.65,23400.0,23200,ATM+2,PUT,23100,2026-06-11
2026-06-11 12:54:00+05:30,216.5,216.5,214.2,214.35,23465,3071055,14.769817,23276.95,23400.0,23200,ATM+2,PUT,23100,2026-06-11
2026-06-11 12:55:00+05:30,214.35,214.35,214.35,214.35,0,3071055,14.769818,23276.95,23400.0,23200,ATM+2,PUT,23100,2026-06-11
2026-06-11 12:56:00+05:30,218.1,218.1,212.8,216.15,185315,3095755,15.247959,23282.95,23400.0,23200,ATM+2,PUT,23100,2026-06-11
2026-06-11 12:57:00+05:30,216.0,216.3,203.9,204.4,176605,3104400,15.008119,23299.0,23400.0,23200,ATM+2,PUT,23100,2026-06-11
2026-06-11 12:58:00+05:30,204.3,205.45,199.3,201.65,228475,3056040,15.001964,23303.8,23400.0,23200,ATM+2,PUT,23100,2026-06-11
2026-06-11 12:59:00+05:30,202.65,207.25,198.1,198.1,110305,3068910,14.904871,23308.25,23400.0,23200,ATM+2,PUT,23100,2026-06-11
2026-06-11 13:00:00+05:30,197.8,198.1,187.05,189.3,319995,3078465,14.891353,23324.15,23400.0,23200,ATM+2,PUT,23100,2026-06-11
2026-06-11 13:01:00+05:30,189.25,197.0,188.4,197.0,186745,3106285,15.094976,23314.1,23400.0,23200,ATM+2,PUT,23100,2026-06-11
2026-06-11 13:02:00+05:30,195.05,201.55,195.05,198.75,219765,3132805,14.891189,23306.75,23400.0,23200,ATM+2,PUT,23100,2026-06-11
2026-06-11 13:03:00+05:30,198.9,202.7,198.75,201.5,108680,3194425,15.009688,23304.15,23400.0,23200,ATM+2,PUT,23100,2026-06-11
2026-06-11 13:04:00+05:30,201.55,203.55,200.55,201.85,99970,3192865,14.914505,23301.6,23400.0,23200,ATM+2,PUT,23100,2026-06-11
2026-06-11 13:05:00+05:30,203.25,204.15,201.25,201.55,102635,3199430,14.943332,23302.7,23400.0,23200,ATM+2,PUT,23100,2026-06-11
2026-06-11 13:06:00+05:30,201.8,204.0,200.8,203.4,112840,3210350,15.050409,23301.5,23400.0,23200,ATM+2,PUT,23100,2026-06-11
2026-06-11 13:07:00+05:30,203.0,205.65,201.7,205.65,56420,3227705,15.130687,23299.05,23400.0,23200,ATM+2,PUT,23100,2026-06-11
2026-06-11 13:08:00+05:30,205.2,209.0,204.25,206.95,106795,3211390,14.885974,23291.9,23400.0,23200,ATM+2,PUT,23100,2026-06-11
2026-06-11 13:09:00+05:30,206.5,214.6,206.5,214.5,149240,3235960,14.988253,23280.65,23400.0,23200,ATM+2,PUT,23100,2026-06-11
2026-06-11 13:10:00+05:30,213.5,214.5,211.1,212.0,114595,3193645,14.858766,23282.5,23400.0,23200,ATM+2,PUT,23100,2026-06-11
2026-06-11 13:11:00+05:30,211.0,216.75,211.0,214.55,103545,3188770,14.905079,23278.95,23400.0,23200,ATM+2,PUT,23100,2026-06-11
2026-06-11 13:12:00+05:30,185.8,194.5,185.6,191.7,250575,1979185,14.82004,23267.45,23350.0,23200,ATM+2,PUT,23100,2026-06-11
2026-06-11 13:13:00+05:30,191.45,195.65,191.15,194.9,162890,1950260,14.759844,23260.35,23350.0,23200,ATM+2,PUT,23100,2026-06-11
2026-06-11 13:14:00+05:30,194.7,195.1,192.15,192.95,122460,1885065,14.540571,23259.45,23350.0,23200,ATM+2,PUT,23100,2026-06-11
2026-06-11 13:15:00+05:30,193.6,194.35,192.0,193.65,94445,1877330,14.643938,23260.25,23350.0,23200,ATM+2,PUT,23100,2026-06-11
2026-06-11 13:16:00+05:30,191.4,195.65,190.0,194.55,154700,1841385,14.474169,23255.2,23350.0,23200,ATM+2,PUT,23100,2026-06-11
2026-06-11 13:17:00+05:30,195.5,199.0,189.35,191.55,198835,1842035,14.604659,23263.25,23350.0,23200,ATM+2,PUT,23100,2026-06-11
2026-06-11 13:18:00+05:30,192.45,196.45,191.55,194.3,98475,1834040,14.380229,23253.75,23350.0,23200,ATM+2,PUT,23100,2026-06-11
2026-06-11 13:19:00+05:30,194.9,197.3,192.7,196.8,77025,1864330,14.624069,23254.1,23350.0,23200,ATM+2,PUT,23100,2026-06-11
2026-06-11 13:20:00+05:30,196.6,203.1,195.7,202.25,199420,1844570,14.930478,23250.4,23350.0,23200,ATM+2,PUT,23100,2026-06-11
2026-06-11 13:21:00+05:30,203.0,209.45,202.25,209.0,234845,1765985,14.950046,23238.8,23350.0,23200,ATM+2,PUT,23100,2026-06-11
2026-06-11 13:22:00+05:30,209.55,212.2,207.95,211.95,200200,1719835,14.675046,23228.4,23350.0,23200,ATM+2,PUT,23100,2026-06-11
2026-06-11 13:23:00+05:30,211.3,212.25,198.35,202.8,203840,1657565,14.64677,23243.8,23350.0,23200,ATM+2,PUT,23100,2026-06-11
2026-06-11 13:24:00+05:30,203.6,206.8,201.2,203.2,103415,1637870,14.451555,23239.3,23350.0,23200,ATM+2,PUT,23100,2026-06-11
2026-06-11 13:25:00+05:30,203.45,210.35,202.7,210.1,101725,1630785,14.740593,23232.8,23350.0,23200,ATM+2,PUT,23100,2026-06-11
2026-06-11 13:26:00+05:30,210.35,216.45,209.95,213.0,160030,1612000,14.598197,23225.1,23350.0,23200,ATM+2,PUT,23100,2026-06-11
2026-06-11 13:27:00+05:30,212.65,213.0,208.35,210.15,83655,1592825,14.630791,23230.6,23350.0,23200,ATM+2,PUT,23100,2026-06-11
2026-06-11 13:28:00+05:30,211.0,212.15,205.7,208.7,76700,1570205,14.672965,23233.9,23350.0,23200,ATM+2,PUT,23100,2026-06-11
2026-06-11 13:29:00+05:30,207.5,208.7,203.0,204.25,64870,1553630,14.736361,23242.9,23350.0,23200,ATM+2,PUT,23100,2026-06-11
2026-06-11 13:30:00+05:30,204.5,204.5,189.9,195.35,169650,1541280,14.671423,23257.5,23350.0,23200,ATM+2,PUT,23100,2026-06-11
2026-06-11 13:31:00+05:30,194.3,200.75,194.25,194.25,74620,1529255,14.533039,23256.7,23350.0,23200,ATM+2,PUT,23100,2026-06-11
2026-06-11 13:32:00+05:30,193.4,194.65,190.0,191.1,75660,1527630,14.552972,23262.8,23350.0,23200,ATM+2,PUT,23100,2026-06-11
2026-06-11 13:33:00+05:30,191.3,193.95,186.55,193.7,111410,1520805,14.587159,23258.75,23350.0,23200,ATM+2,PUT,23100,2026-06-11
2026-06-11 13:34:00+05:30,195.35,201.75,193.7,201.3,116415,1513395,14.511028,23243.65,23350.0,23200,ATM+2,PUT,23100,2026-06-11
2026-06-11 13:35:00+05:30,199.9,202.25,195.7,198.1,96135,1524445,14.49547,23249.0,23350.0,23200,ATM+2,PUT,23100,2026-06-11
2026-06-11 13:36:00+05:30,197.4,199.1,192.55,192.55,55900,1535105,14.363237,23256.3,23350.0,23200,ATM+2,PUT,23100,2026-06-11
2026-06-11 13:37:00+05:30,192.15,197.95,192.15,197.15,39195,1522040,14.517536,23251.1,23350.0,23200,ATM+2,PUT,23100,2026-06-11
2026-06-11 13:38:00+05:30,197.0,205.0,197.0,203.05,105755,1536015,14.608337,23242.4,23350.0,23200,ATM+2,PUT,23100,2026-06-11
2026-06-11 13:39:00+05:30,202.85,210.6,202.85,208.45,117455,1521260,14.595085,23232.7,23350.0,23200,ATM+2,PUT,23100,2026-06-11
2026-06-11 13:40:00+05:30,209.25,211.85,203.4,211.35,80665,1528800,14.862838,23232.75,23350.0,23200,ATM+2,PUT,23100,2026-06-11
2026-06-11 13:41:00+05:30,210.9,211.95,208.35,210.0,57070,1528475,14.568923,23229.5,23350.0,23200,ATM+2,PUT,23100,2026-06-11
2026-06-11 13:42:00+05:30,209.55,210.0,205.5,209.7,52520,1524380,14.552831,23229.7,23350.0,23200,ATM+2,PUT,23100,2026-06-11
2026-06-11 13:43:00+05:30,181.3,187.0,180.35,184.25,409175,6989775,14.298287,23219.45,23300.0,23200,ATM+2,PUT,23100,2026-06-11
2026-06-11 13:44:00+05:30,184.4,187.3,180.2,181.4,458185,6914830,14.259112,23223.9,23300.0,23200,ATM+2,PUT,23100,2026-06-11
2026-06-11 13:45:00+05:30,181.9,184.35,181.25,184.35,215865,6876610,14.391727,23221.15,23300.0,23200,ATM+2,PUT,23100,2026-06-11
2026-06-11 13:46:00+05:30,212.45,216.4,207.1,207.1,68185,1498640,14.211191,23227.7,23350.0,23200,ATM+2,PUT,23100,2026-06-11
2026-06-11 13:47:00+05:30,207.45,207.45,199.55,205.2,112060,1480895,14.306784,23232.75,23350.0,23200,ATM+2,PUT,23100,2026-06-11
2026-06-11 13:48:00+05:30,205.7,206.5,200.15,206.5,55965,1492530,14.383913,23231.95,23350.0,23200,ATM+2,PUT,23100,2026-06-11
2026-06-11 13:49:00+05:30,206.4,209.75,204.5,207.0,78000,1513330,14.345474,23230.35,23350.0,23200,ATM+2,PUT,23100,2026-06-11
2026-06-11 13:50:00+05:30,178.1,182.7,178.1,181.7,236470,6757205,14.304958,23224.2,23300.0,23200,ATM+2,PUT,23100,2026-06-11
2026-06-11 13:51:00+05:30,208.25,212.1,205.6,206.85,50570,1513460,14.111181,23226.2,23350.0,23200,ATM+2,PUT,23100,2026-06-11
2026-06-11 13:52:00+05:30,207.3,211.75,203.4,203.65,43745,1509690,14.019637,23229.95,23350.0,23200,ATM+2,PUT,23100,2026-06-11
2026-06-11 13:53:00+05:30,204.85,205.4,201.4,202.4,30810,1508975,14.218854,23235.85,23350.0,23200,ATM+2,PUT,23100,2026-06-11
2026-06-11 13:54:00+05:30,203.25,207.1,201.75,203.4,23725,1510730,14.239718,23234.5,23350.0,23200,ATM+2,PUT,23100,2026-06-11
2026-06-11 13:55:00+05:30,204.0,207.8,201.5,201.8,20410,1509495,14.173385,23236.0,23350.0,23200,ATM+2,PUT,23100,2026-06-11
2026-06-11 13:56:00+05:30,202.6,205.0,198.95,199.7,40560,1507220,14.207795,23240.3,23350.0,23200,ATM+2,PUT,23100,2026-06-11
2026-06-11 13:57:00+05:30,199.75,204.0,197.05,202.9,76505,1488305,14.447783,23239.3,23350.0,23200,ATM+2,PUT,23100,2026-06-11
2026-06-11 13:58:00+05:30,201.7,202.9,194.3,195.45,45500,1486290,14.22323,23248.05,23350.0,23200,ATM+2,PUT,23100,2026-06-11
2026-06-11 13:59:00+05:30,196.65,207.5,195.45,205.2,56875,1489995,14.328419,23233.0,23350.0,23200,ATM+2,PUT,23100,2026-06-11
2026-06-11 14:00:00+05:30,204.6,207.75,198.6,199.95,60710,1501370,14.228146,23240.2,23350.0,23200,ATM+2,PUT,23100,2026-06-11
2026-06-11 14:01:00+05:30,200.4,204.0,199.6,202.2,17355,1504750,14.206169,23235.85,23350.0,23200,ATM+2,PUT,23100,2026-06-11
2026-06-11 14:02:00+05:30,203.0,204.35,201.0,203.0,20735,1503775,14.118762,23232.8,23350.0,23200,ATM+2,PUT,23100,2026-06-11
2026-06-11 14:03:00+05:30,202.4,204.4,201.0,203.35,26455,1509235,14.33357,23236.25,23350.0,23200,ATM+2,PUT,23100,2026-06-11
2026-06-11 14:04:00+05:30,203.4,205.85,200.5,202.9,33800,1505595,14.29846,23236.35,23350.0,23200,ATM+2,PUT,23100,2026-06-11
2026-06-11 14:05:00+05:30,203.15,210.0,202.0,204.35,51610,1498315,14.215153,23232.25,23350.0,23200,ATM+2,PUT,23100,2026-06-11
2026-06-11 14:06:00+05:30,203.85,206.35,202.1,202.95,22620,1501760,14.119596,23232.85,23350.0,23200,ATM+2,PUT,23100,2026-06-11
2026-06-11 14:07:00+05:30,175.4,186.15,175.4,186.15,303745,6339775,14.51387,23220.0,23300.0,23200,ATM+2,PUT,23100,2026-06-11
2026-06-11 14:08:00+05:30,185.05,191.4,185.05,191.25,532675,6297525,14.483787,23210.05,23300.0,23200,ATM+2,PUT,23100,2026-06-11
2026-06-11 14:09:00+05:30,191.7,194.6,187.0,188.6,673725,6170385,14.371812,23212.6,23300.0,23200,ATM+2,PUT,23100,2026-06-11
2026-06-11 14:10:00+05:30,189.35,189.65,183.75,189.0,300495,6099340,14.50788,23214.6,23300.0,23200,ATM+2,PUT,23100,2026-06-11
2026-06-11 14:11:00+05:30,189.1,192.1,186.65,188.1,244920,6092060,14.352882,23213.1,23300.0,23200,ATM+2,PUT,23100,2026-06-11
2026-06-11 14:12:00+05:30,188.35,190.95,185.55,189.4,187850,6114420,14.336693,23210.4,23300.0,23200,ATM+2,PUT,23100,2026-06-11
2026-06-11 14:13:00+05:30,188.85,190.0,180.4,181.15,240305,6134505,14.225808,23223.25,23300.0,23200,ATM+2,PUT,23100,2026-06-11
2026-06-11 14:14:00+05:30,181.0,184.95,178.0,184.25,262730,6083155,14.337742,23219.8,23300.0,23200,ATM+2,PUT,23100,2026-06-11
2026-06-11 14:15:00+05:30,184.3,186.95,182.1,184.85,202995,6120335,14.166027,23215.2,23300.0,23200,ATM+2,PUT,23100,2026-06-11
2026-06-11 14:16:00+05:30,184.3,184.95,181.15,184.5,109525,6142500,14.18953,23216.3,23300.0,23200,ATM+2,PUT,23100,2026-06-11
2026-06-11 14:17:00+05:30,185.6,187.0,184.45,186.05,119600,6128070,14.228865,23214.25,23300.0,23200,ATM+2,PUT,23100,2026-06-11
2026-06-11 14:18:00+05:30,185.5,192.15,185.5,192.15,219830,6139445,14.469925,23208.0,23300.0,23200,ATM+2,PUT,23100,2026-06-11
2026-06-11 14:19:00+05:30,190.55,192.55,185.45,186.5,223535,6100965,14.397139,23216.8,23300.0,23200,ATM+2,PUT,23100,2026-06-11
2026-06-11 14:20:00+05:30,183.5,186.5,179.1,181.1,260455,6079580,14.214144,23223.0,23300.0,23200,ATM+2,PUT,23100,2026-06-11
2026-06-11 14:21:00+05:30,181.5,183.55,179.0,180.55,195000,6104540,14.006163,23219.75,23300.0,23200,ATM+2,PUT,23100,2026-06-11
2026-06-11 14:22:00+05:30,184.35,184.9,180.3,183.1,125840,6089070,14.249476,23220.0,23300.0,23200,ATM+2,PUT,23100,2026-06-11
2026-06-11 14:23:00+05:30,182.85,190.85,181.9,189.95,208975,6088420,14.336847,23209.25,23300.0,23200,ATM+2,PUT,23100,2026-06-11
2026-06-11 14:24:00+05:30,190.15,191.15,188.5,189.2,173940,6085625,14.125991,23206.4,23300.0,23200,ATM+2,PUT,23100,2026-06-11
2026-06-11 14:25:00+05:30,189.15,189.5,183.3,184.05,157560,6061770,14.167605,23216.55,23300.0,23200,ATM+2,PUT,23100,2026-06-11
2026-06-11 14:26:00+05:30,212.3,213.65,206.0,206.15,43810,1409200,14.00856,23225.05,23350.0,23200,ATM+2,PUT,23100,2026-06-11
2026-06-11 14:27:00+05:30,206.9,207.9,203.0,205.7,52715,1400945,14.038187,23226.35,23350.0,23200,ATM+2,PUT,23100,2026-06-11
2026-06-11 14:28:00+05:30,202.15,205.7,190.2,191.45,153855,1380925,14.060103,23251.55,23350.0,23200,ATM+2,PUT,23100,2026-06-11
2026-06-11 14:29:00+05:30,190.45,199.9,189.85,199.7,81965,1370200,14.275256,23241.15,23350.0,23200,ATM+2,PUT,23100,2026-06-11
2026-06-11 14:30:00+05:30,200.0,205.75,195.8,195.95,74425,1362205,14.157374,23245.45,23350.0,23200,ATM+2,PUT,23100,2026-06-11
2026-06-11 14:31:00+05:30,195.8,200.15,195.3,198.55,43030,1365845,14.116877,23240.1,23350.0,23200,ATM+2,PUT,23100,2026-06-11
2026-06-11 14:32:00+05:30,199.55,203.45,197.0,197.0,32175,1362855,14.150817,23243.45,23350.0,23200,ATM+2,PUT,23100,2026-06-11
2026-06-11 14:33:00+05:30,199.5,207.55,197.0,207.15,33995,1356290,14.32081,23229.05,23350.0,23200,ATM+2,PUT,23100,2026-06-11
2026-06-11 14:34:00+05:30,207.05,208.55,203.95,205.9,42835,1350895,14.348219,23231.7,23350.0,23200,ATM+2,PUT,23100,2026-06-11
2026-06-11 14:35:00+05:30,205.7,206.0,199.35,205.05,35815,1351285,14.564134,23237.25,23350.0,23200,ATM+2,PUT,23100,2026-06-11
2026-06-11 14:36:00+05:30,176.3,186.0,175.7,185.45,253240,5869955,14.140798,23213.3,23300.0,23200,ATM+2,PUT,23100,2026-06-11
2026-06-11 14:37:00+05:30,215.35,224.0,211.65,213.75,165425,1314495,14.769169,23226.05,23350.0,23200,ATM+2,PUT,23100,2026-06-11
2026-06-11 14:38:00+05:30,182.9,189.9,181.55,188.8,319345,5720715,14.697797,23218.4,23300.0,23200,ATM+2,PUT,23100,2026-06-11
2026-06-11 14:39:00+05:30,188.3,196.95,187.95,191.3,599755,5575440,14.860747,23217.1,23300.0,23200,ATM+2,PUT,23100,2026-06-11
2026-06-11 14:40:00+05:30,191.25,195.9,189.55,194.4,356005,5525845,14.702722,23208.25,23300.0,23200,ATM+2,PUT,23100,2026-06-11
2026-06-11 14:41:00+05:30,194.0,198.05,192.3,192.45,385125,5483205,14.803427,23213.8,23300.0,23200,ATM+2,PUT,23100,2026-06-11
2026-06-11 14:42:00+05:30,192.1,196.5,190.55,195.45,294190,5413525,14.919466,23210.65,23300.0,23200,ATM+2,PUT,23100,2026-06-11
2026-06-11 14:43:00+05:30,196.0,205.3,194.15,205.15,506675,5411510,15.127575,23197.3,23300.0,23200,ATM+2,PUT,23100,2026-06-11
2026-06-11 14:44:00+05:30,205.75,205.85,200.15,202.3,376610,5233865,15.016821,23200.2,23300.0,23200,ATM+2,PUT,23100,2026-06-11
2026-06-11 14:45:00+05:30,200.0,206.4,200.0,206.1,384670,5194280,15.213097,23197.25,23300.0,23200,ATM+2,PUT,23100,2026-06-11
2026-06-11 14:46:00+05:30,206.0,210.35,199.25,210.35,477685,5125575,15.331716,23192.0,23300.0,23200,ATM+2,PUT,23100,2026-06-11
2026-06-11 14:47:00+05:30,182.0,196.0,180.25,194.75,955695,2918305,15.208136,23167.1,23250.0,23200,ATM+2,PUT,23100,2026-06-11
2026-06-11 14:48:00+05:30,224.25,224.7,212.9,214.65,536575,4689230,15.117455,23180.35,23300.0,23200,ATM+2,PUT,23100,2026-06-11
2026-06-11 14:49:00+05:30,213.0,215.05,207.5,208.75,271635,4633005,15.244764,23193.1,23300.0,23200,ATM+2,PUT,23100,2026-06-11
2026-06-11 14:50:00+05:30,182.4,192.0,180.05,190.6,384540,2710500,15.111092,23172.75,23250.0,23200,ATM+2,PUT,23100,2026-06-11
2026-06-11 14:51:00+05:30,189.8,191.0,184.8,188.5,184405,2678715,14.904619,23172.4,23250.0,23200,ATM+2,PUT,23100,2026-06-11
2026-06-11 14:52:00+05:30,189.0,191.4,187.25,190.05,103350,2660060,14.982291,23171.1,23250.0,23200,ATM+2,PUT,23100,2026-06-11
2026-06-11 14:53:00+05:30,189.45,190.4,186.25,187.0,108355,2634515,14.848284,23174.0,23250.0,23200,ATM+2,PUT,23100,2026-06-11
2026-06-11 14:54:00+05:30,186.75,189.85,186.15,188.4,98930,2603185,14.863658,23171.7,23250.0,23200,ATM+2,PUT,23100,2026-06-11
2026-06-11 14:55:00+05:30,188.6,190.45,185.65,187.1,146185,2581865,14.790608,23172.6,23250.0,23200,ATM+2,PUT,23100,2026-06-11
2026-06-11 14:56:00+05:30,187.05,190.0,186.0,189.5,111280,2545660,14.898784,23170.35,23250.0,23200,ATM+2,PUT,23100,2026-06-11
2026-06-11 14:57:00+05:30,189.85,192.4,187.85,190.0,194220,2546895,14.740418,23166.2,23250.0,23200,ATM+2,PUT,23100,2026-06-11
2026-06-11 14:58:00+05:30,189.95,190.2,187.25,188.2,88270,2531620,14.887687,23172.5,23250.0,23200,ATM+2,PUT,23100,2026-06-11
2026-06-11 14:59:00+05:30,214.4,221.9,213.5,217.45,210925,4415255,15.207691,23177.05,23300.0,23200,ATM+2,PUT,23100,2026-06-11
2026-06-11 15:00:00+05:30,187.45,195.25,174.6,194.85,745095,2395705,14.571554,23154.0,23250.0,23200,ATM+2,PUT,23100,2026-06-11
2026-06-11 15:01:00+05:30,195.35,201.25,194.45,196.2,494585,2168985,14.652188,23153.15,23250.0,23200,ATM+2,PUT,23100,2026-06-11
2026-06-11 15:02:00+05:30,197.5,203.25,193.6,196.4,313170,2137005,14.957,23158.8,23250.0,23200,ATM+2,PUT,23100,2026-06-11
2026-06-11 15:03:00+05:30,196.3,201.5,196.3,198.95,146965,2113020,15.162289,23158.25,23250.0,23200,ATM+2,PUT,23100,2026-06-11
2026-06-11 15:04:00+05:30,199.15,201.85,196.65,201.2,111475,2078505,14.692571,23145.0,23250.0,23200,ATM+2,PUT,23100,2026-06-11
2026-06-11 15:05:00+05:30,202.0,205.8,199.4,200.4,250055,2031510,14.751915,23147.55,23250.0,23200,ATM+2,PUT,23100,2026-06-11
2026-06-11 15:06:00+05:30,200.55,206.7,198.9,205.55,217360,1975415,14.798371,23139.35,23250.0,23200,ATM+2,PUT,23100,2026-06-11
2026-06-11 15:07:00+05:30,206.2,207.0,199.35,199.35,148590,1942720,14.685685,23148.1,23250.0,23200,ATM+2,PUT,23100,2026-06-11
2026-06-11 15:08:00+05:30,197.85,202.45,196.5,202.45,140465,1947855,14.359173,23136.4,23250.0,23200,ATM+2,PUT,23100,2026-06-11
2026-06-11 15:09:00+05:30,203.0,203.0,197.75,198.3,102115,1932905,14.370562,23143.85,23250.0,23200,ATM+2,PUT,23100,2026-06-11
2026-06-11 15:10:00+05:30,198.7,198.7,190.2,190.2,187915,1893840,14.038771,23151.75,23250.0,23200,ATM+2,PUT,23100,2026-06-11
2026-06-11 15:11:00+05:30,190.35,195.55,187.7,194.8,128960,1849315,14.063839,23144.1,23250.0,23200,ATM+2,PUT,23100,2026-06-11
2026-06-11 15:12:00+05:30,195.45,198.0,190.9,191.65,138320,1846520,14.162525,23151.55,23250.0,23200,ATM+2,PUT,23100,2026-06-11
2026-06-11 15:13:00+05:30,191.4,191.95,186.3,186.4,149890,1842425,14.207784,23161.85,23250.0,23200,ATM+2,PUT,23100,2026-06-11
2026-06-11 15:14:00+05:30,186.3,191.4,184.65,190.7,131560,1799265,14.797036,23165.8,23250.0,23200,ATM+2,PUT,23100,2026-06-11
2026-06-11 15:15:00+05:30,190.8,197.3,190.0,190.0,315705,1724515,14.763913,23166.4,23250.0,23200,ATM+2,PUT,23100,2026-06-11
2026-06-11 15:16:00+05:30,219.9,220.15,208.6,208.9,211640,3561610,14.620054,23180.55,23300.0,23200,ATM+2,PUT,23100,2026-06-11
2026-06-11 15:17:00+05:30,207.05,210.4,205.75,208.35,127985,3561155,14.642199,23181.9,23300.0,23200,ATM+2,PUT,23100,2026-06-11
2026-06-11 15:18:00+05:30,208.6,216.6,207.4,215.2,211835,3522220,15.233409,23181.15,23300.0,23200,ATM+2,PUT,23100,2026-06-11
2026-06-11 15:19:00+05:30,185.85,191.0,185.7,189.1,103935,1569165,14.961022,23172.0,23250.0,23200,ATM+2,PUT,23100,2026-06-11
2026-06-11 15:20:00+05:30,218.05,218.7,214.2,215.3,118300,3507465,15.087152,23178.2,23300.0,23200,ATM+2,PUT,23100,2026-06-11
2026-06-11 15:21:00+05:30,215.0,216.65,210.45,216.4,116025,3443895,15.106363,23176.65,23300.0,23200,ATM+2,PUT,23100,2026-06-11
2026-06-11 15:22:00+05:30,186.95,189.85,185.75,189.3,77870,1485250,14.878456,23169.9,23250.0,23200,ATM+2,PUT,23100,2026-06-11
2026-06-11 15:23:00+05:30,189.65,192.15,186.25,186.45,81445,1459900,14.669517,23170.9,23250.0,23200,ATM+2,PUT,23100,2026-06-11
2026-06-11 15:24:00+05:30,186.2,187.55,184.4,186.0,79430,1448200,14.761748,23173.6,23250.0,23200,ATM+2,PUT,23100,2026-06-11
2026-06-11 15:25:00+05:30,186.35,186.65,179.4,179.75,155415,1417325,14.234294,23174.4,23250.0,23200,ATM+2,PUT,23100,2026-06-11
2026-06-11 15:26:00+05:30,207.75,209.65,201.3,202.5,197340,3258970,13.822267,23176.6,23300.0,23200,ATM+2,PUT,23100,2026-06-11
2026-06-11 15:27:00+05:30,203.65,207.7,202.0,206.55,136890,3223935,14.333324,23179.1,23300.0,23200,ATM+2,PUT,23100,2026-06-11
2026-06-11 15:28:00+05:30,205.2,207.65,205.15,205.55,127335,3189420,14.292852,23180.05,23300.0,23200,ATM+2,PUT,23100,2026-06-11
2026-06-11 15:29:00+05:30,206.15,206.15,201.2,202.4,221390,3113305,14.350444,23186.55,23300.0,23200,ATM+2,PUT,23100,2026-06-11
2026-06-11 09:15:00+05:30,129.0,129.0,100.0,111.85,621140,1925430,14.225181,23104.4,23250.0,23250,ATM+3,CALL,23100,2026-06-11
2026-06-11 09:16:00+05:30,109.3,111.85,99.15,99.7,471965,2006160,13.886178,23082.3,23250.0,23250,ATM+3,CALL,23100,2026-06-11
2026-06-11 09:17:00+05:30,99.85,104.4,98.05,104.4,277550,2102100,13.952937,23092.9,23250.0,23250,ATM+3,CALL,23100,2026-06-11
2026-06-11 09:18:00+05:30,105.1,109.2,103.5,105.3,300495,2152605,13.781091,23100.1,23250.0,23250,ATM+3,CALL,23100,2026-06-11
2026-06-11 09:19:00+05:30,105.25,109.85,105.25,109.1,201045,2196090,13.560709,23115.85,23250.0,23250,ATM+3,CALL,23100,2026-06-11
2026-06-11 09:20:00+05:30,92.25,94.65,89.2,93.75,596050,6346990,13.428091,23128.6,23300.0,23250,ATM+3,CALL,23100,2026-06-11
2026-06-11 09:21:00+05:30,94.0,100.85,93.55,98.8,821340,6484660,13.421667,23142.45,23300.0,23250,ATM+3,CALL,23100,2026-06-11
2026-06-11 09:22:00+05:30,98.45,100.55,95.5,98.8,517465,6500715,13.406914,23142.9,23300.0,23250,ATM+3,CALL,23100,2026-06-11
2026-06-11 09:23:00+05:30,99.3,100.75,95.3,96.8,438360,6516315,13.488101,23135.25,23300.0,23250,ATM+3,CALL,23100,2026-06-11
2026-06-11 09:24:00+05:30,115.35,117.5,109.2,109.25,216580,2353780,13.544647,23116.8,23250.0,23250,ATM+3,CALL,23100,2026-06-11
2026-06-11 09:25:00+05:30,108.0,110.5,106.45,107.2,196690,2338310,13.64265,23109.0,23250.0,23250,ATM+3,CALL,23100,2026-06-11
2026-06-11 09:26:00+05:30,106.95,109.7,105.1,108.4,164060,2361320,13.808072,23107.5,23250.0,23250,ATM+3,CALL,23100,2026-06-11
2026-06-11 09:27:00+05:30,107.8,109.9,102.5,105.75,208975,2401750,13.783504,23101.45,23250.0,23250,ATM+3,CALL,23100,2026-06-11
2026-06-11 09:28:00+05:30,105.35,111.1,105.35,109.85,250770,2444910,13.574051,23117.6,23250.0,23250,ATM+3,CALL,23100,2026-06-11
2026-06-11 09:29:00+05:30,110.1,113.3,108.5,111.15,214175,2503930,13.534735,23121.9,23250.0,23250,ATM+3,CALL,23100,2026-06-11
2026-06-11 09:30:00+05:30,111.4,111.4,103.95,105.4,228085,2567305,13.433733,23110.35,23250.0,23250,ATM+3,CALL,23100,2026-06-11
2026-06-11 09:31:00+05:30,104.95,108.0,102.65,107.8,187655,2657980,13.415733,23116.9,23250.0,23250,ATM+3,CALL,23100,2026-06-11
2026-06-11 09:32:00+05:30,108.7,111.55,106.5,106.5,193700,2730715,13.405726,23113.95,23250.0,23250,ATM+3,CALL,23100,2026-06-11
2026-06-11 09:33:00+05:30,105.35,106.5,99.75,100.4,252850,2779790,13.290404,23101.6,23250.0,23250,ATM+3,CALL,23100,2026-06-11
2026-06-11 09:34:00+05:30,100.2,104.45,100.1,103.75,142350,2877550,13.311594,23109.65,23250.0,23250,ATM+3,CALL,23100,2026-06-11
2026-06-11 09:35:00+05:30,103.45,103.9,98.4,98.4,181870,2925000,13.271792,23096.95,23250.0,23250,ATM+3,CALL,23100,2026-06-11
2026-06-11 09:36:00+05:30,99.05,104.0,98.4,104.0,146380,2993380,13.238835,23112.35,23250.0,23250,ATM+3,CALL,23100,2026-06-11
2026-06-11 09:37:00+05:30,103.8,107.6,103.4,106.25,195390,3022305,13.19035,23119.35,23250.0,23250,ATM+3,CALL,23100,2026-06-11
2026-06-11 09:38:00+05:30,89.15,93.3,88.5,92.2,420550,7308015,13.254114,23129.95,23300.0,23250,ATM+3,CALL,23100,2026-06-11
2026-06-11 09:39:00+05:30,91.65,94.65,91.65,93.4,427310,7317765,13.285738,23132.35,23300.0,23250,ATM+3,CALL,23100,2026-06-11
2026-06-11 09:40:00+05:30,112.0,112.35,105.7,105.7,191230,3095170,13.128429,23119.75,23250.0,23250,ATM+3,CALL,23100,2026-06-11
2026-06-11 09:41:00+05:30,105.75,107.5,104.05,106.55,136695,3109470,13.184978,23120.35,23250.0,23250,ATM+3,CALL,23100,2026-06-11
2026-06-11 09:42:00+05:30,105.85,107.0,102.8,105.5,158080,3130530,13.102969,23120.0,23250.0,23250,ATM+3,CALL,23100,2026-06-11
2026-06-11 09:43:00+05:30,88.05,95.15,87.35,94.95,393835,7443800,13.125516,23141.3,23300.0,23250,ATM+3,CALL,23100,2026-06-11
2026-06-11 09:44:00+05:30,94.95,96.8,94.7,95.4,569725,7435415,13.065599,23144.25,23300.0,23250,ATM+3,CALL,23100,2026-06-11
2026-06-11 09:45:00+05:30,96.05,97.95,92.5,95.55,399100,7414290,13.031579,23145.65,23300.0,23250,ATM+3,CALL,23100,2026-06-11
2026-06-11 09:46:00+05:30,95.8,97.9,94.25,97.9,243295,7447375,12.940003,23154.45,23300.0,23250,ATM+3,CALL,23100,2026-06-11
2026-06-11 09:47:00+05:30,97.9,98.25,95.4,95.7,302965,7461935,12.905327,23149.7,23300.0,23250,ATM+3,CALL,23100,2026-06-11
2026-06-11 09:48:00+05:30,95.75,96.7,93.4,93.4,228930,7500025,12.978816,23141.5,23300.0,23250,ATM+3,CALL,23100,2026-06-11
2026-06-11 09:49:00+05:30,92.55,97.7,92.55,97.35,230295,7519070,12.932922,23153.3,23300.0,23250,ATM+3,CALL,23100,2026-06-11
2026-06-11 09:50:00+05:30,97.7,102.95,94.7,102.85,540020,7574580,13.096315,23162.9,23300.0,23250,ATM+3,CALL,23100,2026-06-11
2026-06-11 09:51:00+05:30,101.25,104.45,100.3,103.9,597025,7522515,13.026317,23167.5,23300.0,23250,ATM+3,CALL,23100,2026-06-11
2026-06-11 09:52:00+05:30,103.3,104.6,100.6,103.75,402090,7497230,12.893028,23170.8,23300.0,23250,ATM+3,CALL,23100,2026-06-11
2026-06-11 09:53:00+05:30,104.0,105.5,102.15,103.75,393835,7487155,12.839023,23172.3,23300.0,23250,ATM+3,CALL,23100,2026-06-11
2026-06-11 09:54:00+05:30,103.7,103.75,97.65,97.85,369265,7509645,13.017728,23152.35,23300.0,23250,ATM+3,CALL,23100,2026-06-11
2026-06-11 09:55:00+05:30,98.9,98.9,93.15,94.15,461435,7485920,13.043535,23141.85,23300.0,23250,ATM+3,CALL,23100,2026-06-11
2026-06-11 09:56:00+05:30,94.15,97.45,92.8,92.8,261495,7483190,12.965215,23140.5,23300.0,23250,ATM+3,CALL,23100,2026-06-11
2026-06-11 09:57:00+05:30,92.7,92.95,89.1,90.1,390975,7508800,13.033955,23131.15,23300.0,23250,ATM+3,CALL,23100,2026-06-11
2026-06-11 09:58:00+05:30,107.55,107.65,102.15,102.3,238875,3092505,13.019319,23114.7,23250.0,23250,ATM+3,CALL,23100,2026-06-11
2026-06-11 09:59:00+05:30,102.3,105.8,100.8,102.45,203125,3132545,12.928484,23117.6,23250.0,23250,ATM+3,CALL,23100,2026-06-11
2026-06-11 10:00:00+05:30,85.1,89.9,84.9,88.9,318630,7528885,12.955903,23130.2,23300.0,23250,ATM+3,CALL,23100,2026-06-11
2026-06-11 10:01:00+05:30,90.25,90.8,88.9,89.9,278850,7567950,12.972917,23132.5,23300.0,23250,ATM+3,CALL,23100,2026-06-11
2026-06-11 10:02:00+05:30,107.55,107.85,103.35,104.1,126555,3293030,12.888144,23122.9,23250.0,23250,ATM+3,CALL,23100,2026-06-11
2026-06-11 10:03:00+05:30,104.3,108.0,102.2,103.85,103610,3319160,12.941672,23120.85,23250.0,23250,ATM+3,CALL,23100,2026-06-11
2026-06-11 10:04:00+05:30,103.4,104.55,99.35,99.35,164580,3339570,12.975682,23108.55,23250.0,23250,ATM+3,CALL,23100,2026-06-11
2026-06-11 10:05:00+05:30,99.7,102.0,97.6,101.6,279695,3393065,13.05796,23112.05,23250.0,23250,ATM+3,CALL,23100,2026-06-11
2026-06-11 10:06:00+05:30,84.35,91.7,84.2,90.6,476450,7762105,12.879141,23137.3,23300.0,23250,ATM+3,CALL,23100,2026-06-11
2026-06-11 10:07:00+05:30,90.8,95.1,89.65,94.6,435110,7782710,12.889362,23147.8,23300.0,23250,ATM+3,CALL,23100,2026-06-11
2026-06-11 10:08:00+05:30,94.6,99.05,93.35,99.0,457730,7764900,12.975792,23156.9,23300.0,23250,ATM+3,CALL,23100,2026-06-11
2026-06-11 10:09:00+05:30,99.7,100.2,96.9,97.05,486395,7676370,12.794935,23156.95,23300.0,23250,ATM+3,CALL,23100,2026-06-11
2026-06-11 10:10:00+05:30,97.0,100.0,96.25,97.25,327145,7690085,12.766214,23158.3,23300.0,23250,ATM+3,CALL,23100,2026-06-11
2026-06-11 10:11:00+05:30,97.3,100.25,97.2,99.6,232115,7717580,12.815,23163.0,23300.0,23250,ATM+3,CALL,23100,2026-06-11
2026-06-11 10:12:00+05:30,99.9,100.65,96.3,97.2,239460,7702175,12.822402,23156.65,23300.0,23250,ATM+3,CALL,23100,2026-06-11
2026-06-11 10:13:00+05:30,96.9,99.25,96.9,98.15,136630,7700420,12.800285,23159.75,23300.0,23250,ATM+3,CALL,23100,2026-06-11
2026-06-11 10:14:00+05:30,98.2,100.1,93.1,94.3,364455,7691710,12.878774,23147.5,23300.0,23250,ATM+3,CALL,23100,2026-06-11
2026-06-11 10:15:00+05:30,94.15,98.2,94.0,97.4,252785,7630675,12.799203,23157.9,23300.0,23250,ATM+3,CALL,23100,2026-06-11
2026-06-11 10:16:00+05:30,98.75,101.3,97.4,98.8,391430,7602075,12.675929,23164.95,23300.0,23250,ATM+3,CALL,23100,2026-06-11
2026-06-11 10:17:00+05:30,99.05,102.55,98.65,102.05,313690,7624825,12.822458,23169.15,23300.0,23250,ATM+3,CALL,23100,2026-06-11
2026-06-11 10:18:00+05:30,101.7,104.95,99.0,104.15,350480,7610135,12.874249,23173.0,23300.0,23250,ATM+3,CALL,23100,2026-06-11
2026-06-11 10:19:00+05:30,86.25,88.8,85.5,88.7,205205,3350360,12.824783,23183.15,23350.0,23250,ATM+3,CALL,23100,2026-06-11
2026-06-11 10:20:00+05:30,88.8,93.25,86.7,93.25,465010,3323905,13.008928,23190.25,23350.0,23250,ATM+3,CALL,23100,2026-06-11
2026-06-11 10:21:00+05:30,92.3,93.25,86.9,87.2,232310,3249480,12.719134,23182.15,23350.0,23250,ATM+3,CALL,23100,2026-06-11
2026-06-11 10:22:00+05:30,88.0,89.25,86.9,87.45,109265,3228160,12.82002,23179.9,23350.0,23250,ATM+3,CALL,23100,2026-06-11
2026-06-11 10:23:00+05:30,87.75,90.15,87.45,89.35,113230,3205150,12.944469,23181.55,23350.0,23250,ATM+3,CALL,23100,2026-06-11
2026-06-11 10:24:00+05:30,88.2,89.35,85.55,87.4,94445,3224780,12.8223,23179.75,23350.0,23250,ATM+3,CALL,23100,2026-06-11
2026-06-11 10:25:00+05:30,87.8,88.1,85.95,86.4,89700,3221920,12.742078,23179.35,23350.0,23250,ATM+3,CALL,23100,2026-06-11
2026-06-11 10:26:00+05:30,86.75,92.6,86.3,91.85,190970,3238170,12.783413,23193.15,23350.0,23250,ATM+3,CALL,23100,2026-06-11
2026-06-11 10:27:00+05:30,92.05,98.75,91.5,98.05,454350,3251430,12.851363,23207.6,23350.0,23250,ATM+3,CALL,23100,2026-06-11
2026-06-11 10:28:00+05:30,98.1,99.1,92.1,94.65,280865,3250065,12.828026,23199.4,23350.0,23250,ATM+3,CALL,23100,2026-06-11
2026-06-11 10:29:00+05:30,94.75,97.15,93.7,95.05,166270,3258320,12.862632,23199.5,23350.0,23250,ATM+3,CALL,23100,2026-06-11
2026-06-11 10:30:00+05:30,95.9,97.85,89.15,90.3,235560,3241810,12.788998,23188.9,23350.0,23250,ATM+3,CALL,23100,2026-06-11
2026-06-11 10:31:00+05:30,89.8,93.15,88.5,92.65,185900,3240900,12.653758,23199.15,23350.0,23250,ATM+3,CALL,23100,2026-06-11
2026-06-11 10:32:00+05:30,92.4,96.7,90.7,95.05,128570,3249935,12.70688,23204.0,23350.0,23250,ATM+3,CALL,23100,2026-06-11
2026-06-11 10:33:00+05:30,93.9,95.05,90.75,93.4,105950,3274765,12.73247,23198.95,23350.0,23250,ATM+3,CALL,23100,2026-06-11
2026-06-11 10:34:00+05:30,93.05,93.9,92.0,92.85,66495,3282240,12.617406,23200.8,23350.0,23250,ATM+3,CALL,23100,2026-06-11
2026-06-11 10:35:00+05:30,93.1,96.3,92.85,93.45,118235,3283995,12.653047,23201.4,23350.0,23250,ATM+3,CALL,23100,2026-06-11
2026-06-11 10:36:00+05:30,93.45,93.45,90.2,91.65,103610,3289260,12.66837,23196.2,23350.0,23250,ATM+3,CALL,23100,2026-06-11
2026-06-11 10:37:00+05:30,92.0,93.65,89.7,90.75,83070,3301220,12.734429,23191.9,23350.0,23250,ATM+3,CALL,23100,2026-06-11
2026-06-11 10:38:00+05:30,90.45,93.95,90.45,93.7,66690,3317795,12.759957,23199.1,23350.0,23250,ATM+3,CALL,23100,2026-06-11
2026-06-11 10:39:00+05:30,94.55,97.35,93.0,96.5,152555,3298165,12.725335,23207.45,23350.0,23250,ATM+3,CALL,23100,2026-06-11
2026-06-11 10:40:00+05:30,96.45,98.3,94.85,97.9,162890,3284840,12.67831,23212.4,23350.0,23250,ATM+3,CALL,23100,2026-06-11
2026-06-11 10:41:00+05:30,98.05,98.4,93.85,94.1,192140,3286790,12.646937,23203.45,23350.0,23250,ATM+3,CALL,23100,2026-06-11
2026-06-11 10:42:00+05:30,94.8,95.85,92.3,95.65,124865,3262545,12.706546,23205.85,23350.0,23250,ATM+3,CALL,23100,2026-06-11
2026-06-11 10:43:00+05:30,95.75,96.3,93.7,94.2,76440,3272360,12.705771,23202.1,23350.0,23250,ATM+3,CALL,23100,2026-06-11
2026-06-11 10:44:00+05:30,94.25,95.6,92.35,95.6,88400,3270605,12.739335,23204.85,23350.0,23250,ATM+3,CALL,23100,2026-06-11
2026-06-11 10:45:00+05:30,94.95,95.6,91.4,94.85,83655,3270410,12.679678,23204.6,23350.0,23250,ATM+3,CALL,23100,2026-06-11
2026-06-11 10:46:00+05:30,94.9,97.2,93.65,94.2,102635,3235765,12.549555,23206.6,23350.0,23250,ATM+3,CALL,23100,2026-06-11
2026-06-11 10:47:00+05:30,93.8,96.85,93.65,96.6,46800,3250780,12.638785,23210.35,23350.0,23250,ATM+3,CALL,23100,2026-06-11
2026-06-11 10:48:00+05:30,96.45,97.65,92.6,94.45,120250,3243955,12.606539,23205.7,23350.0,23250,ATM+3,CALL,23100,2026-06-11
2026-06-11 10:49:00+05:30,94.5,94.7,90.55,90.55,82550,3260725,12.663181,23193.75,23350.0,23250,ATM+3,CALL,23100,2026-06-11
2026-06-11 10:50:00+05:30,90.35,90.55,87.3,87.7,173095,3227900,12.649376,23186.4,23350.0,23250,ATM+3,CALL,23100,2026-06-11
2026-06-11 10:51:00+05:30,88.5,92.95,87.7,89.95,100035,3246620,12.73853,23190.0,23350.0,23250,ATM+3,CALL,23100,2026-06-11
2026-06-11 10:52:00+05:30,90.25,92.25,88.95,89.45,64415,3262740,12.759634,23188.05,23350.0,23250,ATM+3,CALL,23100,2026-06-11
2026-06-11 10:53:00+05:30,107.9,108.3,102.0,102.4,364390,7282730,12.678576,23174.9,23300.0,23250,ATM+3,CALL,23100,2026-06-11
2026-06-11 10:54:00+05:30,102.7,104.6,101.1,103.35,224835,7296770,12.7738,23174.7,23300.0,23250,ATM+3,CALL,23100,2026-06-11
2026-06-11 10:55:00+05:30,102.6,103.65,100.5,102.05,257920,7359625,12.711124,23173.2,23300.0,23250,ATM+3,CALL,23100,2026-06-11
2026-06-11 10:56:00+05:30,84.0,87.05,83.5,86.45,100490,3244800,12.761455,23179.8,23350.0,23250,ATM+3,CALL,23100,2026-06-11
2026-06-11 10:57:00+05:30,86.25,86.55,83.9,84.8,66950,3252860,12.689898,23177.3,23350.0,23250,ATM+3,CALL,23100,2026-06-11
2026-06-11 10:58:00+05:30,84.2,86.0,82.8,83.6,71305,3264365,12.631795,23175.65,23350.0,23250,ATM+3,CALL,23100,2026-06-11
2026-06-11 10:59:00+05:30,83.35,86.1,81.6,85.05,89830,3269695,12.740893,23176.55,23350.0,23250,ATM+3,CALL,23100,2026-06-11
2026-06-11 11:00:00+05:30,103.2,105.3,99.8,99.85,201695,7404735,12.651611,23169.45,23300.0,23250,ATM+3,CALL,23100,2026-06-11
2026-06-11 11:01:00+05:30,99.3,102.6,98.2,99.95,290160,7395635,12.745595,23167.15,23300.0,23250,ATM+3,CALL,23100,2026-06-11
2026-06-11 11:02:00+05:30,100.6,101.0,99.0,99.8,184210,7419035,12.705467,23167.9,23300.0,23250,ATM+3,CALL,23100,2026-06-11
2026-06-11 11:03:00+05:30,81.55,86.0,80.95,86.0,69030,3291535,12.703451,23180.45,23350.0,23250,ATM+3,CALL,23100,2026-06-11
2026-06-11 11:04:00+05:30,86.65,88.6,85.4,85.5,182000,3289715,12.617953,23181.6,23350.0,23250,ATM+3,CALL,23100,2026-06-11
2026-06-11 11:05:00+05:30,86.5,92.7,85.5,92.1,204360,3288675,12.61244,23199.8,23350.0,23250,ATM+3,CALL,23100,2026-06-11
2026-06-11 11:06:00+05:30,92.65,93.75,89.2,93.15,205530,3298945,12.556275,23204.2,23350.0,23250,ATM+3,CALL,23100,2026-06-11
2026-06-11 11:07:00+05:30,93.65,94.85,87.4,87.4,181870,3277105,12.512206,23190.05,23350.0,23250,ATM+3,CALL,23100,2026-06-11
2026-06-11 11:08:00+05:30,87.7,90.8,86.8,88.9,117910,3279250,12.490294,23194.8,23350.0,23250,ATM+3,CALL,23100,2026-06-11
2026-06-11 11:09:00+05:30,88.4,88.9,83.85,87.7,125255,3288935,12.421777,23193.55,23350.0,23250,ATM+3,CALL,23100,2026-06-11
2026-06-11 11:10:00+05:30,87.9,88.7,85.55,88.15,54795,3295890,12.5358,23191.5,23350.0,23250,ATM+3,CALL,23100,2026-06-11
2026-06-11 11:11:00+05:30,87.95,89.2,86.35,87.2,65715,3307720,12.526351,23189.2,23350.0,23250,ATM+3,CALL,23100,2026-06-11
2026-06-11 11:12:00+05:30,86.85,87.7,85.35,86.65,51285,3319810,12.550733,23187.0,23350.0,23250,ATM+3,CALL,23100,2026-06-11
2026-06-11 11:13:00+05:30,86.65,88.8,85.8,86.8,83655,3322085,12.625681,23185.25,23350.0,23250,ATM+3,CALL,23100,2026-06-11
2026-06-11 11:14:00+05:30,86.75,88.15,84.9,86.1,59150,3331055,12.630163,23183.2,23350.0,23250,ATM+3,CALL,23100,2026-06-11
2026-06-11 11:15:00+05:30,86.25,88.2,85.45,87.65,65520,3347175,12.605259,23188.25,23350.0,23250,ATM+3,CALL,23100,2026-06-11
2026-06-11 11:16:00+05:30,87.9,88.55,86.0,87.5,43875,3344900,12.550849,23189.45,23350.0,23250,ATM+3,CALL,23100,2026-06-11
2026-06-11 11:17:00+05:30,87.2,89.75,85.5,88.85,96785,3333135,12.523644,23193.95,23350.0,23250,ATM+3,CALL,23100,2026-06-11
2026-06-11 11:18:00+05:30,88.75,93.45,88.0,93.0,140270,3340740,12.520253,23205.15,23350.0,23250,ATM+3,CALL,23100,2026-06-11
2026-06-11 11:19:00+05:30,93.7,94.55,91.15,92.05,157365,3322605,12.492863,23203.45,23350.0,23250,ATM+3,CALL,23100,2026-06-11
2026-06-11 11:20:00+05:30,91.95,96.15,90.7,95.65,155350,3331770,12.50401,23212.55,23350.0,23250,ATM+3,CALL,23100,2026-06-11
2026-06-11 11:21:00+05:30,96.0,100.1,95.55,99.25,357630,3308240,12.556057,23220.3,23350.0,23250,ATM+3,CALL,23100,2026-06-11
2026-06-11 11:22:00+05:30,99.6,100.05,96.5,96.7,273910,3294590,12.547137,23214.1,23350.0,23250,ATM+3,CALL,23100,2026-06-11
2026-06-11 11:23:00+05:30,96.6,100.45,95.3,95.3,217035,3288025,12.456596,23213.05,23350.0,23250,ATM+3,CALL,23100,2026-06-11
2026-06-11 11:24:00+05:30,95.9,98.5,94.45,98.5,121355,3298620,12.555601,23218.5,23350.0,23250,ATM+3,CALL,23100,2026-06-11
2026-06-11 11:25:00+05:30,98.15,100.2,97.1,97.55,187395,3275740,12.567029,23215.8,23350.0,23250,ATM+3,CALL,23100,2026-06-11
2026-06-11 11:26:00+05:30,79.85,85.55,79.85,85.55,452855,6552845,12.719021,23228.5,23400.0,23250,ATM+3,CALL,23100,2026-06-11
2026-06-11 11:27:00+05:30,85.55,90.5,85.55,89.25,662610,6439160,12.880255,23234.1,23400.0,23250,ATM+3,CALL,23100,2026-06-11
2026-06-11 11:28:00+05:30,89.2,89.85,86.65,88.5,374270,6355765,12.743715,23236.05,23400.0,23250,ATM+3,CALL,23100,2026-06-11
2026-06-11 11:29:00+05:30,87.75,89.0,85.0,88.85,303160,6347445,12.798251,23235.45,23400.0,23250,ATM+3,CALL,23100,2026-06-11
2026-06-11 11:30:00+05:30,88.65,91.35,86.8,86.85,453050,6278415,12.584724,23236.2,23400.0,23250,ATM+3,CALL,23100,2026-06-11
2026-06-11 11:31:00+05:30,87.8,88.75,83.7,85.2,287495,6266650,12.764668,23226.3,23400.0,23250,ATM+3,CALL,23100,2026-06-11
2026-06-11 11:32:00+05:30,85.0,85.2,82.45,83.9,186355,6239935,12.646662,23226.15,23400.0,23250,ATM+3,CALL,23100,2026-06-11
2026-06-11 11:33:00+05:30,84.0,88.6,83.9,87.0,204035,6234020,12.692166,23233.55,23400.0,23250,ATM+3,CALL,23100,2026-06-11
2026-06-11 11:34:00+05:30,86.8,87.0,82.8,82.8,164645,6236295,12.536787,23226.35,23400.0,23250,ATM+3,CALL,23100,2026-06-11
2026-06-11 11:35:00+05:30,83.3,86.6,81.6,86.6,236470,6228495,12.628978,23234.35,23400.0,23250,ATM+3,CALL,23100,2026-06-11
2026-06-11 11:36:00+05:30,104.75,105.0,98.75,99.1,86645,3408145,12.507468,23221.65,23350.0,23250,ATM+3,CALL,23100,2026-06-11
2026-06-11 11:37:00+05:30,99.65,100.9,98.9,98.9,100880,3420950,12.621359,23218.05,23350.0,23250,ATM+3,CALL,23100,2026-06-11
2026-06-11 11:38:00+05:30,99.05,99.8,96.3,96.3,100490,3419000,12.482346,23215.3,23350.0,23250,ATM+3,CALL,23100,2026-06-11
2026-06-11 11:39:00+05:30,96.0,99.7,94.9,99.4,115505,3424265,12.490303,23222.95,23350.0,23250,ATM+3,CALL,23100,2026-06-11
2026-06-11 11:40:00+05:30,99.15,101.55,97.8,98.55,118950,3432975,12.40959,23223.05,23350.0,23250,ATM+3,CALL,23100,2026-06-11
2026-06-11 11:41:00+05:30,80.25,84.5,79.8,83.95,117455,6169735,12.520405,23230.3,23400.0,23250,ATM+3,CALL,23100,2026-06-11
2026-06-11 11:42:00+05:30,83.5,91.0,83.4,90.6,402415,6134635,12.659785,23244.6,23400.0,23250,ATM+3,CALL,23100,2026-06-11
2026-06-11 11:43:00+05:30,90.4,90.6,87.55,88.8,233090,6097325,12.597388,23241.55,23400.0,23250,ATM+3,CALL,23100,2026-06-11
2026-06-11 11:44:00+05:30,88.55,94.35,88.3,94.35,441610,6067425,12.69252,23253.7,23400.0,23250,ATM+3,CALL,23100,2026-06-11
2026-06-11 11:45:00+05:30,95.55,97.4,93.15,95.15,501670,5974475,12.755412,23254.05,23400.0,23250,ATM+3,CALL,23100,2026-06-11
2026-06-11 11:46:00+05:30,94.5,97.05,93.7,97.05,222430,5943535,12.799053,23257.8,23400.0,23250,ATM+3,CALL,23100,2026-06-11
2026-06-11 11:47:00+05:30,96.85,103.7,94.7,103.35,620295,5832060,12.967713,23269.2,23400.0,23250,ATM+3,CALL,23100,2026-06-11
2026-06-11 11:48:00+05:30,104.25,104.25,98.45,100.9,443235,5799820,12.775092,23268.35,23400.0,23250,ATM+3,CALL,23100,2026-06-11
2026-06-11 11:49:00+05:30,100.3,100.9,97.0,99.0,273585,5788770,12.715848,23265.2,23400.0,23250,ATM+3,CALL,23100,2026-06-11
2026-06-11 11:50:00+05:30,99.5,103.0,99.0,102.0,261235,5775120,12.678297,23273.8,23400.0,23250,ATM+3,CALL,23100,2026-06-11
2026-06-11 11:51:00+05:30,102.2,103.4,100.15,100.5,268840,5770245,12.721276,23268.9,23400.0,23250,ATM+3,CALL,23100,2026-06-11
2026-06-11 11:52:00+05:30,100.5,102.2,98.8,102.2,273715,5777265,12.834346,23270.1,23400.0,23250,ATM+3,CALL,23100,2026-06-11
2026-06-11 11:53:00+05:30,101.45,102.2,100.2,101.75,175500,5756790,12.647328,23274.1,23400.0,23250,ATM+3,CALL,23100,2026-06-11
2026-06-11 11:54:00+05:30,102.2,104.95,100.45,101.1,322010,5728255,12.631069,23272.95,23400.0,23250,ATM+3,CALL,23100,2026-06-11
2026-06-11 11:55:00+05:30,101.95,104.35,101.1,101.6,208390,5709860,12.646593,23273.8,23400.0,23250,ATM+3,CALL,23100,2026-06-11
2026-06-11 11:56:00+05:30,83.4,91.65,81.65,90.3,344565,2061475,12.936474,23285.3,23450.0,23250,ATM+3,CALL,23100,2026-06-11
2026-06-11 11:57:00+05:30,89.85,90.3,87.4,89.15,222040,2124265,12.841045,23284.95,23450.0,23250,ATM+3,CALL,23100,2026-06-11
2026-06-11 11:58:00+05:30,89.15,92.25,88.5,89.65,246025,2147470,12.68462,23290.9,23450.0,23250,ATM+3,CALL,23100,2026-06-11
2026-06-11 11:59:00+05:30,89.45,89.65,86.2,86.45,165295,2161315,12.649182,23283.15,23450.0,23250,ATM+3,CALL,23100,2026-06-11
2026-06-11 12:00:00+05:30,87.5,90.1,86.45,87.05,110630,2171195,12.659285,23284.55,23450.0,23250,ATM+3,CALL,23100,2026-06-11
2026-06-11 12:01:00+05:30,87.05,90.6,87.05,89.45,103545,2165995,12.749696,23288.55,23450.0,23250,ATM+3,CALL,23100,2026-06-11
2026-06-11 12:02:00+05:30,90.15,90.25,87.6,88.3,92625,2159235,12.740055,23285.7,23450.0,23250,ATM+3,CALL,23100,2026-06-11
2026-06-11 12:03:00+05:30,88.2,90.7,87.6,90.1,65000,2164695,12.762818,23290.0,23450.0,23250,ATM+3,CALL,23100,2026-06-11
2026-06-11 12:04:00+05:30,89.5,90.1,87.25,87.55,52975,2164890,12.636986,23286.7,23450.0,23250,ATM+3,CALL,23100,2026-06-11
2026-06-11 12:05:00+05:30,87.8,88.75,83.4,84.6,172510,2150850,12.5472,23281.15,23450.0,23250,ATM+3,CALL,23100,2026-06-11
2026-06-11 12:06:00+05:30,85.6,87.35,84.1,87.0,80405,2152800,12.743764,23282.1,23450.0,23250,ATM+3,CALL,23100,2026-06-11
2026-06-11 12:07:00+05:30,86.9,91.05,86.7,90.65,142155,2148510,12.808041,23290.3,23450.0,23250,ATM+3,CALL,23100,2026-06-11
2026-06-11 12:08:00+05:30,90.6,91.0,86.3,87.0,105040,2156765,12.657184,23284.7,23450.0,23250,ATM+3,CALL,23100,2026-06-11
2026-06-11 12:09:00+05:30,87.6,88.4,85.9,86.05,75075,2170025,12.617538,23283.25,23450.0,23250,ATM+3,CALL,23100,2026-06-11
2026-06-11 12:10:00+05:30,86.5,86.6,84.1,85.1,78325,2157090,12.682324,23278.7,23450.0,23250,ATM+3,CALL,23100,2026-06-11
2026-06-11 12:11:00+05:30,85.0,86.0,82.55,83.5,101205,2159885,12.56947,23277.55,23450.0,23250,ATM+3,CALL,23100,2026-06-11
2026-06-11 12:12:00+05:30,84.35,85.45,82.55,85.15,67600,2163135,12.535051,23283.25,23450.0,23250,ATM+3,CALL,23100,2026-06-11
2026-06-11 12:13:00+05:30,85.65,87.25,84.2,85.9,56095,2172950,12.498229,23286.45,23450.0,23250,ATM+3,CALL,23100,2026-06-11
2026-06-11 12:14:00+05:30,85.0,87.25,84.15,87.25,93405,2179580,12.589223,23287.55,23450.0,23250,ATM+3,CALL,23100,2026-06-11
2026-06-11 12:15:00+05:30,87.1,94.85,87.1,92.6,386295,2174185,12.621844,23301.1,23450.0,23250,ATM+3,CALL,23100,2026-06-11
2026-06-11 12:16:00+05:30,93.3,94.55,88.8,94.25,215540,2193360,12.659897,23304.4,23450.0,23250,ATM+3,CALL,23100,2026-06-11
2026-06-11 12:17:00+05:30,93.9,95.25,89.5,90.2,229970,2229110,12.520453,23297.65,23450.0,23250,ATM+3,CALL,23100,2026-06-11
2026-06-11 12:18:00+05:30,90.15,90.65,88.0,88.25,93275,2238340,12.454924,23294.3,23450.0,23250,ATM+3,CALL,23100,2026-06-11
2026-06-11 12:19:00+05:30,88.9,89.25,86.15,86.2,78325,2240420,12.428056,23289.5,23450.0,23250,ATM+3,CALL,23100,2026-06-11
2026-06-11 12:20:00+05:30,86.3,87.6,84.05,84.3,116415,2238470,12.438248,23283.95,23450.0,23250,ATM+3,CALL,23100,2026-06-11
2026-06-11 12:21:00+05:30,84.45,86.3,83.0,85.65,91325,2241525,12.592868,23283.2,23450.0,23250,ATM+3,CALL,23100,2026-06-11
2026-06-11 12:22:00+05:30,85.9,87.75,85.15,86.65,61815,2242370,12.547079,23287.35,23450.0,23250,ATM+3,CALL,23100,2026-06-11
2026-06-11 12:23:00+05:30,87.15,90.1,85.8,89.45,75335,2241850,12.605373,23293.35,23450.0,23250,ATM+3,CALL,23100,2026-06-11
2026-06-11 12:24:00+05:30,89.2,89.45,86.55,89.0,55185,2246465,12.619389,23291.75,23450.0,23250,ATM+3,CALL,23100,2026-06-11
2026-06-11 12:25:00+05:30,88.65,89.0,85.9,87.2,45240,2250625,12.555693,23288.7,23450.0,23250,ATM+3,CALL,23100,2026-06-11
2026-06-11 12:26:00+05:30,87.05,91.05,87.05,88.05,68705,2242630,12.50083,23292.65,23450.0,23250,ATM+3,CALL,23100,2026-06-11
2026-06-11 12:27:00+05:30,88.3,89.9,88.05,89.3,59800,2246985,12.612468,23292.85,23450.0,23250,ATM+3,CALL,23100,2026-06-11
2026-06-11 12:28:00+05:30,89.25,92.45,87.55,91.95,81055,2247765,12.584391,23300.8,23450.0,23250,ATM+3,CALL,23100,2026-06-11
2026-06-11 12:29:00+05:30,91.45,92.85,89.9,90.5,78195,2248415,12.56187,23297.6,23450.0,23250,ATM+3,CALL,23100,2026-06-11
2026-06-11 12:30:00+05:30,91.35,97.5,90.5,94.75,246610,2248415,12.66502,23305.95,23450.0,23250,ATM+3,CALL,23100,2026-06-11
2026-06-11 12:31:00+05:30,94.75,100.15,93.45,98.55,326820,2243995,12.656791,23316.0,23450.0,23250,ATM+3,CALL,23100,2026-06-11
2026-06-11 12:32:00+05:30,99.1,102.3,98.3,100.65,348335,2307955,12.701655,23320.1,23450.0,23250,ATM+3,CALL,23100,2026-06-11
2026-06-11 12:33:00+05:30,100.8,100.8,98.25,100.1,122655,2356900,12.799622,23316.05,23450.0,23250,ATM+3,CALL,23100,2026-06-11
2026-06-11 12:34:00+05:30,99.65,100.95,97.5,100.95,118950,2355080,12.659772,23322.05,23450.0,23250,ATM+3,CALL,23100,2026-06-11
2026-06-11 12:35:00+05:30,101.55,103.3,92.6,95.45,301600,2358980,12.477499,23313.15,23450.0,23250,ATM+3,CALL,23100,2026-06-11
2026-06-11 12:36:00+05:30,96.2,96.5,92.7,94.1,103805,2394340,12.544727,23307.8,23450.0,23250,ATM+3,CALL,23100,2026-06-11
2026-06-11 12:37:00+05:30,94.3,95.1,90.35,91.2,138710,2405975,12.792078,23293.1,23450.0,23250,ATM+3,CALL,23100,2026-06-11
2026-06-11 12:38:00+05:30,92.0,92.3,88.45,89.15,121355,2411630,12.581308,23293.65,23450.0,23250,ATM+3,CALL,23100,2026-06-11
2026-06-11 12:39:00+05:30,89.5,93.35,89.15,93.15,107575,2414425,12.817841,23297.65,23450.0,23250,ATM+3,CALL,23100,2026-06-11
2026-06-11 12:40:00+05:30,93.6,93.95,91.2,91.9,54860,2422160,12.693135,23297.9,23450.0,23250,ATM+3,CALL,23100,2026-06-11
2026-06-11 12:41:00+05:30,92.0,93.4,90.55,91.1,68445,2427490,12.715247,23295.15,23450.0,23250,ATM+3,CALL,23100,2026-06-11
2026-06-11 12:42:00+05:30,91.2,92.95,89.25,91.35,66365,2431975,12.690808,23296.55,23450.0,23250,ATM+3,CALL,23100,2026-06-11
2026-06-11 12:43:00+05:30,91.15,92.0,87.5,90.7,97110,2433470,12.737094,23293.5,23450.0,23250,ATM+3,CALL,23100,2026-06-11
2026-06-11 12:44:00+05:30,90.45,93.0,89.95,91.85,53560,2439060,12.755351,23296.1,23450.0,23250,ATM+3,CALL,23100,2026-06-11
2026-06-11 12:45:00+05:30,91.5,92.3,89.8,91.75,59865,2440750,12.783632,23295.05,23450.0,23250,ATM+3,CALL,23100,2026-06-11
2026-06-11 12:46:00+05:30,93.5,96.6,91.75,95.35,142350,2453035,12.897954,23301.4,23450.0,23250,ATM+3,CALL,23100,2026-06-11
2026-06-11 12:47:00+05:30,94.9,96.05,90.4,91.45,77220,2460965,12.820187,23293.25,23450.0,23250,ATM+3,CALL,23100,2026-06-11
2026-06-11 12:48:00+05:30,91.4,92.15,88.1,88.45,93275,2464475,12.785489,23286.1,23450.0,23250,ATM+3,CALL,23100,2026-06-11
2026-06-11 12:49:00+05:30,88.35,89.85,83.05,83.65,190320,2479880,12.691097,23275.45,23450.0,23250,ATM+3,CALL,23100,2026-06-11
2026-06-11 12:50:00+05:30,83.65,88.1,83.6,87.95,119145,2483390,12.866762,23282.4,23450.0,23250,ATM+3,CALL,23100,2026-06-11
2026-06-11 12:51:00+05:30,88.6,90.65,86.0,86.5,107965,2481115,12.775922,23281.05,23450.0,23250,ATM+3,CALL,23100,2026-06-11
2026-06-11 12:52:00+05:30,86.65,87.0,84.9,85.75,57200,2481765,12.771641,23279.1,23450.0,23250,ATM+3,CALL,23100,2026-06-11
2026-06-11 12:53:00+05:30,86.05,89.4,85.75,88.35,61880,2498340,12.830678,23284.65,23450.0,23250,ATM+3,CALL,23100,2026-06-11
2026-06-11 12:54:00+05:30,87.7,88.9,87.3,88.9,24700,2497430,13.147867,23276.95,23450.0,23250,ATM+3,CALL,23100,2026-06-11
2026-06-11 12:55:00+05:30,88.9,88.9,88.9,88.9,0,2497430,13.147869,23276.95,23450.0,23250,ATM+3,CALL,23100,2026-06-11
2026-06-11 12:56:00+05:30,86.15,89.8,86.1,86.8,159445,2518490,12.744634,23282.95,23450.0,23250,ATM+3,CALL,23100,2026-06-11
2026-06-11 12:57:00+05:30,87.5,95.4,86.8,94.9,123825,2510105,12.951741,23299.0,23450.0,23250,ATM+3,CALL,23100,2026-06-11
2026-06-11 12:58:00+05:30,95.05,98.85,94.75,97.35,206960,2490670,13.01085,23303.8,23450.0,23250,ATM+3,CALL,23100,2026-06-11
2026-06-11 12:59:00+05:30,96.65,100.45,94.0,100.45,176995,2480725,13.140027,23308.25,23450.0,23250,ATM+3,CALL,23100,2026-06-11
2026-06-11 13:00:00+05:30,99.95,106.75,99.95,105.05,494195,2471755,12.983878,23324.15,23450.0,23250,ATM+3,CALL,23100,2026-06-11
2026-06-11 13:01:00+05:30,105.85,106.45,99.0,99.0,201955,2477475,12.796689,23314.1,23450.0,23250,ATM+3,CALL,23100,2026-06-11
2026-06-11 13:02:00+05:30,100.6,100.6,94.55,97.7,166335,2481765,12.941996,23306.75,23450.0,23250,ATM+3,CALL,23100,2026-06-11
2026-06-11 13:03:00+05:30,97.35,97.7,95.0,95.5,69940,2483845,12.831234,23304.15,23450.0,23250,ATM+3,CALL,23100,2026-06-11
2026-06-11 13:04:00+05:30,95.3,95.8,93.1,93.25,67210,2485080,12.712754,23301.6,23450.0,23250,ATM+3,CALL,23100,2026-06-11
2026-06-11 13:05:00+05:30,94.15,95.95,93.15,95.0,64220,2484755,12.838131,23302.7,23450.0,23250,ATM+3,CALL,23100,2026-06-11
2026-06-11 13:06:00+05:30,95.15,96.15,93.8,94.7,50375,2489435,12.853661,23301.5,23450.0,23250,ATM+3,CALL,23100,2026-06-11
2026-06-11 13:07:00+05:30,94.6,96.25,93.1,93.1,70135,2493205,12.791602,23299.05,23450.0,23250,ATM+3,CALL,23100,2026-06-11
2026-06-11 13:08:00+05:30,92.9,93.4,90.35,91.55,92625,2492750,12.897365,23291.9,23450.0,23250,ATM+3,CALL,23100,2026-06-11
2026-06-11 13:09:00+05:30,91.8,92.0,86.35,86.6,115765,2492100,12.816738,23280.65,23450.0,23250,ATM+3,CALL,23100,2026-06-11
2026-06-11 13:10:00+05:30,86.9,88.4,86.15,87.7,95745,2496780,12.859338,23282.5,23450.0,23250,ATM+3,CALL,23100,2026-06-11
2026-06-11 13:11:00+05:30,87.5,88.2,84.15,86.15,99255,2502305,12.833568,23278.95,23450.0,23250,ATM+3,CALL,23100,2026-06-11
2026-06-11 13:12:00+05:30,106.0,106.25,99.1,101.5,446615,5395715,12.946699,23267.45,23400.0,23250,ATM+3,CALL,23100,2026-06-11
2026-06-11 13:13:00+05:30,101.45,101.55,97.4,97.4,205075,5355545,12.825949,23260.35,23400.0,23250,ATM+3,CALL,23100,2026-06-11
2026-06-11 13:14:00+05:30,97.4,99.2,97.2,98.1,143455,5374070,12.924441,23259.45,23400.0,23250,ATM+3,CALL,23100,2026-06-11
2026-06-11 13:15:00+05:30,98.8,99.5,97.9,98.25,152490,5401110,12.910519,23260.25,23400.0,23250,ATM+3,CALL,23100,2026-06-11
2026-06-11 13:16:00+05:30,99.8,101.65,96.45,96.65,200915,5407610,12.944078,23255.2,23400.0,23250,ATM+3,CALL,23100,2026-06-11
2026-06-11 13:17:00+05:30,96.35,100.0,93.75,98.95,344565,5416320,12.8689,23263.25,23400.0,23250,ATM+3,CALL,23100,2026-06-11
2026-06-11 13:18:00+05:30,98.0,98.95,95.2,96.9,183820,5411705,13.021254,23253.75,23400.0,23250,ATM+3,CALL,23100,2026-06-11
2026-06-11 13:19:00+05:30,96.9,98.25,94.75,94.75,143000,5366660,12.80894,23254.1,23400.0,23250,ATM+3,CALL,23100,2026-06-11
2026-06-11 13:20:00+05:30,95.15,95.15,90.1,90.95,367380,5382715,12.58491,23250.4,23400.0,23250,ATM+3,CALL,23100,2026-06-11
2026-06-11 13:21:00+05:30,90.65,90.95,84.8,84.8,543335,5322525,12.407765,23238.8,23400.0,23250,ATM+3,CALL,23100,2026-06-11
2026-06-11 13:22:00+05:30,84.7,85.15,83.15,83.15,452205,5217290,12.605278,23228.4,23400.0,23250,ATM+3,CALL,23100,2026-06-11
2026-06-11 13:23:00+05:30,83.65,91.45,83.15,88.8,536055,5181865,12.616357,23243.8,23400.0,23250,ATM+3,CALL,23100,2026-06-11
2026-06-11 13:24:00+05:30,88.7,90.3,86.8,90.1,179920,5260320,12.896829,23239.3,23400.0,23250,ATM+3,CALL,23100,2026-06-11
2026-06-11 13:25:00+05:30,89.95,90.3,84.9,84.95,260390,5293795,12.631327,23232.8,23400.0,23250,ATM+3,CALL,23100,2026-06-11
2026-06-11 13:26:00+05:30,84.4,84.95,80.9,83.0,387725,5229055,12.706112,23225.1,23400.0,23250,ATM+3,CALL,23100,2026-06-11
2026-06-11 13:27:00+05:30,83.3,85.1,82.7,83.65,179790,5275075,12.58361,23230.6,23400.0,23250,ATM+3,CALL,23100,2026-06-11
2026-06-11 13:28:00+05:30,83.5,86.75,82.55,85.55,205140,5312645,12.65403,23233.9,23400.0,23250,ATM+3,CALL,23100,2026-06-11
2026-06-11 13:29:00+05:30,85.6,88.8,85.35,88.5,314275,5380050,12.625149,23242.9,23400.0,23250,ATM+3,CALL,23100,2026-06-11
2026-06-11 13:30:00+05:30,88.2,98.0,88.2,94.15,712790,5472155,12.642377,23257.5,23400.0,23250,ATM+3,CALL,23100,2026-06-11
2026-06-11 13:31:00+05:30,93.75,94.9,90.5,94.9,291070,5539495,12.742021,23256.7,23400.0,23250,ATM+3,CALL,23100,2026-06-11
2026-06-11 13:32:00+05:30,95.8,97.65,94.4,97.4,374725,5568225,12.756306,23262.8,23400.0,23250,ATM+3,CALL,23100,2026-06-11
2026-06-11 13:33:00+05:30,96.35,98.85,94.0,94.2,361140,5526755,12.605235,23258.75,23400.0,23250,ATM+3,CALL,23100,2026-06-11
2026-06-11 13:34:00+05:30,93.5,94.2,87.9,88.0,345410,5522335,12.556592,23243.65,23400.0,23250,ATM+3,CALL,23100,2026-06-11
2026-06-11 13:35:00+05:30,88.65,92.0,88.0,90.9,207090,5556915,12.64419,23249.0,23400.0,23250,ATM+3,CALL,23100,2026-06-11
2026-06-11 13:36:00+05:30,90.65,94.65,89.95,94.65,180115,5617235,12.737921,23256.3,23400.0,23250,ATM+3,CALL,23100,2026-06-11
2026-06-11 13:37:00+05:30,94.3,94.65,90.7,91.35,192660,5654805,12.614432,23251.1,23400.0,23250,ATM+3,CALL,23100,2026-06-11
2026-06-11 13:38:00+05:30,90.95,91.35,86.6,87.15,346970,5662020,12.523323,23242.4,23400.0,23250,ATM+3,CALL,23100,2026-06-11
2026-06-11 13:39:00+05:30,87.6,87.6,83.1,84.0,362895,5671510,12.557399,23232.7,23400.0,23250,ATM+3,CALL,23100,2026-06-11
2026-06-11 13:40:00+05:30,84.5,87.75,83.15,83.15,158860,5714215,12.475159,23232.75,23400.0,23250,ATM+3,CALL,23100,2026-06-11
2026-06-11 13:41:00+05:30,83.8,84.85,82.1,84.0,154180,5728970,12.668199,23229.5,23400.0,23250,ATM+3,CALL,23100,2026-06-11
2026-06-11 13:42:00+05:30,84.25,85.95,84.0,84.35,113360,5740605,12.696,23229.7,23400.0,23250,ATM+3,CALL,23100,2026-06-11
2026-06-11 13:43:00+05:30,103.1,104.1,98.2,100.2,155415,2840695,12.814406,23219.45,23350.0,23250,ATM+3,CALL,23100,2026-06-11
2026-06-11 13:44:00+05:30,99.95,102.3,96.65,101.1,123370,2845245,12.734373,23223.9,23350.0,23250,ATM+3,CALL,23100,2026-06-11
2026-06-11 13:45:00+05:30,101.0,101.55,99.3,99.3,84045,2855840,12.670433,23221.15,23350.0,23250,ATM+3,CALL,23100,2026-06-11
2026-06-11 13:46:00+05:30,80.65,84.6,79.05,84.6,182520,5780710,12.791882,23227.7,23400.0,23250,ATM+3,CALL,23100,2026-06-11
2026-06-11 13:47:00+05:30,84.55,88.55,84.55,85.25,424710,5767190,12.68325,23232.75,23400.0,23250,ATM+3,CALL,23100,2026-06-11
2026-06-11 13:48:00+05:30,85.0,87.45,84.3,84.55,174330,5792280,12.644461,23231.95,23400.0,23250,ATM+3,CALL,23100,2026-06-11
2026-06-11 13:49:00+05:30,84.7,85.45,82.85,84.05,162630,5836350,12.65194,23230.35,23400.0,23250,ATM+3,CALL,23100,2026-06-11
2026-06-11 13:50:00+05:30,103.75,103.75,101.0,101.4,61360,2920125,12.756952,23224.2,23350.0,23250,ATM+3,CALL,23100,2026-06-11
2026-06-11 13:51:00+05:30,83.95,84.85,81.5,84.0,124085,5886010,12.789891,23226.2,23400.0,23250,ATM+3,CALL,23100,2026-06-11
2026-06-11 13:52:00+05:30,84.05,86.1,81.7,86.1,134615,5893355,12.865278,23229.95,23400.0,23250,ATM+3,CALL,23100,2026-06-11
2026-06-11 13:53:00+05:30,85.9,87.8,85.0,87.0,177060,5892445,12.750088,23235.85,23400.0,23250,ATM+3,CALL,23100,2026-06-11
2026-06-11 13:54:00+05:30,86.7,87.5,84.5,86.5,147680,5912660,12.749753,23234.5,23400.0,23250,ATM+3,CALL,23100,2026-06-11
2026-06-11 13:55:00+05:30,85.85,87.4,83.8,87.4,100360,5911230,12.785059,23236.0,23400.0,23250,ATM+3,CALL,23100,2026-06-11
2026-06-11 13:56:00+05:30,86.65,88.8,85.9,88.0,151580,5917470,12.694496,23240.3,23400.0,23250,ATM+3,CALL,23100,2026-06-11
2026-06-11 13:57:00+05:30,88.45,90.2,86.2,86.95,203905,5865730,12.630205,23239.3,23400.0,23250,ATM+3,CALL,23100,2026-06-11
2026-06-11 13:58:00+05:30,87.2,91.25,86.7,90.4,234845,5865730,12.653085,23248.05,23400.0,23250,ATM+3,CALL,23100,2026-06-11
2026-06-11 13:59:00+05:30,89.45,90.4,83.5,84.9,272610,5872425,12.65293,23233.0,23400.0,23250,ATM+3,CALL,23100,2026-06-11
2026-06-11 14:00:00+05:30,85.1,88.65,83.8,87.85,163020,5900765,12.687639,23240.2,23400.0,23250,ATM+3,CALL,23100,2026-06-11
2026-06-11 14:01:00+05:30,87.35,87.85,85.4,86.2,70135,5903690,12.681572,23235.85,23400.0,23250,ATM+3,CALL,23100,2026-06-11
2026-06-11 14:02:00+05:30,85.5,86.4,84.9,86.0,100425,5920720,12.768132,23232.8,23400.0,23250,ATM+3,CALL,23100,2026-06-11
2026-06-11 14:03:00+05:30,86.15,87.35,85.35,85.5,64740,5902065,12.602873,23236.25,23400.0,23250,ATM+3,CALL,23100,2026-06-11
2026-06-11 14:04:00+05:30,85.5,86.95,84.4,85.7,170495,5936450,12.619533,23236.35,23400.0,23250,ATM+3,CALL,23100,2026-06-11
2026-06-11 14:05:00+05:30,85.45,86.35,81.65,84.65,228475,5986825,12.660465,23232.25,23400.0,23250,ATM+3,CALL,23100,2026-06-11
2026-06-11 14:06:00+05:30,84.7,86.15,83.8,85.15,134095,5966155,12.688901,23232.85,23400.0,23250,ATM+3,CALL,23100,2026-06-11
2026-06-11 14:07:00+05:30,104.7,104.85,96.65,96.65,141765,2948855,12.488453,23220.0,23350.0,23250,ATM+3,CALL,23100,2026-06-11
2026-06-11 14:08:00+05:30,96.85,97.55,92.3,92.3,239395,2930915,12.444493,23210.05,23350.0,23250,ATM+3,CALL,23100,2026-06-11
2026-06-11 14:09:00+05:30,92.7,96.15,91.55,95.8,175110,2884310,12.681083,23212.6,23350.0,23250,ATM+3,CALL,23100,2026-06-11
2026-06-11 14:10:00+05:30,96.3,99.55,94.4,96.1,142610,2891200,12.63744,23214.6,23350.0,23250,ATM+3,CALL,23100,2026-06-11
2026-06-11 14:11:00+05:30,95.5,96.75,93.3,95.7,104130,2915705,12.655582,23213.1,23350.0,23250,ATM+3,CALL,23100,2026-06-11
2026-06-11 14:12:00+05:30,95.85,96.65,93.35,95.0,89505,2910440,12.688851,23210.4,23350.0,23250,ATM+3,CALL,23100,2026-06-11
2026-06-11 14:13:00+05:30,95.7,100.25,94.3,99.65,72800,2918695,12.653102,23223.25,23350.0,23250,ATM+3,CALL,23100,2026-06-11
2026-06-11 14:14:00+05:30,100.2,101.65,97.5,98.5,112450,2907970,12.674673,23219.8,23350.0,23250,ATM+3,CALL,23100,2026-06-11
2026-06-11 14:15:00+05:30,98.55,99.85,96.25,97.85,73710,2912000,12.783766,23215.2,23350.0,23250,ATM+3,CALL,23100,2026-06-11
2026-06-11 14:16:00+05:30,98.0,100.25,97.35,97.6,49920,2909270,12.721267,23216.3,23350.0,23250,ATM+3,CALL,23100,2026-06-11
2026-06-11 14:17:00+05:30,97.55,97.75,95.85,96.25,38545,2919215,12.671112,23214.25,23350.0,23250,ATM+3,CALL,23100,2026-06-11
2026-06-11 14:18:00+05:30,96.55,96.55,92.3,92.75,69160,2929160,12.570151,23208.0,23350.0,23250,ATM+3,CALL,23100,2026-06-11
2026-06-11 14:19:00+05:30,92.7,97.0,91.55,97.0,76570,2942095,12.650053,23216.8,23350.0,23250,ATM+3,CALL,23100,2026-06-11
2026-06-11 14:20:00+05:30,97.25,100.5,96.85,99.45,140660,2949115,12.65077,23223.0,23350.0,23250,ATM+3,CALL,23100,2026-06-11
2026-06-11 14:21:00+05:30,99.45,101.2,98.55,99.85,76375,2964325,12.808954,23219.75,23350.0,23250,ATM+3,CALL,23100,2026-06-11
2026-06-11 14:22:00+05:30,98.55,101.2,98.55,99.8,49595,2965560,12.796093,23220.0,23350.0,23250,ATM+3,CALL,23100,2026-06-11
2026-06-11 14:23:00+05:30,100.0,101.0,93.65,93.8,100230,2975375,12.628737,23209.25,23350.0,23250,ATM+3,CALL,23100,2026-06-11
2026-06-11 14:24:00+05:30,93.95,95.3,93.5,94.95,67860,2957175,12.840275,23206.4,23350.0,23250,ATM+3,CALL,23100,2026-06-11
2026-06-11 14:25:00+05:30,94.8,99.0,94.75,98.55,63635,2967835,12.809635,23216.55,23350.0,23250,ATM+3,CALL,23100,2026-06-11
2026-06-11 14:26:00+05:30,79.85,83.4,79.25,83.2,173550,5943275,12.786134,23225.05,23400.0,23250,ATM+3,CALL,23100,2026-06-11
2026-06-11 14:27:00+05:30,82.75,84.45,82.15,83.65,261495,5936710,12.786617,23226.35,23400.0,23250,ATM+3,CALL,23100,2026-06-11
2026-06-11 14:28:00+05:30,85.25,91.7,83.65,91.1,666705,5861895,12.62512,23251.55,23400.0,23250,ATM+3,CALL,23100,2026-06-11
2026-06-11 14:29:00+05:30,91.9,91.95,86.7,86.7,387530,5757115,12.573652,23241.15,23400.0,23250,ATM+3,CALL,23100,2026-06-11
2026-06-11 14:30:00+05:30,86.45,88.85,83.25,88.1,312520,5764850,12.557995,23245.45,23400.0,23250,ATM+3,CALL,23100,2026-06-11
2026-06-11 14:31:00+05:30,88.2,88.4,85.25,85.9,232570,5820815,12.535669,23240.1,23400.0,23250,ATM+3,CALL,23100,2026-06-11
2026-06-11 14:32:00+05:30,85.5,87.1,83.8,86.95,161785,5870540,12.52044,23243.45,23400.0,23250,ATM+3,CALL,23100,2026-06-11
2026-06-11 14:33:00+05:30,86.75,86.95,80.85,81.35,235495,5885620,12.478643,23229.05,23400.0,23250,ATM+3,CALL,23100,2026-06-11
2026-06-11 14:34:00+05:30,81.25,83.6,80.35,82.25,166920,5858450,12.4766,23231.7,23400.0,23250,ATM+3,CALL,23100,2026-06-11
2026-06-11 14:35:00+05:30,82.35,85.6,82.15,83.1,133315,5874700,12.369703,23237.25,23400.0,23250,ATM+3,CALL,23100,2026-06-11
2026-06-11 14:36:00+05:30,102.6,102.8,95.25,95.8,167635,2954640,12.682483,23213.3,23350.0,23250,ATM+3,CALL,23100,2026-06-11
2026-06-11 14:37:00+05:30,77.6,79.25,73.35,78.4,559520,5854745,12.297327,23226.05,23400.0,23250,ATM+3,CALL,23100,2026-06-11
2026-06-11 14:38:00+05:30,96.8,99.0,93.55,94.1,112125,2943005,12.339684,23218.4,23350.0,23250,ATM+3,CALL,23100,2026-06-11
2026-06-11 14:39:00+05:30,94.15,94.15,88.15,92.4,266305,2914860,12.229095,23217.1,23350.0,23250,ATM+3,CALL,23100,2026-06-11
2026-06-11 14:40:00+05:30,91.95,92.9,88.4,89.1,136760,2927405,12.238991,23208.25,23350.0,23250,ATM+3,CALL,23100,2026-06-11
2026-06-11 14:41:00+05:30,89.25,89.8,86.0,89.4,148720,2933060,12.069108,23213.8,23350.0,23250,ATM+3,CALL,23100,2026-06-11
2026-06-11 14:42:00+05:30,89.45,90.3,86.5,87.45,174655,2932930,11.999494,23210.65,23350.0,23250,ATM+3,CALL,23100,2026-06-11
2026-06-11 14:43:00+05:30,87.55,88.8,81.0,81.0,291135,2935010,11.857674,23197.3,23350.0,23250,ATM+3,CALL,23100,2026-06-11
2026-06-11 14:44:00+05:30,81.2,84.05,80.8,83.2,203970,2971150,11.967843,23200.2,23350.0,23250,ATM+3,CALL,23100,2026-06-11
2026-06-11 14:45:00+05:30,84.8,84.8,82.1,82.9,196625,2982720,12.043101,23197.25,23350.0,23250,ATM+3,CALL,23100,2026-06-11
2026-06-11 14:46:00+05:30,82.8,85.9,80.3,80.3,188435,2979015,11.976412,23192.0,23350.0,23250,ATM+3,CALL,23100,2026-06-11
2026-06-11 14:47:00+05:30,98.3,98.9,90.15,91.45,1087515,7319390,12.176593,23167.1,23300.0,23250,ATM+3,CALL,23100,2026-06-11
2026-06-11 14:48:00+05:30,73.75,79.1,73.4,78.75,235950,3156790,12.225808,23180.35,23350.0,23250,ATM+3,CALL,23100,2026-06-11
2026-06-11 14:49:00+05:30,79.15,81.9,78.35,81.3,142220,3155425,12.037476,23193.1,23350.0,23250,ATM+3,CALL,23100,2026-06-11
2026-06-11 14:50:00+05:30,99.1,100.05,92.55,93.7,413140,7336550,12.183397,23172.75,23300.0,23250,ATM+3,CALL,23100,2026-06-11
2026-06-11 14:51:00+05:30,94.1,96.8,92.8,94.1,250965,7378085,12.234638,23172.4,23300.0,23250,ATM+3,CALL,23100,2026-06-11
2026-06-11 14:52:00+05:30,93.9,95.25,91.65,91.85,223080,7423325,12.072842,23171.1,23300.0,23250,ATM+3,CALL,23100,2026-06-11
2026-06-11 14:53:00+05:30,92.75,94.85,91.85,94.05,191295,7418515,12.172902,23174.0,23300.0,23250,ATM+3,CALL,23100,2026-06-11
2026-06-11 14:54:00+05:30,94.0,94.25,92.15,93.05,185705,7452835,12.165096,23171.7,23300.0,23250,ATM+3,CALL,23100,2026-06-11
2026-06-11 14:55:00+05:30,93.15,94.7,92.1,93.7,171015,7440095,12.193753,23172.6,23300.0,23250,ATM+3,CALL,23100,2026-06-11
2026-06-11 14:56:00+05:30,93.8,94.25,91.25,91.65,166920,7466030,12.085395,23170.35,23300.0,23250,ATM+3,CALL,23100,2026-06-11
2026-06-11 14:57:00+05:30,91.7,92.45,89.2,91.1,370435,7421180,12.186081,23166.2,23300.0,23250,ATM+3,CALL,23100,2026-06-11
2026-06-11 14:58:00+05:30,91.25,92.95,91.1,92.95,216320,7466225,12.130182,23172.5,23300.0,23250,ATM+3,CALL,23100,2026-06-11
2026-06-11 14:59:00+05:30,75.45,76.65,72.6,75.8,112125,3115515,12.059353,23177.05,23350.0,23250,ATM+3,CALL,23100,2026-06-11
2026-06-11 15:00:00+05:30,95.35,100.65,87.65,87.65,778440,7394010,12.301403,23154.0,23300.0,23250,ATM+3,CALL,23100,2026-06-11
2026-06-11 15:01:00+05:30,88.0,89.05,84.8,86.4,651560,7316270,12.213622,23153.15,23300.0,23250,ATM+3,CALL,23100,2026-06-11
2026-06-11 15:02:00+05:30,86.6,88.25,82.25,87.4,593840,7300800,12.108437,23158.8,23300.0,23250,ATM+3,CALL,23100,2026-06-11
2026-06-11 15:03:00+05:30,87.5,87.8,85.0,87.2,281060,7337720,12.110096,23158.25,23300.0,23250,ATM+3,CALL,23100,2026-06-11
2026-06-11 15:04:00+05:30,87.1,88.35,85.65,86.15,253955,7356245,12.47989,23145.0,23300.0,23250,ATM+3,CALL,23100,2026-06-11
2026-06-11 15:05:00+05:30,85.75,86.15,83.0,85.55,331955,7374510,12.333933,23147.55,23300.0,23250,ATM+3,CALL,23100,2026-06-11
2026-06-11 15:06:00+05:30,85.45,85.95,82.4,82.8,313820,7373600,12.356514,23139.35,23300.0,23250,ATM+3,CALL,23100,2026-06-11
2026-06-11 15:07:00+05:30,82.1,86.1,82.0,85.95,410605,7389070,12.354798,23148.1,23300.0,23250,ATM+3,CALL,23100,2026-06-11
2026-06-11 15:08:00+05:30,86.4,88.2,85.75,85.85,371670,7306455,12.754862,23136.4,23300.0,23250,ATM+3,CALL,23100,2026-06-11
2026-06-11 15:09:00+05:30,85.75,89.0,85.45,88.2,342225,7264335,12.721493,23143.85,23300.0,23250,ATM+3,CALL,23100,2026-06-11
2026-06-11 15:10:00+05:30,88.15,92.05,88.05,91.85,400465,7233915,12.790436,23151.75,23300.0,23250,ATM+3,CALL,23100,2026-06-11
2026-06-11 15:11:00+05:30,92.6,94.0,90.05,90.1,376480,7245745,12.896398,23144.1,23300.0,23250,ATM+3,CALL,23100,2026-06-11
2026-06-11 15:12:00+05:30,90.15,93.65,89.1,93.15,331045,7201090,12.922977,23151.55,23300.0,23250,ATM+3,CALL,23100,2026-06-11
2026-06-11 15:13:00+05:30,93.05,96.0,92.9,95.7,328965,7179965,12.792891,23161.85,23300.0,23250,ATM+3,CALL,23100,2026-06-11
2026-06-11 15:14:00+05:30,95.75,96.95,94.2,94.55,353080,7167615,12.541561,23165.8,23300.0,23250,ATM+3,CALL,23100,2026-06-11
2026-06-11 15:15:00+05:30,94.45,95.8,90.0,94.65,577655,7022990,12.529993,23166.4,23300.0,23250,ATM+3,CALL,23100,2026-06-11
2026-06-11 15:16:00+05:30,77.2,81.85,76.9,81.4,297895,2654795,12.50366,23180.55,23350.0,23250,ATM+3,CALL,23100,2026-06-11
2026-06-11 15:17:00+05:30,81.15,82.3,80.55,81.6,174265,2621385,12.477994,23181.9,23350.0,23250,ATM+3,CALL,23100,2026-06-11
2026-06-11 15:18:00+05:30,81.55,82.25,80.0,80.05,226070,2572505,12.35396,23181.15,23350.0,23250,ATM+3,CALL,23100,2026-06-11
2026-06-11 15:19:00+05:30,97.8,98.0,94.55,95.8,340795,6722560,12.435744,23172.0,23300.0,23250,ATM+3,CALL,23100,2026-06-11
2026-06-11 15:20:00+05:30,78.35,80.35,78.2,78.8,189475,2520310,12.33412,23178.2,23350.0,23250,ATM+3,CALL,23100,2026-06-11
2026-06-11 15:21:00+05:30,79.15,81.6,78.8,78.9,164385,2491645,12.397224,23176.65,23350.0,23250,ATM+3,CALL,23100,2026-06-11
2026-06-11 15:22:00+05:30,96.0,98.5,95.2,95.4,240435,6648395,12.47875,23169.9,23300.0,23250,ATM+3,CALL,23100,2026-06-11
2026-06-11 15:23:00+05:30,95.0,97.85,94.0,97.0,292045,6630845,12.592685,23170.9,23300.0,23250,ATM+3,CALL,23100,2026-06-11
2026-06-11 15:24:00+05:30,97.2,98.15,96.65,97.85,199355,6619470,12.573041,23173.6,23300.0,23250,ATM+3,CALL,23100,2026-06-11
2026-06-11 15:25:00+05:30,98.1,102.15,97.05,102.05,541645,6529055,12.936038,23174.4,23300.0,23250,ATM+3,CALL,23100,2026-06-11
2026-06-11 15:26:00+05:30,83.25,85.65,81.55,84.75,189280,2293590,12.973757,23176.6,23350.0,23250,ATM+3,CALL,23100,2026-06-11
2026-06-11 15:27:00+05:30,84.3,85.35,84.2,84.7,154960,2287545,12.884342,23179.1,23350.0,23250,ATM+3,CALL,23100,2026-06-11
2026-06-11 15:28:00+05:30,85.0,85.4,84.1,85.0,175565,2241200,12.881824,23180.05,23350.0,23250,ATM+3,CALL,23100,2026-06-11
2026-06-11 15:29:00+05:30,85.05,86.75,85.0,85.55,226005,2174965,12.711796,23186.55,23350.0,23250,ATM+3,CALL,23100,2026-06-11
2026-06-11 09:15:00+05:30,224.0,241.9,224.0,240.0,509795,1682590,15.821604,23104.4,23250.0,23250,ATM+3,PUT,23100,2026-06-11
2026-06-11 09:16:00+05:30,243.05,257.65,240.0,256.9,261560,1579695,16.151685,23082.3,23250.0,23250,ATM+3,PUT,23100,2026-06-11
2026-06-11 09:17:00+05:30,257.45,266.8,256.25,256.6,173485,1534910,16.71172,23092.9,23250.0,23250,ATM+3,PUT,23100,2026-06-11
2026-06-11 09:18:00+05:30,253.65,256.6,242.7,247.95,139490,1517555,16.315103,23100.1,23250.0,23250,ATM+3,PUT,23100,2026-06-11
2026-06-11 09:19:00+05:30,247.65,247.95,238.7,239.65,100035,1491360,16.401988,23115.85,23250.0,23250,ATM+3,PUT,23100,2026-06-11
2026-06-11 09:20:00+05:30,272.75,278.15,261.8,262.75,194740,3642730,16.454421,23128.6,23300.0,23250,ATM+3,PUT,23100,2026-06-11
2026-06-11 09:21:00+05:30,264.35,264.35,253.0,255.4,209235,3636360,16.549208,23142.45,23300.0,23250,ATM+3,PUT,23100,2026-06-11
2026-06-11 09:22:00+05:30,255.75,260.55,250.85,253.95,162955,3662230,16.442372,23142.9,23300.0,23250,ATM+3,PUT,23100,2026-06-11
2026-06-11 09:23:00+05:30,252.75,259.3,249.9,258.0,110175,3662685,16.392087,23135.25,23300.0,23250,ATM+3,PUT,23100,2026-06-11
2026-06-11 09:24:00+05:30,227.0,237.9,224.0,236.25,127075,1469065,16.148717,23116.8,23250.0,23250,ATM+3,PUT,23100,2026-06-11
2026-06-11 09:25:00+05:30,238.15,239.15,234.1,238.6,91715,1460420,15.949157,23109.0,23250.0,23250,ATM+3,PUT,23100,2026-06-11
2026-06-11 09:26:00+05:30,239.3,242.25,234.9,237.45,101920,1447615,15.765055,23107.5,23250.0,23250,ATM+3,PUT,23100,2026-06-11
2026-06-11 09:27:00+05:30,238.5,248.55,235.85,243.15,112255,1436110,15.95795,23101.45,23250.0,23250,ATM+3,PUT,23100,2026-06-11
2026-06-11 09:28:00+05:30,242.8,243.15,231.7,233.35,114530,1428765,15.931803,23117.6,23250.0,23250,ATM+3,PUT,23100,2026-06-11
2026-06-11 09:29:00+05:30,232.4,235.25,228.0,231.75,100490,1432665,16.013095,23121.9,23250.0,23250,ATM+3,PUT,23100,2026-06-11
2026-06-11 09:30:00+05:30,231.95,243.35,231.45,242.3,93535,1429610,16.360522,23110.35,23250.0,23250,ATM+3,PUT,23100,2026-06-11
2026-06-11 09:31:00+05:30,243.15,246.65,235.45,235.45,110305,1426100,16.087176,23116.9,23250.0,23250,ATM+3,PUT,23100,2026-06-11
2026-06-11 09:32:00+05:30,235.3,236.0,227.85,236.0,63050,1420770,15.982134,23113.95,23250.0,23250,ATM+3,PUT,23100,2026-06-11
2026-06-11 09:33:00+05:30,238.35,247.55,236.0,247.3,85605,1419275,16.348869,23101.6,23250.0,23250,ATM+3,PUT,23100,2026-06-11
2026-06-11 09:34:00+05:30,248.4,248.4,238.9,239.65,54210,1417650,16.086144,23109.65,23250.0,23250,ATM+3,PUT,23100,2026-06-11
2026-06-11 09:35:00+05:30,241.75,251.75,239.65,251.75,66170,1413230,16.504198,23096.95,23250.0,23250,ATM+3,PUT,23100,2026-06-11
2026-06-11 09:36:00+05:30,250.3,251.75,238.8,238.8,65910,1408355,16.154171,23112.35,23250.0,23250,ATM+3,PUT,23100,2026-06-11
2026-06-11 09:37:00+05:30,238.65,240.55,232.4,235.5,52585,1403415,16.224799,23119.35,23250.0,23250,ATM+3,PUT,23100,2026-06-11
2026-06-11 09:38:00+05:30,266.85,268.35,256.15,259.3,108875,3687255,16.226894,23129.95,23300.0,23250,ATM+3,PUT,23100,2026-06-11
2026-06-11 09:39:00+05:30,259.85,259.85,252.7,255.95,133835,3692650,16.05422,23132.35,23300.0,23250,ATM+3,PUT,23100,2026-06-11
2026-06-11 09:40:00+05:30,223.0,231.95,222.6,231.95,87230,1390870,15.927413,23119.75,23250.0,23250,ATM+3,PUT,23100,2026-06-11
2026-06-11 09:41:00+05:30,231.9,234.15,228.95,231.2,48880,1402700,15.891847,23120.35,23250.0,23250,ATM+3,PUT,23100,2026-06-11
2026-06-11 09:42:00+05:30,231.15,235.6,228.4,232.65,30940,1366300,16.005312,23120.0,23250.0,23250,ATM+3,PUT,23100,2026-06-11
2026-06-11 09:43:00+05:30,265.0,266.15,248.2,248.25,204945,3697460,15.849563,23141.3,23300.0,23250,ATM+3,PUT,23100,2026-06-11
2026-06-11 09:44:00+05:30,248.5,249.25,244.55,247.55,104195,3683810,15.949104,23144.25,23300.0,23250,ATM+3,PUT,23100,2026-06-11
2026-06-11 09:45:00+05:30,246.35,252.85,242.5,246.45,91325,3698240,15.926216,23145.65,23300.0,23250,ATM+3,PUT,23100,2026-06-11
2026-06-11 09:46:00+05:30,246.45,248.5,241.5,242.5,85215,3724565,16.045189,23154.45,23300.0,23250,ATM+3,PUT,23100,2026-06-11
2026-06-11 09:47:00+05:30,242.15,248.65,242.1,248.3,90545,3749135,16.317212,23149.7,23300.0,23250,ATM+3,PUT,23100,2026-06-11
2026-06-11 09:48:00+05:30,247.3,252.65,245.95,252.0,99905,3745430,16.207931,23141.5,23300.0,23250,ATM+3,PUT,23100,2026-06-11
2026-06-11 09:49:00+05:30,253.65,253.65,244.35,245.7,72215,3757260,16.276517,23153.3,23300.0,23250,ATM+3,PUT,23100,2026-06-11
2026-06-11 09:50:00+05:30,244.5,250.2,234.7,236.0,145015,3763435,15.910084,23162.9,23300.0,23250,ATM+3,PUT,23100,2026-06-11
2026-06-11 09:51:00+05:30,238.4,239.65,233.0,235.25,133510,3765450,16.08562,23167.5,23300.0,23250,ATM+3,PUT,23100,2026-06-11
2026-06-11 09:52:00+05:30,234.55,239.65,233.0,234.75,123110,3755375,16.213668,23170.8,23300.0,23250,ATM+3,PUT,23100,2026-06-11
2026-06-11 09:53:00+05:30,234.05,237.5,231.75,233.8,70850,3751670,16.206808,23172.3,23300.0,23250,ATM+3,PUT,23100,2026-06-11
2026-06-11 09:54:00+05:30,233.85,244.7,233.65,243.65,116805,3744195,16.04273,23152.35,23300.0,23250,ATM+3,PUT,23100,2026-06-11
2026-06-11 09:55:00+05:30,242.55,250.8,242.1,250.0,291395,3733535,16.049542,23141.85,23300.0,23250,ATM+3,PUT,23100,2026-06-11
2026-06-11 09:56:00+05:30,249.05,252.3,243.45,252.3,80535,3734965,16.186472,23140.5,23300.0,23250,ATM+3,PUT,23100,2026-06-11
2026-06-11 09:57:00+05:30,251.7,258.1,251.05,256.6,168610,3735485,16.060333,23131.15,23300.0,23250,ATM+3,PUT,23100,2026-06-11
2026-06-11 09:58:00+05:30,224.95,233.1,224.9,232.85,142805,1377285,15.756349,23114.7,23250.0,23250,ATM+3,PUT,23100,2026-06-11
2026-06-11 09:59:00+05:30,232.4,235.45,227.9,232.4,112710,1375140,15.869825,23117.6,23250.0,23250,ATM+3,PUT,23100,2026-06-11
2026-06-11 10:00:00+05:30,265.1,265.7,255.3,257.5,124540,3565575,16.092028,23130.2,23300.0,23250,ATM+3,PUT,23100,2026-06-11
2026-06-11 10:01:00+05:30,255.8,257.6,252.25,255.85,75075,3583255,16.070356,23132.5,23300.0,23250,ATM+3,PUT,23100,2026-06-11
2026-06-11 10:02:00+05:30,223.7,231.0,223.1,229.25,58240,1385670,15.86523,23122.9,23250.0,23250,ATM+3,PUT,23100,2026-06-11
2026-06-11 10:03:00+05:30,228.65,233.85,223.0,231.0,77285,1390740,15.917035,23120.85,23250.0,23250,ATM+3,PUT,23100,2026-06-11
2026-06-11 10:04:00+05:30,231.9,238.8,229.15,238.25,93015,1386580,15.923347,23108.55,23250.0,23250,ATM+3,PUT,23100,2026-06-11
2026-06-11 10:05:00+05:30,238.7,241.35,232.95,234.5,224575,1376830,15.770401,23112.05,23250.0,23250,ATM+3,PUT,23100,2026-06-11
2026-06-11 10:06:00+05:30,268.7,268.7,249.6,253.4,131625,3558035,16.117597,23137.3,23300.0,23250,ATM+3,PUT,23100,2026-06-11
2026-06-11 10:07:00+05:30,253.05,254.9,242.2,243.6,110110,3566940,15.800374,23147.8,23300.0,23250,ATM+3,PUT,23100,2026-06-11
2026-06-11 10:08:00+05:30,244.2,246.3,235.7,237.15,129610,3544320,15.707467,23156.9,23300.0,23250,ATM+3,PUT,23100,2026-06-11
2026-06-11 10:09:00+05:30,235.8,239.65,233.2,238.65,99840,3569540,15.847412,23156.95,23300.0,23250,ATM+3,PUT,23100,2026-06-11
2026-06-11 10:10:00+05:30,239.55,240.25,233.1,237.1,117520,3602300,15.779774,23158.3,23300.0,23250,ATM+3,PUT,23100,2026-06-11
2026-06-11 10:11:00+05:30,237.05,237.6,231.95,233.85,73840,3627195,15.736684,23163.0,23300.0,23250,ATM+3,PUT,23100,2026-06-11
2026-06-11 10:12:00+05:30,232.8,239.45,231.25,237.5,58695,3636295,15.728885,23156.65,23300.0,23250,ATM+3,PUT,23100,2026-06-11
2026-06-11 10:13:00+05:30,238.55,239.0,234.65,236.15,53755,3631875,15.773488,23159.75,23300.0,23250,ATM+3,PUT,23100,2026-06-11
2026-06-11 10:14:00+05:30,235.0,244.8,233.2,242.55,107835,3638310,15.693108,23147.5,23300.0,23250,ATM+3,PUT,23100,2026-06-11
2026-06-11 10:15:00+05:30,242.55,243.25,234.55,235.95,63700,3640195,15.657437,23157.9,23300.0,23250,ATM+3,PUT,23100,2026-06-11
2026-06-11 10:16:00+05:30,233.2,235.95,228.15,232.3,105755,3638050,15.70358,23164.95,23300.0,23250,ATM+3,PUT,23100,2026-06-11
2026-06-11 10:17:00+05:30,232.0,233.1,226.85,228.35,80860,3650205,15.568681,23169.15,23300.0,23250,ATM+3,PUT,23100,2026-06-11
2026-06-11 10:18:00+05:30,228.8,232.8,224.5,226.0,70460,3667170,15.559128,23173.0,23300.0,23250,ATM+3,PUT,23100,2026-06-11
2026-06-11 10:19:00+05:30,256.55,257.6,250.35,250.35,43030,923910,15.583477,23183.15,23350.0,23250,ATM+3,PUT,23100,2026-06-11
2026-06-11 10:20:00+05:30,250.2,254.5,246.35,246.5,33930,933985,15.628784,23190.25,23350.0,23250,ATM+3,PUT,23100,2026-06-11
2026-06-11 10:21:00+05:30,247.95,256.55,246.5,255.6,26195,935090,16.0127,23182.15,23350.0,23250,ATM+3,PUT,23100,2026-06-11
2026-06-11 10:22:00+05:30,254.5,258.0,253.2,256.75,19110,939575,15.992444,23179.9,23350.0,23250,ATM+3,PUT,23100,2026-06-11
2026-06-11 10:23:00+05:30,256.25,257.15,252.85,254.85,15535,944775,15.911211,23181.55,23350.0,23250,ATM+3,PUT,23100,2026-06-11
2026-06-11 10:24:00+05:30,255.05,260.0,253.5,256.75,16380,947895,15.985479,23179.75,23350.0,23250,ATM+3,PUT,23100,2026-06-11
2026-06-11 10:25:00+05:30,256.4,259.0,255.7,258.45,10400,950365,16.120551,23179.35,23350.0,23250,ATM+3,PUT,23100,2026-06-11
2026-06-11 10:26:00+05:30,256.6,258.45,246.55,246.95,19890,947700,15.835594,23193.15,23350.0,23250,ATM+3,PUT,23100,2026-06-11
2026-06-11 10:27:00+05:30,247.35,248.55,237.55,238.3,41340,945360,15.834336,23207.6,23350.0,23250,ATM+3,PUT,23100,2026-06-11
2026-06-11 10:28:00+05:30,238.05,247.05,236.9,243.8,24635,948675,15.892236,23199.4,23350.0,23250,ATM+3,PUT,23100,2026-06-11
2026-06-11 10:29:00+05:30,244.8,245.5,240.45,244.0,15990,943345,15.916709,23199.5,23350.0,23250,ATM+3,PUT,23100,2026-06-11
2026-06-11 10:30:00+05:30,242.45,253.5,239.4,251.3,38610,946140,16.001979,23188.9,23350.0,23250,ATM+3,PUT,23100,2026-06-11
2026-06-11 10:31:00+05:30,252.6,252.75,243.15,244.05,28665,948870,15.903729,23199.15,23350.0,23250,ATM+3,PUT,23100,2026-06-11
2026-06-11 10:32:00+05:30,244.45,245.9,238.5,241.5,20085,954200,15.935355,23204.0,23350.0,23250,ATM+3,PUT,23100,2026-06-11
2026-06-11 10:33:00+05:30,242.2,247.4,241.4,243.1,18460,955045,15.807585,23198.95,23350.0,23250,ATM+3,PUT,23100,2026-06-11
2026-06-11 10:34:00+05:30,244.3,246.15,242.95,245.6,8060,958620,16.137187,23200.8,23350.0,23250,ATM+3,PUT,23100,2026-06-11
2026-06-11 10:35:00+05:30,244.45,245.6,239.8,244.75,26130,953095,16.093034,23201.4,23350.0,23250,ATM+3,PUT,23100,2026-06-11
2026-06-11 10:36:00+05:30,244.35,250.85,244.35,248.2,28990,963495,16.12547,23196.2,23350.0,23250,ATM+3,PUT,23100,2026-06-11
2026-06-11 10:37:00+05:30,246.45,252.0,245.5,250.15,12740,967460,16.06824,23191.9,23350.0,23250,ATM+3,PUT,23100,2026-06-11
2026-06-11 10:38:00+05:30,246.8,250.15,244.55,244.55,9815,966680,15.952061,23199.1,23350.0,23250,ATM+3,PUT,23100,2026-06-11
2026-06-11 10:39:00+05:30,242.7,245.2,238.0,240.0,24310,965835,15.990063,23207.45,23350.0,23250,ATM+3,PUT,23100,2026-06-11
2026-06-11 10:40:00+05:30,240.0,242.9,236.85,238.1,23595,968890,16.082449,23212.4,23350.0,23250,ATM+3,PUT,23100,2026-06-11
2026-06-11 10:41:00+05:30,238.15,244.85,237.35,244.85,17355,972660,16.217671,23203.45,23350.0,23250,ATM+3,PUT,23100,2026-06-11
2026-06-11 10:42:00+05:30,244.2,246.8,242.0,242.0,23920,978705,16.088339,23205.85,23350.0,23250,ATM+3,PUT,23100,2026-06-11
2026-06-11 10:43:00+05:30,242.35,246.0,241.0,245.25,8125,983060,16.182796,23202.1,23350.0,23250,ATM+3,PUT,23100,2026-06-11
2026-06-11 10:44:00+05:30,244.75,247.8,242.0,242.0,23205,985595,16.036088,23204.85,23350.0,23250,ATM+3,PUT,23100,2026-06-11
2026-06-11 10:45:00+05:30,243.2,249.0,242.0,243.0,9685,983710,16.114425,23204.6,23350.0,23250,ATM+3,PUT,23100,2026-06-11
2026-06-11 10:46:00+05:30,243.3,244.3,238.0,243.4,22100,984555,16.259033,23206.6,23350.0,23250,ATM+3,PUT,23100,2026-06-11
2026-06-11 10:47:00+05:30,243.95,243.95,239.55,239.55,9815,988650,16.110501,23210.35,23350.0,23250,ATM+3,PUT,23100,2026-06-11
2026-06-11 10:48:00+05:30,239.7,246.5,237.95,243.95,21450,990405,16.262383,23205.7,23350.0,23250,ATM+3,PUT,23100,2026-06-11
2026-06-11 10:49:00+05:30,243.2,250.0,242.25,250.0,11180,995540,16.165919,23193.75,23350.0,23250,ATM+3,PUT,23100,2026-06-11
2026-06-11 10:50:00+05:30,250.1,253.95,249.1,253.2,51415,993525,16.052676,23186.4,23350.0,23250,ATM+3,PUT,23100,2026-06-11
2026-06-11 10:51:00+05:30,252.0,253.2,245.15,250.3,25545,1000545,15.987539,23190.0,23350.0,23250,ATM+3,PUT,23100,2026-06-11
2026-06-11 10:52:00+05:30,250.8,250.8,246.25,250.75,6825,1003600,15.920961,23188.05,23350.0,23250,ATM+3,PUT,23100,2026-06-11
2026-06-11 10:53:00+05:30,219.7,226.9,219.7,226.0,209820,4138875,15.685158,23174.9,23300.0,23250,ATM+3,PUT,23100,2026-06-11
2026-06-11 10:54:00+05:30,226.25,227.85,223.6,225.9,179205,4148040,15.666441,23174.7,23300.0,23250,ATM+3,PUT,23100,2026-06-11
2026-06-11 10:55:00+05:30,226.9,229.3,224.55,225.9,140855,4135040,15.588702,23173.2,23300.0,23250,ATM+3,PUT,23100,2026-06-11
2026-06-11 10:56:00+05:30,257.9,259.2,253.0,253.85,17550,982605,15.744335,23179.8,23350.0,23250,ATM+3,PUT,23100,2026-06-11
2026-06-11 10:57:00+05:30,254.1,258.75,253.65,255.55,10725,981630,15.759747,23177.3,23350.0,23250,ATM+3,PUT,23100,2026-06-11
2026-06-11 10:58:00+05:30,257.65,259.2,253.1,259.2,9815,985010,16.004755,23175.65,23350.0,23250,ATM+3,PUT,23100,2026-06-11
2026-06-11 10:59:00+05:30,258.2,261.0,253.4,255.0,13130,982085,15.667054,23176.55,23350.0,23250,ATM+3,PUT,23100,2026-06-11
2026-06-11 11:00:00+05:30,223.5,229.3,219.75,229.2,110565,4157855,15.69434,23169.45,23300.0,23250,ATM+3,PUT,23100,2026-06-11
2026-06-11 11:01:00+05:30,229.3,231.65,225.05,231.3,356070,4165655,15.764084,23167.15,23300.0,23250,ATM+3,PUT,23100,2026-06-11
2026-06-11 11:02:00+05:30,229.6,231.65,226.9,228.75,126685,4199195,15.57298,23167.9,23300.0,23250,ATM+3,PUT,23100,2026-06-11
2026-06-11 11:03:00+05:30,261.15,262.65,252.1,252.1,21580,991575,15.624447,23180.45,23350.0,23250,ATM+3,PUT,23100,2026-06-11
2026-06-11 11:04:00+05:30,251.8,253.6,248.0,253.6,24245,985985,15.829721,23181.6,23350.0,23250,ATM+3,PUT,23100,2026-06-11
2026-06-11 11:05:00+05:30,249.95,253.6,238.3,239.45,28405,979225,15.544508,23199.8,23350.0,23250,ATM+3,PUT,23100,2026-06-11
2026-06-11 11:06:00+05:30,238.65,245.0,236.65,238.3,21905,980525,15.68056,23204.2,23350.0,23250,ATM+3,PUT,23100,2026-06-11
2026-06-11 11:07:00+05:30,237.75,247.45,234.15,247.45,27755,982735,15.740373,23190.05,23350.0,23250,ATM+3,PUT,23100,2026-06-11
2026-06-11 11:08:00+05:30,247.15,248.7,240.0,244.5,18395,985790,15.734144,23194.8,23350.0,23250,ATM+3,PUT,23100,2026-06-11
2026-06-11 11:09:00+05:30,244.3,251.95,244.0,245.6,14690,987805,15.766665,23193.55,23350.0,23250,ATM+3,PUT,23100,2026-06-11
2026-06-11 11:10:00+05:30,244.95,249.35,244.05,244.05,9490,990015,15.510505,23191.5,23350.0,23250,ATM+3,PUT,23100,2026-06-11
2026-06-11 11:11:00+05:30,245.5,248.3,243.05,246.9,8775,988520,15.645078,23189.2,23350.0,23250,ATM+3,PUT,23100,2026-06-11
2026-06-11 11:12:00+05:30,246.55,249.95,245.7,247.5,9100,988715,15.577373,23187.0,23350.0,23250,ATM+3,PUT,23100,2026-06-11
2026-06-11 11:13:00+05:30,247.0,249.5,244.55,247.65,21710,988650,15.492921,23185.25,23350.0,23250,ATM+3,PUT,23100,2026-06-11
2026-06-11 11:14:00+05:30,246.9,251.2,244.6,249.4,6435,991185,15.539197,23183.2,23350.0,23250,ATM+3,PUT,23100,2026-06-11
2026-06-11 11:15:00+05:30,249.25,251.45,244.95,244.95,15665,995930,15.414509,23188.25,23350.0,23250,ATM+3,PUT,23100,2026-06-11
2026-06-11 11:16:00+05:30,247.3,249.9,244.95,246.0,4355,997620,15.579837,23189.45,23350.0,23250,ATM+3,PUT,23100,2026-06-11
2026-06-11 11:17:00+05:30,247.0,249.15,242.65,244.25,11960,995280,15.67084,23193.95,23350.0,23250,ATM+3,PUT,23100,2026-06-11
2026-06-11 11:18:00+05:30,243.2,245.0,235.35,236.85,19435,995215,15.608865,23205.15,23350.0,23250,ATM+3,PUT,23100,2026-06-11
2026-06-11 11:19:00+05:30,234.6,239.85,232.6,238.6,35165,994175,15.677066,23203.45,23350.0,23250,ATM+3,PUT,23100,2026-06-11
2026-06-11 11:20:00+05:30,238.75,240.95,231.3,231.3,18785,996255,15.503734,23212.55,23350.0,23250,ATM+3,PUT,23100,2026-06-11
2026-06-11 11:21:00+05:30,231.0,232.15,226.1,227.05,39520,999310,15.53065,23220.3,23350.0,23250,ATM+3,PUT,23100,2026-06-11
2026-06-11 11:22:00+05:30,227.2,231.1,226.75,231.0,25870,999505,15.560918,23214.1,23350.0,23250,ATM+3,PUT,23100,2026-06-11
2026-06-11 11:23:00+05:30,231.85,233.95,227.3,233.95,25675,1002495,15.773921,23213.05,23350.0,23250,ATM+3,PUT,23100,2026-06-11
2026-06-11 11:24:00+05:30,232.55,235.5,229.15,229.4,21515,1005355,15.650989,23218.5,23350.0,23250,ATM+3,PUT,23100,2026-06-11
2026-06-11 11:25:00+05:30,229.45,230.0,226.25,229.4,14755,1009775,15.508407,23215.8,23350.0,23250,ATM+3,PUT,23100,2026-06-11
2026-06-11 11:26:00+05:30,263.0,263.0,252.25,252.25,79235,2412735,15.514536,23228.5,23400.0,23250,ATM+3,PUT,23100,2026-06-11
2026-06-11 11:27:00+05:30,251.1,252.25,245.55,246.0,104390,2431455,15.256146,23234.1,23400.0,23250,ATM+3,PUT,23100,2026-06-11
2026-06-11 11:28:00+05:30,245.0,248.55,244.0,245.6,86515,2435810,15.330804,23236.05,23400.0,23250,ATM+3,PUT,23100,2026-06-11
2026-06-11 11:29:00+05:30,246.65,251.45,245.5,246.0,45955,2438865,15.334469,23235.45,23400.0,23250,ATM+3,PUT,23100,2026-06-11
2026-06-11 11:30:00+05:30,245.8,248.0,241.0,247.1,62335,2472275,15.479456,23236.2,23400.0,23250,ATM+3,PUT,23100,2026-06-11
2026-06-11 11:31:00+05:30,246.4,253.05,244.55,250.7,87685,2470195,15.246874,23226.3,23400.0,23250,ATM+3,PUT,23100,2026-06-11
2026-06-11 11:32:00+05:30,250.7,255.1,250.7,252.4,40365,2467335,15.397326,23226.15,23400.0,23250,ATM+3,PUT,23100,2026-06-11
2026-06-11 11:33:00+05:30,251.9,252.4,245.8,249.45,58890,2476565,15.548744,23233.55,23400.0,23250,ATM+3,PUT,23100,2026-06-11
2026-06-11 11:34:00+05:30,248.9,255.0,248.9,254.45,43355,2482870,15.601198,23226.35,23400.0,23250,ATM+3,PUT,23100,2026-06-11
2026-06-11 11:35:00+05:30,254.2,257.2,249.7,249.7,45240,2468310,15.618791,23234.35,23400.0,23250,ATM+3,PUT,23100,2026-06-11
2026-06-11 11:36:00+05:30,217.8,226.7,217.8,225.05,26585,1071070,15.431881,23221.65,23350.0,23250,ATM+3,PUT,23100,2026-06-11
2026-06-11 11:37:00+05:30,224.85,226.0,222.85,226.0,22425,1072045,15.328155,23218.05,23350.0,23250,ATM+3,PUT,23100,2026-06-11
2026-06-11 11:38:00+05:30,225.0,229.65,224.7,229.65,32695,1069965,15.514342,23215.3,23350.0,23250,ATM+3,PUT,23100,2026-06-11
2026-06-11 11:39:00+05:30,228.9,230.4,223.5,224.4,26260,1068665,15.443694,23222.95,23350.0,23250,ATM+3,PUT,23100,2026-06-11
2026-06-11 11:40:00+05:30,224.35,226.55,221.55,225.65,10855,1067495,15.563042,23223.05,23350.0,23250,ATM+3,PUT,23100,2026-06-11
2026-06-11 11:41:00+05:30,258.7,259.6,250.85,251.95,45370,2475330,15.601064,23230.3,23400.0,23250,ATM+3,PUT,23100,2026-06-11
2026-06-11 11:42:00+05:30,252.7,253.35,238.85,239.55,89700,2454140,15.264105,23244.6,23400.0,23250,ATM+3,PUT,23100,2026-06-11
2026-06-11 11:43:00+05:30,240.75,246.4,239.55,244.7,52000,2451865,15.568689,23241.55,23400.0,23250,ATM+3,PUT,23100,2026-06-11
2026-06-11 11:44:00+05:30,245.0,245.6,235.0,235.0,115570,2443740,15.350981,23253.7,23400.0,23250,ATM+3,PUT,23100,2026-06-11
2026-06-11 11:45:00+05:30,233.9,238.25,231.85,235.55,106080,2456350,15.421181,23254.05,23400.0,23250,ATM+3,PUT,23100,2026-06-11
2026-06-11 11:46:00+05:30,236.4,237.95,234.0,234.0,49660,2469610,15.48426,23257.8,23400.0,23250,ATM+3,PUT,23100,2026-06-11
2026-06-11 11:47:00+05:30,234.4,236.85,224.3,224.3,147225,2476240,15.213483,23269.2,23400.0,23250,ATM+3,PUT,23100,2026-06-11
2026-06-11 11:48:00+05:30,223.15,231.2,223.0,227.75,88660,2509195,15.482229,23268.35,23400.0,23250,ATM+3,PUT,23100,2026-06-11
2026-06-11 11:49:00+05:30,227.7,232.55,227.7,231.25,59020,2520440,15.63345,23265.2,23400.0,23250,ATM+3,PUT,23100,2026-06-11
2026-06-11 11:50:00+05:30,230.0,231.25,226.0,226.85,38350,2530710,15.689088,23273.8,23400.0,23250,ATM+3,PUT,23100,2026-06-11
2026-06-11 11:51:00+05:30,225.9,229.25,225.0,229.25,60385,2544490,15.649684,23268.9,23400.0,23250,ATM+3,PUT,23100,2026-06-11
2026-06-11 11:52:00+05:30,229.65,232.0,226.65,226.65,106405,2530905,15.478084,23270.1,23400.0,23250,ATM+3,PUT,23100,2026-06-11
2026-06-11 11:53:00+05:30,227.15,229.05,225.5,226.55,26780,2533245,15.679968,23274.1,23400.0,23250,ATM+3,PUT,23100,2026-06-11
2026-06-11 11:54:00+05:30,226.0,228.15,222.35,227.1,65845,2557230,15.670322,23272.95,23400.0,23250,ATM+3,PUT,23100,2026-06-11
2026-06-11 11:55:00+05:30,226.75,227.5,224.05,226.9,51805,2572050,15.697498,23273.8,23400.0,23250,ATM+3,PUT,23100,2026-06-11
2026-06-11 11:56:00+05:30,257.2,260.05,245.55,246.55,22425,468455,15.367973,23285.3,23450.0,23250,ATM+3,PUT,23100,2026-06-11
2026-06-11 11:57:00+05:30,248.8,250.4,246.55,247.35,22165,475800,15.422831,23284.95,23450.0,23250,ATM+3,PUT,23100,2026-06-11
2026-06-11 11:58:00+05:30,247.2,248.5,241.15,246.8,23205,484315,15.707699,23290.9,23450.0,23250,ATM+3,PUT,23100,2026-06-11
2026-06-11 11:59:00+05:30,246.95,252.0,246.35,251.15,15340,486395,15.673619,23283.15,23450.0,23250,ATM+3,PUT,23100,2026-06-11
2026-06-11 12:00:00+05:30,251.05,251.15,246.0,251.05,10595,489580,15.744412,23284.55,23450.0,23250,ATM+3,PUT,23100,2026-06-11
2026-06-11 12:01:00+05:30,250.7,251.35,246.65,248.2,10855,493870,15.707427,23288.55,23450.0,23250,ATM+3,PUT,23100,2026-06-11
2026-06-11 12:02:00+05:30,247.25,251.1,246.7,250.35,12870,495170,15.746214,23285.7,23450.0,23250,ATM+3,PUT,23100,2026-06-11
2026-06-11 12:03:00+05:30,250.5,250.65,246.0,249.4,7735,495170,15.900511,23290.0,23450.0,23250,ATM+3,PUT,23100,2026-06-11
2026-06-11 12:04:00+05:30,248.3,250.9,248.3,250.7,4160,498290,15.836326,23286.7,23450.0,23250,ATM+3,PUT,23100,2026-06-11
2026-06-11 12:05:00+05:30,250.2,256.05,249.15,254.0,21385,494780,15.828306,23281.15,23450.0,23250,ATM+3,PUT,23100,2026-06-11
2026-06-11 12:06:00+05:30,252.85,255.0,251.0,252.3,16900,507000,15.725703,23282.1,23450.0,23250,ATM+3,PUT,23100,2026-06-11
2026-06-11 12:07:00+05:30,251.0,252.3,245.6,246.0,18070,505245,15.607357,23290.3,23450.0,23250,ATM+3,PUT,23100,2026-06-11
2026-06-11 12:08:00+05:30,245.6,252.0,244.95,251.0,12675,509080,15.754377,23284.7,23450.0,23250,ATM+3,PUT,23100,2026-06-11
2026-06-11 12:09:00+05:30,249.1,252.4,249.1,252.4,5850,510640,15.802512,23283.25,23450.0,23250,ATM+3,PUT,23100,2026-06-11
2026-06-11 12:10:00+05:30,251.7,255.0,251.05,252.45,10075,510640,15.548293,23278.7,23450.0,23250,ATM+3,PUT,23100,2026-06-11
2026-06-11 12:11:00+05:30,254.35,257.0,252.0,255.6,22035,514800,15.775653,23277.55,23450.0,23250,ATM+3,PUT,23100,2026-06-11
2026-06-11 12:12:00+05:30,253.0,256.4,251.4,251.4,9295,517660,15.712289,23283.25,23450.0,23250,ATM+3,PUT,23100,2026-06-11
2026-06-11 12:13:00+05:30,251.0,252.8,248.4,250.0,11505,518310,15.764586,23286.45,23450.0,23250,ATM+3,PUT,23100,2026-06-11
2026-06-11 12:14:00+05:30,250.6,252.8,248.0,248.0,7605,515905,15.642659,23287.55,23450.0,23250,ATM+3,PUT,23100,2026-06-11
2026-06-11 12:15:00+05:30,247.9,248.15,236.05,239.85,40365,513500,15.646803,23301.1,23450.0,23250,ATM+3,PUT,23100,2026-06-11
2026-06-11 12:16:00+05:30,238.9,244.9,236.0,236.0,21060,519805,15.475716,23304.4,23450.0,23250,ATM+3,PUT,23100,2026-06-11
2026-06-11 12:17:00+05:30,236.2,242.45,234.0,241.9,33865,528515,15.646569,23297.65,23450.0,23250,ATM+3,PUT,23100,2026-06-11
2026-06-11 12:18:00+05:30,242.3,245.85,241.25,244.2,12350,530075,15.67314,23294.3,23450.0,23250,ATM+3,PUT,23100,2026-06-11
2026-06-11 12:19:00+05:30,243.5,248.2,243.0,247.45,15860,537095,15.705301,23289.5,23450.0,23250,ATM+3,PUT,23100,2026-06-11
2026-06-11 12:20:00+05:30,248.95,251.5,245.55,251.5,17745,545155,15.767347,23283.95,23450.0,23250,ATM+3,PUT,23100,2026-06-11
2026-06-11 12:21:00+05:30,249.6,252.7,246.9,250.0,16965,549250,15.5866,23283.2,23450.0,23250,ATM+3,PUT,23100,2026-06-11
2026-06-11 12:22:00+05:30,250.0,250.35,246.55,248.65,12740,553735,15.697504,23287.35,23450.0,23250,ATM+3,PUT,23100,2026-06-11
2026-06-11 12:23:00+05:30,250.05,250.4,244.0,245.5,20345,552955,15.743733,23293.35,23450.0,23250,ATM+3,PUT,23100,2026-06-11
2026-06-11 12:24:00+05:30,245.95,249.0,245.0,245.0,5655,553995,15.60925,23291.75,23450.0,23250,ATM+3,PUT,23100,2026-06-11
2026-06-11 12:25:00+05:30,245.0,251.0,245.0,248.2,7670,555490,15.73419,23288.7,23450.0,23250,ATM+3,PUT,23100,2026-06-11
2026-06-11 12:26:00+05:30,248.0,248.6,242.5,246.95,7280,555490,15.84052,23292.65,23450.0,23250,ATM+3,PUT,23100,2026-06-11
2026-06-11 12:27:00+05:30,246.85,247.95,244.25,245.0,9360,560755,15.672949,23292.85,23450.0,23250,ATM+3,PUT,23100,2026-06-11
2026-06-11 12:28:00+05:30,245.25,248.0,241.0,243.0,7150,560755,15.9288,23300.8,23450.0,23250,ATM+3,PUT,23100,2026-06-11
2026-06-11 12:29:00+05:30,242.8,245.0,240.5,244.3,12025,560755,15.873248,23297.6,23450.0,23250,ATM+3,PUT,23100,2026-06-11
2026-06-11 12:30:00+05:30,243.0,244.3,234.6,237.8,24440,558285,15.735198,23305.95,23450.0,23250,ATM+3,PUT,23100,2026-06-11
2026-06-11 12:31:00+05:30,239.8,240.15,230.0,231.55,35425,562120,15.706151,23316.0,23450.0,23250,ATM+3,PUT,23100,2026-06-11
2026-06-11 12:32:00+05:30,231.0,232.0,226.8,227.3,39650,572260,15.538361,23320.1,23450.0,23250,ATM+3,PUT,23100,2026-06-11
2026-06-11 12:33:00+05:30,227.45,231.5,227.3,228.65,22555,581555,15.446776,23316.05,23450.0,23250,ATM+3,PUT,23100,2026-06-11
2026-06-11 12:34:00+05:30,229.6,230.7,226.5,226.5,18395,586625,15.57016,23322.05,23450.0,23250,ATM+3,PUT,23100,2026-06-11
2026-06-11 12:35:00+05:30,226.0,235.65,224.0,232.8,30745,599105,15.670965,23313.15,23450.0,23250,ATM+3,PUT,23100,2026-06-11
2026-06-11 12:36:00+05:30,232.2,234.35,230.0,233.4,16900,603395,15.438181,23307.8,23450.0,23250,ATM+3,PUT,23100,2026-06-11
2026-06-11 12:37:00+05:30,232.5,238.5,231.0,237.3,28080,607230,14.983966,23293.1,23450.0,23250,ATM+3,PUT,23100,2026-06-11
2026-06-11 12:38:00+05:30,237.5,241.0,235.8,240.65,23855,606255,15.325024,23293.65,23450.0,23250,ATM+3,PUT,23100,2026-06-11
2026-06-11 12:39:00+05:30,240.2,240.65,235.55,235.7,12870,601835,15.09302,23297.65,23450.0,23250,ATM+3,PUT,23100,2026-06-11
2026-06-11 12:40:00+05:30,236.85,239.25,235.7,238.6,9100,607035,15.374643,23297.9,23450.0,23250,ATM+3,PUT,23100,2026-06-11
2026-06-11 12:41:00+05:30,238.4,241.6,236.6,239.8,13130,610480,15.332786,23295.15,23450.0,23250,ATM+3,PUT,23100,2026-06-11
2026-06-11 12:42:00+05:30,241.75,243.0,237.8,241.2,16185,615030,15.540432,23296.55,23450.0,23250,ATM+3,PUT,23100,2026-06-11
2026-06-11 12:43:00+05:30,240.45,245.95,239.3,241.5,31395,614575,15.398773,23293.5,23450.0,23250,ATM+3,PUT,23100,2026-06-11
2026-06-11 12:44:00+05:30,240.3,242.0,237.25,239.05,8580,602420,15.318918,23296.1,23450.0,23250,ATM+3,PUT,23100,2026-06-11
2026-06-11 12:45:00+05:30,240.55,242.85,239.0,240.0,6565,604760,15.348616,23295.05,23450.0,23250,ATM+3,PUT,23100,2026-06-11
2026-06-11 12:46:00+05:30,237.8,240.0,232.95,234.9,14755,605865,15.232709,23301.4,23450.0,23250,ATM+3,PUT,23100,2026-06-11
2026-06-11 12:47:00+05:30,233.45,241.65,232.85,240.05,10140,605865,15.25385,23293.25,23450.0,23250,ATM+3,PUT,23100,2026-06-11
2026-06-11 12:48:00+05:30,239.7,245.85,239.1,245.0,18980,607880,15.308221,23286.1,23450.0,23250,ATM+3,PUT,23100,2026-06-11
2026-06-11 12:49:00+05:30,244.3,251.0,242.15,249.5,38740,610935,15.113053,23275.45,23450.0,23250,ATM+3,PUT,23100,2026-06-11
2026-06-11 12:50:00+05:30,249.4,250.3,244.75,245.15,16510,601445,15.111403,23282.4,23450.0,23250,ATM+3,PUT,23100,2026-06-11
2026-06-11 12:51:00+05:30,243.0,248.5,240.8,248.5,16900,603525,15.34645,23281.05,23450.0,23250,ATM+3,PUT,23100,2026-06-11
2026-06-11 12:52:00+05:30,247.85,249.3,246.4,248.6,11310,601510,15.243797,23279.1,23450.0,23250,ATM+3,PUT,23100,2026-06-11
2026-06-11 12:53:00+05:30,246.35,248.6,243.65,244.9,5460,595725,15.219712,23284.65,23450.0,23250,ATM+3,PUT,23100,2026-06-11
2026-06-11 12:54:00+05:30,245.0,245.0,243.9,244.5,195,594815,14.736474,23276.95,23450.0,23250,ATM+3,PUT,23100,2026-06-11
2026-06-11 12:55:00+05:30,244.5,244.5,244.5,244.5,0,594815,14.736475,23276.95,23450.0,23250,ATM+3,PUT,23100,2026-06-11
2026-06-11 12:56:00+05:30,248.6,248.6,241.8,245.0,31785,595725,15.133487,23282.95,23450.0,23250,ATM+3,PUT,23100,2026-06-11
2026-06-11 12:57:00+05:30,246.7,246.7,232.8,232.8,23530,598910,14.914069,23299.0,23450.0,23250,ATM+3,PUT,23100,2026-06-11
2026-06-11 12:58:00+05:30,234.05,234.25,228.0,229.35,26195,595530,14.863926,23303.8,23450.0,23250,ATM+3,PUT,23100,2026-06-11
2026-06-11 12:59:00+05:30,231.35,236.6,226.1,226.1,16770,596960,14.811294,23308.25,23450.0,23250,ATM+3,PUT,23100,2026-06-11
2026-06-11 13:00:00+05:30,226.8,226.8,214.55,217.65,59930,601705,14.897462,23324.15,23450.0,23250,ATM+3,PUT,23100,2026-06-11
2026-06-11 13:01:00+05:30,216.55,224.25,215.0,224.25,36725,612950,14.96192,23314.1,23450.0,23250,ATM+3,PUT,23100,2026-06-11
2026-06-11 13:02:00+05:30,224.4,231.4,223.3,226.05,49010,618930,14.726351,23306.75,23450.0,23250,ATM+3,PUT,23100,2026-06-11
2026-06-11 13:03:00+05:30,227.0,231.0,226.05,231.0,16250,621075,15.038608,23304.15,23450.0,23250,ATM+3,PUT,23100,2026-06-11
2026-06-11 13:04:00+05:30,230.2,233.0,229.0,233.0,18785,621075,15.082292,23301.6,23450.0,23250,ATM+3,PUT,23100,2026-06-11
2026-06-11 13:05:00+05:30,232.05,233.6,230.0,230.95,24960,625365,14.95528,23302.7,23450.0,23250,ATM+3,PUT,23100,2026-06-11
2026-06-11 13:06:00+05:30,229.95,232.8,229.95,231.9,10075,621075,14.976897,23301.5,23450.0,23250,ATM+3,PUT,23100,2026-06-11
2026-06-11 13:07:00+05:30,231.6,234.2,230.2,234.2,9100,625105,15.053254,23299.05,23450.0,23250,ATM+3,PUT,23100,2026-06-11
2026-06-11 13:08:00+05:30,234.3,238.5,233.35,236.15,27690,623935,14.831574,23291.9,23450.0,23250,ATM+3,PUT,23100,2026-06-11
2026-06-11 13:09:00+05:30,235.45,245.0,235.45,244.05,23530,625300,14.920823,23280.65,23450.0,23250,ATM+3,PUT,23100,2026-06-11
2026-06-11 13:10:00+05:30,244.4,245.4,240.15,242.5,16900,616915,14.884163,23282.5,23450.0,23250,ATM+3,PUT,23100,2026-06-11
2026-06-11 13:11:00+05:30,240.45,247.05,240.45,243.5,13390,615615,14.771309,23278.95,23450.0,23250,ATM+3,PUT,23100,2026-06-11
2026-06-11 13:12:00+05:30,213.35,222.65,213.3,219.3,274950,3174730,14.726019,23267.45,23400.0,23250,ATM+3,PUT,23100,2026-06-11
2026-06-11 13:13:00+05:30,219.95,224.0,219.25,223.9,147745,3145935,14.762115,23260.35,23400.0,23250,ATM+3,PUT,23100,2026-06-11
2026-06-11 13:14:00+05:30,223.45,224.0,220.6,221.4,117910,3114670,14.483177,23259.45,23400.0,23250,ATM+3,PUT,23100,2026-06-11
2026-06-11 13:15:00+05:30,221.65,223.1,220.45,222.3,81705,3095365,14.610857,23260.25,23400.0,23250,ATM+3,PUT,23100,2026-06-11
2026-06-11 13:16:00+05:30,220.05,224.6,217.3,223.75,170365,3069950,14.465445,23255.2,23400.0,23250,ATM+3,PUT,23100,2026-06-11
2026-06-11 13:17:00+05:30,224.5,228.2,217.85,220.3,258700,3032770,14.592943,23263.25,23400.0,23250,ATM+3,PUT,23100,2026-06-11
2026-06-11 13:18:00+05:30,220.4,225.0,220.3,223.45,94380,3025945,14.357948,23253.75,23400.0,23250,ATM+3,PUT,23100,2026-06-11
2026-06-11 13:19:00+05:30,223.0,226.85,221.55,226.85,80145,3039920,14.692664,23254.1,23400.0,23250,ATM+3,PUT,23100,2026-06-11
2026-06-11 13:20:00+05:30,226.0,233.0,224.85,232.0,220155,3008525,14.962933,23250.4,23400.0,23250,ATM+3,PUT,23100,2026-06-11
2026-06-11 13:21:00+05:30,231.65,239.75,231.6,239.55,331305,2924155,15.007919,23238.8,23400.0,23250,ATM+3,PUT,23100,2026-06-11
2026-06-11 13:22:00+05:30,239.5,242.85,238.8,242.8,311415,2858895,14.708053,23228.4,23400.0,23250,ATM+3,PUT,23100,2026-06-11
2026-06-11 13:23:00+05:30,241.65,242.8,228.05,233.8,273650,2815605,14.759495,23243.8,23400.0,23250,ATM+3,PUT,23100,2026-06-11
2026-06-11 13:24:00+05:30,233.7,236.95,230.7,232.85,79300,2802995,14.412917,23239.3,23400.0,23250,ATM+3,PUT,23100,2026-06-11
2026-06-11 13:25:00+05:30,232.55,240.75,232.45,240.4,94445,2801565,14.742959,23232.8,23400.0,23250,ATM+3,PUT,23100,2026-06-11
2026-06-11 13:26:00+05:30,241.05,247.45,240.4,243.6,201695,2792010,14.590393,23225.1,23400.0,23250,ATM+3,PUT,23100,2026-06-11
2026-06-11 13:27:00+05:30,242.75,243.75,239.35,241.55,91000,2754570,14.723482,23230.6,23400.0,23250,ATM+3,PUT,23100,2026-06-11
2026-06-11 13:28:00+05:30,241.45,243.0,235.85,238.8,73450,2743260,14.659135,23233.9,23400.0,23250,ATM+3,PUT,23100,2026-06-11
2026-06-11 13:29:00+05:30,237.7,238.8,233.1,234.15,68900,2727010,14.744973,23242.9,23400.0,23250,ATM+3,PUT,23100,2026-06-11
2026-06-11 13:30:00+05:30,234.0,234.15,217.55,223.95,266045,2714335,14.621629,23257.5,23400.0,23250,ATM+3,PUT,23100,2026-06-11
2026-06-11 13:31:00+05:30,224.85,230.0,223.0,223.0,105625,2726750,14.490159,23256.7,23400.0,23250,ATM+3,PUT,23100,2026-06-11
2026-06-11 13:32:00+05:30,221.9,224.0,218.55,219.3,83135,2703545,14.486874,23262.8,23400.0,23250,ATM+3,PUT,23100,2026-06-11
2026-06-11 13:33:00+05:30,219.85,222.95,214.5,222.75,109590,2703155,14.582246,23258.75,23400.0,23250,ATM+3,PUT,23100,2026-06-11
2026-06-11 13:34:00+05:30,223.5,231.9,222.75,231.85,132925,2701725,14.576988,23243.65,23400.0,23250,ATM+3,PUT,23100,2026-06-11
2026-06-11 13:35:00+05:30,230.0,231.85,225.2,227.0,92690,2693925,14.431004,23249.0,23400.0,23250,ATM+3,PUT,23100,2026-06-11
2026-06-11 13:36:00+05:30,227.35,228.35,222.0,222.0,51480,2699840,14.37886,23256.3,23400.0,23250,ATM+3,PUT,23100,2026-06-11
2026-06-11 13:37:00+05:30,221.15,227.05,221.15,226.0,56355,2707380,14.458308,23251.1,23400.0,23250,ATM+3,PUT,23100,2026-06-11
2026-06-11 13:38:00+05:30,226.95,235.5,226.0,234.45,141180,2698605,14.750707,23242.4,23400.0,23250,ATM+3,PUT,23100,2026-06-11
2026-06-11 13:39:00+05:30,233.55,242.5,233.55,240.95,147355,2687425,14.798609,23232.7,23400.0,23250,ATM+3,PUT,23100,2026-06-11
2026-06-11 13:40:00+05:30,239.0,243.05,234.15,242.85,77740,2680600,14.980628,23232.75,23400.0,23250,ATM+3,PUT,23100,2026-06-11
2026-06-11 13:41:00+05:30,242.4,244.05,239.2,241.2,73970,2748460,14.635409,23229.5,23400.0,23250,ATM+3,PUT,23100,2026-06-11
2026-06-11 13:42:00+05:30,240.4,241.2,236.5,240.75,50960,2745600,14.605479,23229.7,23400.0,23250,ATM+3,PUT,23100,2026-06-11
2026-06-11 13:43:00+05:30,209.8,215.45,207.9,212.05,102700,1511965,14.217877,23219.45,23350.0,23250,ATM+3,PUT,23100,2026-06-11
2026-06-11 13:44:00+05:30,213.4,216.6,207.6,209.45,81900,1501175,14.221017,23223.9,23350.0,23250,ATM+3,PUT,23100,2026-06-11
2026-06-11 13:45:00+05:30,210.1,212.95,209.05,212.95,39195,1500265,14.394446,23221.15,23350.0,23250,ATM+3,PUT,23100,2026-06-11
2026-06-11 13:46:00+05:30,243.5,248.25,237.75,237.75,121615,2676960,14.205375,23227.7,23400.0,23250,ATM+3,PUT,23100,2026-06-11
2026-06-11 13:47:00+05:30,237.95,237.95,229.85,236.1,115180,2663050,14.350571,23232.75,23400.0,23250,ATM+3,PUT,23100,2026-06-11
2026-06-11 13:48:00+05:30,235.95,237.05,230.5,236.15,45500,2670330,14.308638,23231.95,23400.0,23250,ATM+3,PUT,23100,2026-06-11
2026-06-11 13:49:00+05:30,237.05,240.4,235.3,238.05,60320,2682225,14.39388,23230.35,23400.0,23250,ATM+3,PUT,23100,2026-06-11
2026-06-11 13:50:00+05:30,206.85,210.6,206.85,209.6,83915,1524120,14.255122,23224.2,23350.0,23250,ATM+3,PUT,23100,2026-06-11
2026-06-11 13:51:00+05:30,238.9,243.75,236.0,238.4,45305,2695810,14.180203,23226.2,23400.0,23250,ATM+3,PUT,23100,2026-06-11
2026-06-11 13:52:00+05:30,238.25,242.65,233.75,234.0,52715,2683980,13.988611,23229.95,23400.0,23250,ATM+3,PUT,23100,2026-06-11
2026-06-11 13:53:00+05:30,235.65,235.8,231.45,232.9,54405,2672475,14.235745,23235.85,23400.0,23250,ATM+3,PUT,23100,2026-06-11
2026-06-11 13:54:00+05:30,232.95,237.9,232.4,235.15,36790,2675205,14.368935,23234.5,23400.0,23250,ATM+3,PUT,23100,2026-06-11
2026-06-11 13:55:00+05:30,235.0,239.0,232.65,232.65,26520,2672670,14.222358,23236.0,23400.0,23250,ATM+3,PUT,23100,2026-06-11
2026-06-11 13:56:00+05:30,233.45,235.75,228.9,229.5,34190,2675205,14.178583,23240.3,23400.0,23250,ATM+3,PUT,23100,2026-06-11
2026-06-11 13:57:00+05:30,229.8,234.75,226.95,232.9,62140,2659800,14.44016,23239.3,23400.0,23250,ATM+3,PUT,23100,2026-06-11
2026-06-11 13:58:00+05:30,232.0,232.9,224.1,225.65,75985,2659930,14.266926,23248.05,23400.0,23250,ATM+3,PUT,23100,2026-06-11
2026-06-11 13:59:00+05:30,227.4,237.95,225.65,235.05,75270,2651350,14.274342,23233.0,23400.0,23250,ATM+3,PUT,23100,2026-06-11
2026-06-11 14:00:00+05:30,235.75,238.3,229.3,230.0,73385,2681120,14.222385,23240.2,23400.0,23250,ATM+3,PUT,23100,2026-06-11
2026-06-11 14:01:00+05:30,231.3,234.8,229.5,232.65,25350,2695940,14.21754,23235.85,23400.0,23250,ATM+3,PUT,23100,2026-06-11
2026-06-11 14:02:00+05:30,233.7,235.0,232.3,233.8,30745,2695485,14.146363,23232.8,23400.0,23250,ATM+3,PUT,23100,2026-06-11
2026-06-11 14:03:00+05:30,233.3,235.2,231.5,234.4,25675,2707445,14.407205,23236.25,23400.0,23250,ATM+3,PUT,23100,2026-06-11
2026-06-11 14:04:00+05:30,234.4,237.15,231.25,234.3,44200,2699190,14.404337,23236.35,23400.0,23250,ATM+3,PUT,23100,2026-06-11
2026-06-11 14:05:00+05:30,234.05,240.55,233.0,235.0,80210,2681380,14.229158,23232.25,23400.0,23250,ATM+3,PUT,23100,2026-06-11
2026-06-11 14:06:00+05:30,235.25,237.2,231.65,234.45,39845,2694705,14.213445,23232.85,23400.0,23250,ATM+3,PUT,23100,2026-06-11
2026-06-11 14:07:00+05:30,202.95,214.7,202.95,214.7,68835,1501370,14.50851,23220.0,23350.0,23250,ATM+3,PUT,23100,2026-06-11
2026-06-11 14:08:00+05:30,214.05,221.45,213.25,221.45,138125,1490645,14.586111,23210.05,23350.0,23250,ATM+3,PUT,23100,2026-06-11
2026-06-11 14:09:00+05:30,222.0,224.2,216.05,216.75,184080,1450930,14.292997,23212.6,23350.0,23250,ATM+3,PUT,23100,2026-06-11
2026-06-11 14:10:00+05:30,216.75,219.15,211.7,217.4,57655,1437930,14.464328,23214.6,23350.0,23250,ATM+3,PUT,23100,2026-06-11
2026-06-11 14:11:00+05:30,218.5,221.6,215.3,217.4,57850,1429740,14.382249,23213.1,23350.0,23250,ATM+3,PUT,23100,2026-06-11
2026-06-11 14:12:00+05:30,216.8,220.1,214.5,218.1,59540,1429935,14.297865,23210.4,23350.0,23250,ATM+3,PUT,23100,2026-06-11
2026-06-11 14:13:00+05:30,218.35,219.0,208.25,209.2,74490,1420380,14.182847,23223.25,23350.0,23250,ATM+3,PUT,23100,2026-06-11
2026-06-11 14:14:00+05:30,208.45,213.4,205.8,213.0,51350,1415375,14.345938,23219.8,23350.0,23250,ATM+3,PUT,23100,2026-06-11
2026-06-11 14:15:00+05:30,212.2,215.95,210.0,213.25,62010,1413230,14.117087,23215.2,23350.0,23250,ATM+3,PUT,23100,2026-06-11
2026-06-11 14:16:00+05:30,212.85,213.7,209.2,213.4,24570,1419015,14.192381,23216.3,23350.0,23250,ATM+3,PUT,23100,2026-06-11
2026-06-11 14:17:00+05:30,214.15,215.8,212.35,215.0,29055,1419925,14.227884,23214.25,23350.0,23250,ATM+3,PUT,23100,2026-06-11
2026-06-11 14:18:00+05:30,214.1,220.7,214.1,219.7,43615,1418105,14.316391,23208.0,23350.0,23250,ATM+3,PUT,23100,2026-06-11
2026-06-11 14:19:00+05:30,220.5,222.35,212.9,212.9,52455,1411735,14.175756,23216.8,23350.0,23250,ATM+3,PUT,23100,2026-06-11
2026-06-11 14:20:00+05:30,211.0,212.9,206.8,209.5,75660,1405950,14.201732,23223.0,23350.0,23250,ATM+3,PUT,23100,2026-06-11
2026-06-11 14:21:00+05:30,209.15,211.75,207.0,210.4,31655,1408420,14.108183,23219.75,23350.0,23250,ATM+3,PUT,23100,2026-06-11
2026-06-11 14:22:00+05:30,212.95,212.95,208.4,211.6,23660,1406340,14.233301,23220.0,23350.0,23250,ATM+3,PUT,23100,2026-06-11
2026-06-11 14:23:00+05:30,211.5,220.0,209.7,219.5,30875,1404065,14.37124,23209.25,23350.0,23250,ATM+3,PUT,23100,2026-06-11
2026-06-11 14:24:00+05:30,219.0,220.65,217.1,218.0,43810,1408550,14.072159,23206.4,23350.0,23250,ATM+3,PUT,23100,2026-06-11
2026-06-11 14:25:00+05:30,218.35,218.35,211.4,212.45,24700,1411150,14.124453,23216.55,23350.0,23250,ATM+3,PUT,23100,2026-06-11
2026-06-11 14:26:00+05:30,243.6,245.25,236.9,237.55,51155,2476565,14.052582,23225.05,23400.0,23250,ATM+3,PUT,23100,2026-06-11
2026-06-11 14:27:00+05:30,238.1,239.75,234.0,236.8,79885,2469025,14.060601,23226.35,23400.0,23250,ATM+3,PUT,23100,2026-06-11
2026-06-11 14:28:00+05:30,233.5,236.8,219.4,220.5,149955,2447055,14.006404,23251.55,23400.0,23250,ATM+3,PUT,23100,2026-06-11
2026-06-11 14:29:00+05:30,220.15,230.1,218.6,230.1,122200,2449265,14.306717,23241.15,23400.0,23250,ATM+3,PUT,23100,2026-06-11
2026-06-11 14:30:00+05:30,230.65,236.8,225.6,225.9,101205,2463890,14.162527,23245.45,23400.0,23250,ATM+3,PUT,23100,2026-06-11
2026-06-11 14:31:00+05:30,225.25,230.7,225.2,229.05,38675,2474875,14.147984,23240.1,23400.0,23250,ATM+3,PUT,23100,2026-06-11
2026-06-11 14:32:00+05:30,229.55,233.65,226.65,226.65,36010,2469610,14.118338,23243.45,23400.0,23250,ATM+3,PUT,23100,2026-06-11
2026-06-11 14:33:00+05:30,227.25,239.0,226.65,237.8,44655,2465645,14.322427,23229.05,23400.0,23250,ATM+3,PUT,23100,2026-06-11
2026-06-11 14:34:00+05:30,238.8,240.0,234.55,236.85,62335,2449850,14.391113,23231.7,23400.0,23250,ATM+3,PUT,23100,2026-06-11
2026-06-11 14:35:00+05:30,237.2,237.2,230.9,235.85,36725,2445755,14.624309,23237.25,23400.0,23250,ATM+3,PUT,23100,2026-06-11
2026-06-11 14:36:00+05:30,203.9,214.75,203.4,214.4,62790,1348685,14.132557,23213.3,23350.0,23250,ATM+3,PUT,23100,2026-06-11
2026-06-11 14:37:00+05:30,247.0,256.65,243.55,246.35,164515,2417870,14.957205,23226.05,23400.0,23250,ATM+3,PUT,23100,2026-06-11
2026-06-11 14:38:00+05:30,213.7,219.4,209.1,217.85,48945,1310790,14.734051,23218.4,23350.0,23250,ATM+3,PUT,23100,2026-06-11
2026-06-11 14:39:00+05:30,217.55,227.15,217.55,220.4,151905,1300975,14.899259,23217.1,23350.0,23250,ATM+3,PUT,23100,2026-06-11
2026-06-11 14:40:00+05:30,221.1,226.4,219.05,224.4,82420,1297075,14.782579,23208.25,23350.0,23250,ATM+3,PUT,23100,2026-06-11
2026-06-11 14:41:00+05:30,225.0,228.95,222.5,222.7,78910,1289145,14.932684,23213.8,23350.0,23250,ATM+3,PUT,23100,2026-06-11
2026-06-11 14:42:00+05:30,222.05,227.15,220.45,226.75,44980,1276210,15.134944,23210.65,23350.0,23250,ATM+3,PUT,23100,2026-06-11
2026-06-11 14:43:00+05:30,227.0,237.0,223.5,237.0,109655,1263470,15.343159,23197.3,23350.0,23250,ATM+3,PUT,23100,2026-06-11
2026-06-11 14:44:00+05:30,236.75,237.45,230.75,233.0,66885,1239485,15.134565,23200.2,23350.0,23250,ATM+3,PUT,23100,2026-06-11
2026-06-11 14:45:00+05:30,230.9,237.8,230.9,237.05,76180,1224015,15.346516,23197.25,23350.0,23250,ATM+3,PUT,23100,2026-06-11
2026-06-11 14:46:00+05:30,236.7,242.05,229.8,242.05,94900,1204840,15.516388,23192.0,23350.0,23250,ATM+3,PUT,23100,2026-06-11
2026-06-11 14:47:00+05:30,211.6,226.5,209.9,223.6,1078415,4872465,15.229304,23167.1,23300.0,23250,ATM+3,PUT,23100,2026-06-11
2026-06-11 14:48:00+05:30,256.6,257.3,244.45,246.25,86710,1137695,15.238262,23180.35,23350.0,23250,ATM+3,PUT,23100,2026-06-11
2026-06-11 14:49:00+05:30,246.3,247.0,238.5,240.35,42185,1133080,15.422317,23193.1,23350.0,23250,ATM+3,PUT,23100,2026-06-11
2026-06-11 14:50:00+05:30,210.55,222.0,208.75,219.75,377975,4616170,15.182111,23172.75,23300.0,23250,ATM+3,PUT,23100,2026-06-11
2026-06-11 14:51:00+05:30,219.0,220.5,213.7,218.0,202280,4585490,15.002572,23172.4,23300.0,23250,ATM+3,PUT,23100,2026-06-11
2026-06-11 14:52:00+05:30,217.8,220.75,216.05,220.75,148525,4565990,15.186859,23171.1,23300.0,23250,ATM+3,PUT,23100,2026-06-11
2026-06-11 14:53:00+05:30,219.2,220.75,215.4,215.85,136110,4550130,14.892081,23174.0,23300.0,23250,ATM+3,PUT,23100,2026-06-11
2026-06-11 14:54:00+05:30,215.5,219.95,215.3,218.45,109525,4517045,15.008503,23171.7,23300.0,23250,ATM+3,PUT,23100,2026-06-11
2026-06-11 14:55:00+05:30,217.85,220.2,215.05,216.65,157365,4499105,14.891761,23172.6,23300.0,23250,ATM+3,PUT,23100,2026-06-11
2026-06-11 14:56:00+05:30,216.15,220.45,215.65,219.75,139945,4489095,15.056927,23170.35,23300.0,23250,ATM+3,PUT,23100,2026-06-11
2026-06-11 14:57:00+05:30,220.1,223.95,217.9,220.05,190580,4449185,14.85894,23166.2,23300.0,23250,ATM+3,PUT,23100,2026-06-11
2026-06-11 14:58:00+05:30,220.0,220.05,215.6,215.6,137670,4448860,14.791588,23172.5,23300.0,23250,ATM+3,PUT,23100,2026-06-11
2026-06-11 14:59:00+05:30,246.95,254.4,245.85,249.6,43940,1058330,15.368991,23177.05,23350.0,23250,ATM+3,PUT,23100,2026-06-11
2026-06-11 15:00:00+05:30,214.95,226.4,203.55,226.4,621595,4327310,14.772702,23154.0,23300.0,23250,ATM+3,PUT,23100,2026-06-11
2026-06-11 15:01:00+05:30,226.25,232.35,224.3,226.5,628745,4217785,14.734684,23153.15,23300.0,23250,ATM+3,PUT,23100,2026-06-11
2026-06-11 15:02:00+05:30,229.0,234.85,223.85,227.15,425230,4127760,15.113191,23158.8,23300.0,23250,ATM+3,PUT,23100,2026-06-11
2026-06-11 15:03:00+05:30,226.55,232.0,226.55,228.9,203190,4130230,15.246222,23158.25,23300.0,23250,ATM+3,PUT,23100,2026-06-11
2026-06-11 15:04:00+05:30,229.55,232.95,227.1,231.7,182195,4111965,14.758859,23145.0,23300.0,23250,ATM+3,PUT,23100,2026-06-11
2026-06-11 15:05:00+05:30,233.15,237.3,230.95,231.95,383955,3969745,14.929581,23147.55,23300.0,23250,ATM+3,PUT,23100,2026-06-11
2026-06-11 15:06:00+05:30,231.65,238.3,230.1,236.55,244400,3916575,14.889935,23139.35,23300.0,23250,ATM+3,PUT,23100,2026-06-11
2026-06-11 15:07:00+05:30,237.3,238.8,230.8,231.05,184925,3884010,14.878011,23148.1,23300.0,23250,ATM+3,PUT,23100,2026-06-11
2026-06-11 15:08:00+05:30,230.7,233.4,226.7,233.0,242515,3840850,14.381474,23136.4,23300.0,23250,ATM+3,PUT,23100,2026-06-11
2026-06-11 15:09:00+05:30,234.25,234.8,227.65,229.6,217945,3811730,14.497818,23143.85,23300.0,23250,ATM+3,PUT,23100,2026-06-11
2026-06-11 15:10:00+05:30,228.9,229.6,219.25,219.25,242385,3791710,13.980509,23151.75,23300.0,23250,ATM+3,PUT,23100,2026-06-11
2026-06-11 15:11:00+05:30,220.45,225.9,217.0,225.7,188110,3753815,14.145197,23144.1,23300.0,23250,ATM+3,PUT,23100,2026-06-11
2026-06-11 15:12:00+05:30,225.0,228.5,220.75,221.65,180245,3736720,14.196153,23151.55,23300.0,23250,ATM+3,PUT,23100,2026-06-11
2026-06-11 15:13:00+05:30,221.05,221.65,216.0,216.1,176150,3716830,14.261716,23161.85,23300.0,23250,ATM+3,PUT,23100,2026-06-11
2026-06-11 15:14:00+05:30,216.35,221.05,214.45,220.1,145535,3687710,14.854118,23165.8,23300.0,23250,ATM+3,PUT,23100,2026-06-11
2026-06-11 15:15:00+05:30,220.8,227.9,219.9,219.9,395850,3598985,14.869295,23166.4,23300.0,23250,ATM+3,PUT,23100,2026-06-11
2026-06-11 15:16:00+05:30,252.5,252.7,239.8,240.0,102765,871195,14.677653,23180.55,23350.0,23250,ATM+3,PUT,23100,2026-06-11
2026-06-11 15:17:00+05:30,240.1,241.65,236.55,239.95,50375,856050,14.753934,23181.9,23350.0,23250,ATM+3,PUT,23100,2026-06-11
2026-06-11 15:18:00+05:30,238.4,248.8,238.2,247.45,22490,851110,15.421279,23181.15,23350.0,23250,ATM+3,PUT,23100,2026-06-11
2026-06-11 15:19:00+05:30,215.85,220.65,215.2,218.7,192725,3526575,15.066671,23172.0,23300.0,23250,ATM+3,PUT,23100,2026-06-11
2026-06-11 15:20:00+05:30,250.6,251.05,246.3,247.15,28535,834990,15.220343,23178.2,23350.0,23250,ATM+3,PUT,23100,2026-06-11
2026-06-11 15:21:00+05:30,246.55,248.1,242.1,248.1,39000,828295,15.219275,23176.65,23350.0,23250,ATM+3,PUT,23100,2026-06-11
2026-06-11 15:22:00+05:30,216.6,219.55,215.3,218.55,66365,3437590,14.940924,23169.9,23300.0,23250,ATM+3,PUT,23100,2026-06-11
2026-06-11 15:23:00+05:30,219.1,221.85,215.4,215.4,103740,3403465,14.704369,23170.9,23300.0,23250,ATM+3,PUT,23100,2026-06-11
2026-06-11 15:24:00+05:30,215.35,217.0,213.65,215.0,99255,3372590,14.814929,23173.6,23300.0,23250,ATM+3,PUT,23100,2026-06-11
2026-06-11 15:25:00+05:30,214.65,215.35,207.5,207.5,191295,3289325,14.164803,23174.4,23300.0,23250,ATM+3,PUT,23100,2026-06-11
2026-06-11 15:26:00+05:30,238.45,240.85,232.65,233.6,24700,797420,13.833116,23176.6,23350.0,23250,ATM+3,PUT,23100,2026-06-11
2026-06-11 15:27:00+05:30,233.6,238.7,233.0,236.4,38025,789490,14.254798,23179.1,23350.0,23250,ATM+3,PUT,23100,2026-06-11
2026-06-11 15:28:00+05:30,236.25,238.4,235.85,236.15,34515,772655,14.288945,23180.05,23350.0,23250,ATM+3,PUT,23100,2026-06-11
2026-06-11 15:29:00+05:30,236.8,236.8,232.1,234.6,35295,760565,14.529999,23186.55,23350.0,23250,ATM+3,PUT,23100,2026-06-11
2026-06-11 09:15:00+05:30,108.7,108.7,82.2,94.35,1560455,5673915,14.296074,23104.4,23300.0,23300,ATM+4,CALL,23100,2026-06-11
2026-06-11 09:16:00+05:30,92.55,94.35,82.6,82.6,1014195,5826275,13.881551,23082.3,23300.0,23300,ATM+4,CALL,23100,2026-06-11
2026-06-11 09:17:00+05:30,83.5,88.3,82.5,88.3,569790,6018935,14.096319,23092.9,23300.0,23300,ATM+4,CALL,23100,2026-06-11
2026-06-11 09:18:00+05:30,88.1,91.8,87.0,88.4,599300,6122870,13.871526,23100.1,23300.0,23300,ATM+4,CALL,23100,2026-06-11
2026-06-11 09:19:00+05:30,88.2,92.5,88.2,92.0,416520,6248060,13.693663,23115.85,23300.0,23300,ATM+4,CALL,23100,2026-06-11
2026-06-11 09:20:00+05:30,76.9,78.9,74.5,78.65,292110,2878070,13.581549,23128.6,23350.0,23300,ATM+4,CALL,23100,2026-06-11
2026-06-11 09:21:00+05:30,78.3,84.7,77.85,83.3,338390,2928640,13.597907,23142.45,23350.0,23300,ATM+4,CALL,23100,2026-06-11
2026-06-11 09:22:00+05:30,83.05,84.2,79.6,81.75,293085,2952885,13.433606,23142.9,23350.0,23300,ATM+4,CALL,23100,2026-06-11
2026-06-11 09:23:00+05:30,82.65,84.35,79.3,79.8,217945,2974270,13.487891,23135.25,23350.0,23300,ATM+4,CALL,23100,2026-06-11
2026-06-11 09:24:00+05:30,97.0,98.35,91.35,91.7,455260,6583200,13.638341,23116.8,23300.0,23300,ATM+4,CALL,23100,2026-06-11
2026-06-11 09:25:00+05:30,90.9,92.5,89.2,90.15,388765,6626620,13.752485,23109.0,23300.0,23300,ATM+4,CALL,23100,2026-06-11
2026-06-11 09:26:00+05:30,89.55,91.7,88.2,90.65,294255,6713785,13.851134,23107.5,23300.0,23300,ATM+4,CALL,23100,2026-06-11
2026-06-11 09:27:00+05:30,89.95,91.7,85.5,88.65,469430,6774365,13.860405,23101.45,23300.0,23300,ATM+4,CALL,23100,2026-06-11
2026-06-11 09:28:00+05:30,88.45,92.75,88.45,91.9,371735,6927440,13.634448,23117.6,23300.0,23300,ATM+4,CALL,23100,2026-06-11
2026-06-11 09:29:00+05:30,92.25,94.95,90.6,92.9,421005,6966570,13.584933,23121.9,23300.0,23300,ATM+4,CALL,23100,2026-06-11
2026-06-11 09:30:00+05:30,93.2,93.55,87.0,88.05,425880,7030010,13.511902,23110.35,23300.0,23300,ATM+4,CALL,23100,2026-06-11
2026-06-11 09:31:00+05:30,87.9,90.35,85.4,90.35,332865,7161050,13.513819,23116.9,23300.0,23300,ATM+4,CALL,23100,2026-06-11
2026-06-11 09:32:00+05:30,91.4,93.3,87.75,87.75,372385,7211685,13.365629,23113.95,23300.0,23300,ATM+4,CALL,23100,2026-06-11
2026-06-11 09:33:00+05:30,87.95,88.25,83.1,83.4,813020,7261540,13.354774,23101.6,23300.0,23300,ATM+4,CALL,23100,2026-06-11
2026-06-11 09:34:00+05:30,83.35,87.4,83.25,86.65,368940,7184125,13.404918,23109.65,23300.0,23300,ATM+4,CALL,23100,2026-06-11
2026-06-11 09:35:00+05:30,86.15,86.65,82.0,82.5,321750,7214090,13.420317,23096.95,23300.0,23300,ATM+4,CALL,23100,2026-06-11
2026-06-11 09:36:00+05:30,82.45,86.6,82.35,86.6,237705,7253350,13.312733,23112.35,23300.0,23300,ATM+4,CALL,23100,2026-06-11
2026-06-11 09:37:00+05:30,86.35,89.9,86.35,88.85,342615,7261865,13.295007,23119.35,23300.0,23300,ATM+4,CALL,23100,2026-06-11
2026-06-11 09:38:00+05:30,73.95,77.25,73.4,76.1,141245,3243110,13.304206,23129.95,23350.0,23300,ATM+4,CALL,23100,2026-06-11
2026-06-11 09:39:00+05:30,76.5,78.4,76.1,77.7,159705,3214705,13.388397,23132.35,23350.0,23300,ATM+4,CALL,23100,2026-06-11
2026-06-11 09:40:00+05:30,93.6,94.0,88.15,88.3,327535,7280520,13.232244,23119.75,23300.0,23300,ATM+4,CALL,23100,2026-06-11
2026-06-11 09:41:00+05:30,88.1,89.6,86.85,88.7,234585,7350200,13.25114,23120.35,23300.0,23300,ATM+4,CALL,23100,2026-06-11
2026-06-11 09:42:00+05:30,88.85,89.25,85.7,87.35,220025,7391215,13.135407,23120.0,23300.0,23300,ATM+4,CALL,23100,2026-06-11
2026-06-11 09:43:00+05:30,72.8,78.85,72.15,78.25,162370,3286985,13.163088,23141.3,23350.0,23300,ATM+4,CALL,23100,2026-06-11
2026-06-11 09:44:00+05:30,78.65,80.25,78.2,79.15,210535,3246425,13.158152,23144.25,23350.0,23300,ATM+4,CALL,23100,2026-06-11
2026-06-11 09:45:00+05:30,79.4,81.45,76.6,79.45,192660,3204760,13.143629,23145.65,23350.0,23300,ATM+4,CALL,23100,2026-06-11
2026-06-11 09:46:00+05:30,79.5,81.5,77.8,81.2,111800,3244020,13.030944,23154.45,23350.0,23300,ATM+4,CALL,23100,2026-06-11
2026-06-11 09:47:00+05:30,81.45,81.65,79.2,79.6,129870,3278210,13.030099,23149.7,23350.0,23300,ATM+4,CALL,23100,2026-06-11
2026-06-11 09:48:00+05:30,79.9,80.45,76.65,76.65,108615,3287375,13.004261,23141.5,23350.0,23300,ATM+4,CALL,23100,2026-06-11
2026-06-11 09:49:00+05:30,77.05,81.0,76.65,80.7,105625,3275805,13.022688,23153.3,23350.0,23300,ATM+4,CALL,23100,2026-06-11
2026-06-11 09:50:00+05:30,80.65,85.85,78.2,85.45,245830,3276455,13.167236,23162.9,23350.0,23300,ATM+4,CALL,23100,2026-06-11
2026-06-11 09:51:00+05:30,84.4,86.9,83.35,86.15,271245,3235440,13.082593,23167.5,23350.0,23300,ATM+4,CALL,23100,2026-06-11
2026-06-11 09:52:00+05:30,86.1,86.9,83.9,86.1,150865,3238040,12.968846,23170.8,23350.0,23300,ATM+4,CALL,23100,2026-06-11
2026-06-11 09:53:00+05:30,86.2,88.0,85.1,86.05,156455,3250065,12.91495,23172.3,23350.0,23300,ATM+4,CALL,23100,2026-06-11
2026-06-11 09:54:00+05:30,86.15,86.25,81.15,81.15,149825,3255785,13.101986,23152.35,23350.0,23300,ATM+4,CALL,23100,2026-06-11
2026-06-11 09:55:00+05:30,81.4,82.0,77.2,77.8,220285,3234205,13.113054,23141.85,23350.0,23300,ATM+4,CALL,23100,2026-06-11
2026-06-11 09:56:00+05:30,77.85,80.65,77.0,77.0,119405,3231540,13.078201,23140.5,23350.0,23300,ATM+4,CALL,23100,2026-06-11
2026-06-11 09:57:00+05:30,76.85,77.15,73.7,74.2,167830,3254095,13.096048,23131.15,23350.0,23300,ATM+4,CALL,23100,2026-06-11
2026-06-11 09:58:00+05:30,89.55,90.1,85.0,85.25,445770,7465965,13.127048,23114.7,23300.0,23300,ATM+4,CALL,23100,2026-06-11
2026-06-11 09:59:00+05:30,85.1,88.2,84.0,85.3,419575,7531485,13.036424,23117.6,23300.0,23300,ATM+4,CALL,23100,2026-06-11
2026-06-11 10:00:00+05:30,70.2,74.45,70.2,73.9,144885,3315000,13.098678,23130.2,23350.0,23300,ATM+4,CALL,23100,2026-06-11
2026-06-11 10:01:00+05:30,74.65,75.5,73.45,74.55,101075,3321890,13.092576,23132.5,23350.0,23300,ATM+4,CALL,23100,2026-06-11
2026-06-11 10:02:00+05:30,89.85,89.9,86.2,87.2,200720,7609550,13.043391,23122.9,23300.0,23300,ATM+4,CALL,23100,2026-06-11
2026-06-11 10:03:00+05:30,86.9,89.9,85.25,86.15,177645,7629700,13.013065,23120.85,23300.0,23300,ATM+4,CALL,23100,2026-06-11
2026-06-11 10:04:00+05:30,86.2,87.25,82.75,82.75,261300,7660250,13.095136,23108.55,23300.0,23300,ATM+4,CALL,23100,2026-06-11
2026-06-11 10:05:00+05:30,82.85,85.05,81.0,84.6,427960,7738640,13.15925,23112.05,23300.0,23300,ATM+4,CALL,23100,2026-06-11
2026-06-11 10:06:00+05:30,70.15,75.9,69.7,74.9,199420,3387865,12.981432,23137.3,23350.0,23300,ATM+4,CALL,23100,2026-06-11
2026-06-11 10:07:00+05:30,75.3,78.75,74.3,78.45,144430,3337750,12.998266,23147.8,23350.0,23300,ATM+4,CALL,23100,2026-06-11
2026-06-11 10:08:00+05:30,78.2,82.3,77.35,82.1,200785,3326505,13.059635,23156.9,23350.0,23300,ATM+4,CALL,23100,2026-06-11
2026-06-11 10:09:00+05:30,82.85,83.4,80.15,80.15,187655,3296605,12.870189,23156.95,23350.0,23300,ATM+4,CALL,23100,2026-06-11
2026-06-11 10:10:00+05:30,79.95,83.15,79.55,80.75,143845,3314155,12.885307,23158.3,23350.0,23300,ATM+4,CALL,23100,2026-06-11
2026-06-11 10:11:00+05:30,80.8,83.25,80.55,83.25,99320,3313440,12.973354,23163.0,23350.0,23300,ATM+4,CALL,23100,2026-06-11
2026-06-11 10:12:00+05:30,83.1,83.4,80.0,80.45,96785,3313765,12.91192,23156.65,23350.0,23300,ATM+4,CALL,23100,2026-06-11
2026-06-11 10:13:00+05:30,80.45,82.3,80.25,81.6,65975,3322735,12.923014,23159.75,23350.0,23300,ATM+4,CALL,23100,2026-06-11
2026-06-11 10:14:00+05:30,81.7,82.9,76.9,77.45,132210,3330275,12.916693,23147.5,23350.0,23300,ATM+4,CALL,23100,2026-06-11
2026-06-11 10:15:00+05:30,78.1,81.35,77.45,80.65,83655,3336450,12.893487,23157.9,23350.0,23300,ATM+4,CALL,23100,2026-06-11
2026-06-11 10:16:00+05:30,80.5,83.8,80.5,82.2,196040,3361670,12.812976,23164.95,23350.0,23300,ATM+4,CALL,23100,2026-06-11
2026-06-11 10:17:00+05:30,81.9,85.0,81.5,84.9,168610,3390595,12.933659,23169.15,23350.0,23300,ATM+4,CALL,23100,2026-06-11
2026-06-11 10:18:00+05:30,84.7,86.9,81.95,86.15,154765,3382145,12.925246,23173.0,23350.0,23300,ATM+4,CALL,23100,2026-06-11
2026-06-11 10:19:00+05:30,70.85,73.0,70.2,72.85,292500,6620575,12.889932,23183.15,23400.0,23300,ATM+4,CALL,23100,2026-06-11
2026-06-11 10:20:00+05:30,72.9,76.95,71.2,76.35,586690,6554470,13.014937,23190.25,23400.0,23300,ATM+4,CALL,23100,2026-06-11
2026-06-11 10:21:00+05:30,75.8,76.35,71.5,71.85,307710,6449950,12.823064,23182.15,23400.0,23300,ATM+4,CALL,23100,2026-06-11
2026-06-11 10:22:00+05:30,73.0,73.6,71.45,72.1,150020,6463860,12.91891,23179.9,23400.0,23300,ATM+4,CALL,23100,2026-06-11
2026-06-11 10:23:00+05:30,72.15,74.1,71.9,73.35,135915,6460350,12.993553,23181.55,23400.0,23300,ATM+4,CALL,23100,2026-06-11
2026-06-11 10:24:00+05:30,72.8,73.35,70.8,71.75,113880,6468995,12.890399,23179.75,23400.0,23300,ATM+4,CALL,23100,2026-06-11
2026-06-11 10:25:00+05:30,71.9,72.65,70.65,70.65,116285,6462690,12.793284,23179.35,23400.0,23300,ATM+4,CALL,23100,2026-06-11
2026-06-11 10:26:00+05:30,71.2,76.0,70.65,75.8,217100,6441890,12.874628,23193.15,23400.0,23300,ATM+4,CALL,23100,2026-06-11
2026-06-11 10:27:00+05:30,76.0,81.3,75.4,81.3,616915,6414980,12.947588,23207.6,23400.0,23300,ATM+4,CALL,23100,2026-06-11
2026-06-11 10:28:00+05:30,81.4,81.75,75.9,77.75,389870,6431815,12.86859,23199.4,23400.0,23300,ATM+4,CALL,23100,2026-06-11
2026-06-11 10:29:00+05:30,77.6,80.2,77.25,77.85,384215,6523465,12.876118,23199.5,23400.0,23300,ATM+4,CALL,23100,2026-06-11
2026-06-11 10:30:00+05:30,78.35,80.8,73.1,74.2,316810,6428305,12.854622,23188.9,23400.0,23300,ATM+4,CALL,23100,2026-06-11
2026-06-11 10:31:00+05:30,74.3,76.55,72.55,76.05,246285,6412900,12.713032,23199.15,23400.0,23300,ATM+4,CALL,23100,2026-06-11
2026-06-11 10:32:00+05:30,76.3,79.2,74.9,77.8,176930,6438380,12.729444,23204.0,23400.0,23300,ATM+4,CALL,23100,2026-06-11
2026-06-11 10:33:00+05:30,76.95,77.8,74.55,77.0,155935,6423365,12.814427,23198.95,23400.0,23300,ATM+4,CALL,23100,2026-06-11
2026-06-11 10:34:00+05:30,76.55,77.2,75.65,76.5,72215,6447025,12.707203,23200.8,23400.0,23300,ATM+4,CALL,23100,2026-06-11
2026-06-11 10:35:00+05:30,76.5,79.4,76.5,76.75,171925,6433050,12.713388,23201.4,23400.0,23300,ATM+4,CALL,23100,2026-06-11
2026-06-11 10:36:00+05:30,76.5,76.75,74.15,75.4,226005,6452940,12.74795,23196.2,23400.0,23300,ATM+4,CALL,23100,2026-06-11
2026-06-11 10:37:00+05:30,75.75,76.85,73.6,74.45,99125,6462040,12.791476,23191.9,23400.0,23300,ATM+4,CALL,23100,2026-06-11
2026-06-11 10:38:00+05:30,75.6,77.2,74.45,77.2,119470,6456385,12.834007,23199.1,23400.0,23300,ATM+4,CALL,23100,2026-06-11
2026-06-11 10:39:00+05:30,78.05,80.05,76.6,79.1,213005,6447675,12.750974,23207.45,23400.0,23300,ATM+4,CALL,23100,2026-06-11
2026-06-11 10:40:00+05:30,79.15,81.05,77.85,80.6,207675,6412250,12.735759,23212.4,23400.0,23300,ATM+4,CALL,23100,2026-06-11
2026-06-11 10:41:00+05:30,80.5,81.1,77.1,77.15,185770,6374160,12.692339,23203.45,23400.0,23300,ATM+4,CALL,23100,2026-06-11
2026-06-11 10:42:00+05:30,77.9,78.9,76.1,78.9,153595,6382545,12.78629,23205.85,23400.0,23300,ATM+4,CALL,23100,2026-06-11
2026-06-11 10:43:00+05:30,78.55,79.55,77.2,77.45,116155,6385795,12.766971,23202.1,23400.0,23300,ATM+4,CALL,23100,2026-06-11
2026-06-11 10:44:00+05:30,77.45,78.75,75.95,77.95,137345,6405880,12.728097,23204.85,23400.0,23300,ATM+4,CALL,23100,2026-06-11
2026-06-11 10:45:00+05:30,77.85,78.4,75.1,78.15,191815,6425705,12.756609,23204.6,23400.0,23300,ATM+4,CALL,23100,2026-06-11
2026-06-11 10:46:00+05:30,77.55,79.75,77.1,77.15,138775,6424990,12.595556,23206.6,23400.0,23300,ATM+4,CALL,23100,2026-06-11
2026-06-11 10:47:00+05:30,77.2,79.5,76.8,79.5,71890,6422845,12.703089,23210.35,23400.0,23300,ATM+4,CALL,23100,2026-06-11
2026-06-11 10:48:00+05:30,79.5,80.3,76.05,77.35,189280,6398860,12.645999,23205.7,23400.0,23300,ATM+4,CALL,23100,2026-06-11
2026-06-11 10:49:00+05:30,77.5,77.85,74.3,74.4,114855,6419530,12.739467,23193.75,23400.0,23300,ATM+4,CALL,23100,2026-06-11
2026-06-11 10:50:00+05:30,74.2,74.4,71.45,71.8,264095,6447935,12.713253,23186.4,23400.0,23300,ATM+4,CALL,23100,2026-06-11
2026-06-11 10:51:00+05:30,72.0,76.1,71.8,73.75,187850,6484140,12.79545,23190.0,23400.0,23300,ATM+4,CALL,23100,2026-06-11
2026-06-11 10:52:00+05:30,73.95,75.6,72.65,73.2,115050,6475040,12.803081,23188.05,23400.0,23300,ATM+4,CALL,23100,2026-06-11
2026-06-11 10:53:00+05:30,89.25,89.45,84.05,85.2,178425,3247790,12.804882,23174.9,23350.0,23300,ATM+4,CALL,23100,2026-06-11
2026-06-11 10:54:00+05:30,84.15,86.35,83.35,84.95,124540,3231670,12.788715,23174.7,23350.0,23300,ATM+4,CALL,23100,2026-06-11
2026-06-11 10:55:00+05:30,84.75,85.35,82.75,84.95,89765,3230435,12.839995,23173.2,23350.0,23300,ATM+4,CALL,23100,2026-06-11
2026-06-11 10:56:00+05:30,68.9,71.15,68.25,70.65,118170,6576245,12.808928,23179.8,23400.0,23300,ATM+4,CALL,23100,2026-06-11
2026-06-11 10:57:00+05:30,70.75,70.9,68.45,69.7,101400,6594055,12.791258,23177.3,23400.0,23300,ATM+4,CALL,23100,2026-06-11
2026-06-11 10:58:00+05:30,68.95,70.4,68.0,68.1,99060,6612385,12.68073,23175.65,23400.0,23300,ATM+4,CALL,23100,2026-06-11
2026-06-11 10:59:00+05:30,68.05,70.2,66.7,70.0,179920,6674850,12.846631,23176.55,23400.0,23300,ATM+4,CALL,23100,2026-06-11
2026-06-11 11:00:00+05:30,85.1,86.65,81.75,82.0,61880,3265795,12.687154,23169.45,23350.0,23300,ATM+4,CALL,23100,2026-06-11
2026-06-11 11:01:00+05:30,81.7,84.65,80.6,82.05,154830,3273335,12.769163,23167.15,23350.0,23300,ATM+4,CALL,23100,2026-06-11
2026-06-11 11:02:00+05:30,83.05,83.3,81.45,82.35,118365,3296410,12.774158,23167.9,23350.0,23300,ATM+4,CALL,23100,2026-06-11
2026-06-11 11:03:00+05:30,66.5,70.5,66.05,70.5,164190,6703775,12.78037,23180.45,23400.0,23300,ATM+4,CALL,23100,2026-06-11
2026-06-11 11:04:00+05:30,70.65,72.1,69.8,70.25,254345,6659900,12.720492,23181.6,23400.0,23300,ATM+4,CALL,23100,2026-06-11
2026-06-11 11:05:00+05:30,70.9,75.9,70.25,75.5,317590,6625905,12.670628,23199.8,23400.0,23300,ATM+4,CALL,23100,2026-06-11
2026-06-11 11:06:00+05:30,75.45,76.65,72.9,76.5,291655,6566625,12.628466,23204.2,23400.0,23300,ATM+4,CALL,23100,2026-06-11
2026-06-11 11:07:00+05:30,76.9,77.55,71.3,71.65,231790,6596135,12.600108,23190.05,23400.0,23300,ATM+4,CALL,23100,2026-06-11
2026-06-11 11:08:00+05:30,71.5,74.8,70.5,72.75,171275,6628505,12.560889,23194.8,23400.0,23300,ATM+4,CALL,23100,2026-06-11
2026-06-11 11:09:00+05:30,72.3,72.75,68.25,71.75,154830,6651840,12.501935,23193.55,23400.0,23300,ATM+4,CALL,23100,2026-06-11
2026-06-11 11:10:00+05:30,71.95,72.45,69.8,72.45,70135,6650475,12.637088,23191.5,23400.0,23300,ATM+4,CALL,23100,2026-06-11
2026-06-11 11:11:00+05:30,72.0,72.8,70.4,71.1,89310,6631625,12.575603,23189.2,23400.0,23300,ATM+4,CALL,23100,2026-06-11
2026-06-11 11:12:00+05:30,70.95,71.55,69.4,70.6,66625,6641115,12.595268,23187.0,23400.0,23300,ATM+4,CALL,23100,2026-06-11
2026-06-11 11:13:00+05:30,70.9,72.6,69.85,70.9,119275,6646705,12.680896,23185.25,23400.0,23300,ATM+4,CALL,23100,2026-06-11
2026-06-11 11:14:00+05:30,70.75,72.35,69.15,70.2,73515,6655155,12.675304,23183.2,23400.0,23300,ATM+4,CALL,23100,2026-06-11
2026-06-11 11:15:00+05:30,70.25,72.15,69.55,71.45,88465,6641180,12.644137,23188.25,23400.0,23300,ATM+4,CALL,23100,2026-06-11
2026-06-11 11:16:00+05:30,71.55,72.35,69.95,71.65,280280,6612710,12.627457,23189.45,23400.0,23300,ATM+4,CALL,23100,2026-06-11
2026-06-11 11:17:00+05:30,71.4,73.4,70.05,72.35,108095,6606860,12.556525,23193.95,23400.0,23300,ATM+4,CALL,23100,2026-06-11
2026-06-11 11:18:00+05:30,72.65,76.3,71.8,76.0,496925,6561360,12.560325,23205.15,23400.0,23300,ATM+4,CALL,23100,2026-06-11
2026-06-11 11:19:00+05:30,76.35,77.5,74.65,75.4,423670,6679465,12.557135,23203.45,23400.0,23300,ATM+4,CALL,23100,2026-06-11
2026-06-11 11:20:00+05:30,75.35,78.65,74.25,78.65,262275,6788340,12.580393,23212.55,23400.0,23300,ATM+4,CALL,23100,2026-06-11
2026-06-11 11:21:00+05:30,78.85,82.45,78.15,81.45,457145,6729450,12.596599,23220.3,23400.0,23300,ATM+4,CALL,23100,2026-06-11
2026-06-11 11:22:00+05:30,81.85,82.15,79.2,79.2,295620,6656455,12.584884,23214.1,23400.0,23300,ATM+4,CALL,23100,2026-06-11
2026-06-11 11:23:00+05:30,79.2,82.0,78.15,78.45,292370,6642090,12.547507,23213.05,23400.0,23300,ATM+4,CALL,23100,2026-06-11
2026-06-11 11:24:00+05:30,78.4,80.7,77.25,80.3,231920,6675305,12.548336,23218.5,23400.0,23300,ATM+4,CALL,23100,2026-06-11
2026-06-11 11:25:00+05:30,80.5,82.25,79.75,80.25,275730,6600880,12.633453,23215.8,23400.0,23300,ATM+4,CALL,23100,2026-06-11
2026-06-11 11:26:00+05:30,64.6,69.2,64.6,69.2,183560,2254135,12.701762,23228.5,23450.0,23300,ATM+4,CALL,23100,2026-06-11
2026-06-11 11:27:00+05:30,70.3,72.95,69.2,72.55,330330,2199470,12.86578,23234.1,23450.0,23300,ATM+4,CALL,23100,2026-06-11
2026-06-11 11:28:00+05:30,72.7,72.7,70.3,71.35,135720,2186210,12.685825,23236.05,23450.0,23300,ATM+4,CALL,23100,2026-06-11
2026-06-11 11:29:00+05:30,70.9,72.1,69.05,72.0,109720,2186015,12.770532,23235.45,23450.0,23300,ATM+4,CALL,23100,2026-06-11
2026-06-11 11:30:00+05:30,71.9,74.35,70.4,70.55,161655,2171975,12.602931,23236.2,23450.0,23300,ATM+4,CALL,23100,2026-06-11
2026-06-11 11:31:00+05:30,71.4,72.0,67.7,68.7,130390,2166840,12.723559,23226.3,23450.0,23300,ATM+4,CALL,23100,2026-06-11
2026-06-11 11:32:00+05:30,68.8,68.85,66.55,68.0,74165,2168465,12.658047,23226.15,23450.0,23300,ATM+4,CALL,23100,2026-06-11
2026-06-11 11:33:00+05:30,68.6,72.05,68.0,69.65,70200,2169830,12.597732,23233.55,23450.0,23300,ATM+4,CALL,23100,2026-06-11
2026-06-11 11:34:00+05:30,70.65,70.65,67.0,67.0,68510,2174900,12.552092,23226.35,23450.0,23300,ATM+4,CALL,23100,2026-06-11
2026-06-11 11:35:00+05:30,67.4,70.2,65.9,70.2,80080,2184650,12.630107,23234.35,23450.0,23300,ATM+4,CALL,23100,2026-06-11
2026-06-11 11:36:00+05:30,86.4,86.6,81.0,81.05,177320,6229275,12.527667,23221.65,23400.0,23300,ATM+4,CALL,23100,2026-06-11
2026-06-11 11:37:00+05:30,82.3,82.7,80.8,81.05,134810,6230575,12.647913,23218.05,23400.0,23300,ATM+4,CALL,23100,2026-06-11
2026-06-11 11:38:00+05:30,80.8,81.8,78.7,78.7,215930,6200220,12.512323,23215.3,23400.0,23300,ATM+4,CALL,23100,2026-06-11
2026-06-11 11:39:00+05:30,78.45,81.6,77.7,81.35,231400,6186245,12.516137,23222.95,23400.0,23300,ATM+4,CALL,23100,2026-06-11
2026-06-11 11:40:00+05:30,81.3,83.0,80.0,80.7,156910,6186635,12.451319,23223.05,23400.0,23300,ATM+4,CALL,23100,2026-06-11
2026-06-11 11:41:00+05:30,64.6,68.4,64.55,67.75,50115,2190630,12.513737,23230.3,23450.0,23300,ATM+4,CALL,23100,2026-06-11
2026-06-11 11:42:00+05:30,67.7,73.85,67.35,73.4,121875,2182505,12.634588,23244.6,23450.0,23300,ATM+4,CALL,23100,2026-06-11
2026-06-11 11:43:00+05:30,73.2,73.4,70.95,71.8,99125,2160145,12.572757,23241.55,23450.0,23300,ATM+4,CALL,23100,2026-06-11
2026-06-11 11:44:00+05:30,71.8,76.7,71.55,76.5,212745,2132520,12.651356,23253.7,23450.0,23300,ATM+4,CALL,23100,2026-06-11
2026-06-11 11:45:00+05:30,77.15,79.1,75.8,77.2,243945,2098915,12.709528,23254.05,23450.0,23300,ATM+4,CALL,23100,2026-06-11
2026-06-11 11:46:00+05:30,77.15,78.8,76.4,78.8,119145,2099175,12.745119,23257.8,23450.0,23300,ATM+4,CALL,23100,2026-06-11
2026-06-11 11:47:00+05:30,78.95,84.55,77.15,84.4,311090,2084355,12.911503,23269.2,23450.0,23300,ATM+4,CALL,23100,2026-06-11
2026-06-11 11:48:00+05:30,84.85,85.1,80.3,82.2,270855,2080845,12.729648,23268.35,23450.0,23300,ATM+4,CALL,23100,2026-06-11
2026-06-11 11:49:00+05:30,81.8,82.2,78.85,81.15,131040,2085135,12.733549,23265.2,23450.0,23300,ATM+4,CALL,23100,2026-06-11
2026-06-11 11:50:00+05:30,81.1,83.9,81.0,83.4,118820,2081820,12.665332,23273.8,23450.0,23300,ATM+4,CALL,23100,2026-06-11
2026-06-11 11:51:00+05:30,83.9,84.75,81.95,82.2,129675,2085265,12.714325,23268.9,23450.0,23300,ATM+4,CALL,23100,2026-06-11
2026-06-11 11:52:00+05:30,81.8,83.2,80.3,83.2,106860,2076295,12.771433,23270.1,23450.0,23300,ATM+4,CALL,23100,2026-06-11
2026-06-11 11:53:00+05:30,83.4,83.4,81.75,82.85,64545,2079025,12.605607,23274.1,23450.0,23300,ATM+4,CALL,23100,2026-06-11
2026-06-11 11:54:00+05:30,83.35,86.0,81.9,83.15,185705,2080455,12.673649,23272.95,23450.0,23300,ATM+4,CALL,23100,2026-06-11
2026-06-11 11:55:00+05:30,82.95,85.8,82.95,83.0,114205,2071355,12.631892,23273.8,23450.0,23300,ATM+4,CALL,23100,2026-06-11
2026-06-11 11:56:00+05:30,67.35,74.35,65.8,73.05,614510,6922565,12.876392,23285.3,23500.0,23300,ATM+4,CALL,23100,2026-06-11
2026-06-11 11:57:00+05:30,72.65,73.05,70.65,72.55,369395,6900985,12.838392,23284.95,23500.0,23300,ATM+4,CALL,23100,2026-06-11
2026-06-11 11:58:00+05:30,72.35,74.6,71.55,72.35,433030,6824025,12.632948,23290.9,23500.0,23300,ATM+4,CALL,23100,2026-06-11
2026-06-11 11:59:00+05:30,72.55,72.55,69.6,69.65,295035,6846125,12.605557,23283.15,23500.0,23300,ATM+4,CALL,23100,2026-06-11
2026-06-11 12:00:00+05:30,71.55,73.0,69.65,70.35,289120,6775080,12.63343,23284.55,23500.0,23300,ATM+4,CALL,23100,2026-06-11
2026-06-11 12:01:00+05:30,70.8,73.4,70.35,72.75,211445,6774170,12.749439,23288.55,23500.0,23300,ATM+4,CALL,23100,2026-06-11
2026-06-11 12:02:00+05:30,72.6,73.3,71.05,71.85,197080,6770075,12.749808,23285.7,23500.0,23300,ATM+4,CALL,23100,2026-06-11
2026-06-11 12:03:00+05:30,71.55,74.2,71.05,73.15,295295,6699485,12.7456,23290.0,23500.0,23300,ATM+4,CALL,23100,2026-06-11
2026-06-11 12:04:00+05:30,72.65,73.15,70.7,71.0,178620,6686550,12.63546,23286.7,23500.0,23300,ATM+4,CALL,23100,2026-06-11
2026-06-11 12:05:00+05:30,71.25,72.15,67.3,68.5,325195,6680180,12.557067,23281.15,23500.0,23300,ATM+4,CALL,23100,2026-06-11
2026-06-11 12:06:00+05:30,69.25,70.55,67.95,70.3,191945,6697600,12.71019,23282.1,23500.0,23300,ATM+4,CALL,23100,2026-06-11
2026-06-11 12:07:00+05:30,69.9,73.6,69.9,73.45,250835,6706700,12.769824,23290.3,23500.0,23300,ATM+4,CALL,23100,2026-06-11
2026-06-11 12:08:00+05:30,73.75,73.75,69.95,70.65,246675,6712875,12.666512,23284.7,23500.0,23300,ATM+4,CALL,23100,2026-06-11
2026-06-11 12:09:00+05:30,71.45,71.5,69.55,69.8,95290,6724510,12.627071,23283.25,23500.0,23300,ATM+4,CALL,23100,2026-06-11
2026-06-11 12:10:00+05:30,69.45,70.05,67.9,68.9,183690,6717360,12.677796,23278.7,23500.0,23300,ATM+4,CALL,23100,2026-06-11
2026-06-11 12:11:00+05:30,68.65,69.55,66.55,67.15,223795,6722365,12.536473,23277.55,23500.0,23300,ATM+4,CALL,23100,2026-06-11
2026-06-11 12:12:00+05:30,67.0,69.0,66.6,68.6,90155,6723795,12.508956,23283.25,23500.0,23300,ATM+4,CALL,23100,2026-06-11
2026-06-11 12:13:00+05:30,68.8,70.25,67.75,69.45,135915,6735235,12.496319,23286.45,23500.0,23300,ATM+4,CALL,23100,2026-06-11
2026-06-11 12:14:00+05:30,69.3,70.8,67.8,70.8,108745,6741670,12.598433,23287.55,23500.0,23300,ATM+4,CALL,23100,2026-06-11
2026-06-11 12:15:00+05:30,70.4,76.45,70.4,75.15,625105,6730815,12.602648,23301.1,23500.0,23300,ATM+4,CALL,23100,2026-06-11
2026-06-11 12:16:00+05:30,75.55,76.9,71.8,76.3,433875,6719180,12.610509,23304.4,23500.0,23300,ATM+4,CALL,23100,2026-06-11
2026-06-11 12:17:00+05:30,76.1,77.7,72.4,72.7,341770,6727695,12.472719,23297.65,23500.0,23300,ATM+4,CALL,23100,2026-06-11
2026-06-11 12:18:00+05:30,72.7,73.2,71.0,71.2,213135,6741735,12.430558,23294.3,23500.0,23300,ATM+4,CALL,23100,2026-06-11
2026-06-11 12:19:00+05:30,71.9,72.15,69.35,69.65,214370,6748950,12.427073,23289.5,23500.0,23300,ATM+4,CALL,23100,2026-06-11
2026-06-11 12:20:00+05:30,69.7,71.0,67.7,68.05,239460,6746480,12.439317,23283.95,23500.0,23300,ATM+4,CALL,23100,2026-06-11
2026-06-11 12:21:00+05:30,67.95,69.55,66.75,68.95,505700,6557395,12.554353,23283.2,23500.0,23300,ATM+4,CALL,23100,2026-06-11
2026-06-11 12:22:00+05:30,68.95,71.05,68.9,70.3,173225,6514950,12.562173,23287.35,23500.0,23300,ATM+4,CALL,23100,2026-06-11
2026-06-11 12:23:00+05:30,70.3,72.9,69.3,72.35,198510,6515665,12.579659,23293.35,23500.0,23300,ATM+4,CALL,23100,2026-06-11
2026-06-11 12:24:00+05:30,72.25,72.35,70.0,71.5,177840,6580210,12.546334,23291.75,23500.0,23300,ATM+4,CALL,23100,2026-06-11
2026-06-11 12:25:00+05:30,71.45,72.0,69.15,70.4,91130,6588855,12.5329,23288.7,23500.0,23300,ATM+4,CALL,23100,2026-06-11
2026-06-11 12:26:00+05:30,70.5,73.75,70.25,71.4,181935,6571045,12.509964,23292.65,23500.0,23300,ATM+4,CALL,23100,2026-06-11
2026-06-11 12:27:00+05:30,71.5,72.85,71.1,72.3,113035,6561165,12.59427,23292.85,23500.0,23300,ATM+4,CALL,23100,2026-06-11
2026-06-11 12:28:00+05:30,72.4,75.15,70.65,74.05,204945,6561165,12.51634,23300.8,23500.0,23300,ATM+4,CALL,23100,2026-06-11
2026-06-11 12:29:00+05:30,74.2,75.2,72.75,73.45,165945,6565715,12.559947,23297.6,23500.0,23300,ATM+4,CALL,23100,2026-06-11
2026-06-11 12:30:00+05:30,73.5,79.25,73.45,77.5,504400,6578390,12.691277,23305.95,23500.0,23300,ATM+4,CALL,23100,2026-06-11
2026-06-11 12:31:00+05:30,76.75,81.4,76.0,80.5,433745,6568835,12.655495,23316.0,23500.0,23300,ATM+4,CALL,23100,2026-06-11
2026-06-11 12:32:00+05:30,80.6,83.2,79.95,82.0,561665,6569745,12.665394,23320.1,23500.0,23300,ATM+4,CALL,23100,2026-06-11
2026-06-11 12:33:00+05:30,81.75,82.05,80.0,81.65,350090,6524570,12.766728,23316.05,23500.0,23300,ATM+4,CALL,23100,2026-06-11
2026-06-11 12:34:00+05:30,81.0,82.0,79.0,81.35,311740,6457555,12.540152,23322.05,23500.0,23300,ATM+4,CALL,23100,2026-06-11
2026-06-11 12:35:00+05:30,82.5,83.85,75.0,77.1,538525,6410105,12.423281,23313.15,23500.0,23300,ATM+4,CALL,23100,2026-06-11
2026-06-11 12:36:00+05:30,77.45,77.9,74.9,75.9,240695,6381310,12.480807,23307.8,23500.0,23300,ATM+4,CALL,23100,2026-06-11
2026-06-11 12:37:00+05:30,75.9,76.75,73.1,73.65,398645,6387225,12.730194,23293.1,23500.0,23300,ATM+4,CALL,23100,2026-06-11
2026-06-11 12:38:00+05:30,74.05,75.1,71.4,72.05,240435,6241820,12.554642,23293.65,23500.0,23300,ATM+4,CALL,23100,2026-06-11
2026-06-11 12:39:00+05:30,72.0,75.9,71.95,75.5,241930,6270355,12.770539,23297.65,23500.0,23300,ATM+4,CALL,23100,2026-06-11
2026-06-11 12:40:00+05:30,75.55,75.8,73.6,74.5,110825,6292650,12.664776,23297.9,23500.0,23300,ATM+4,CALL,23100,2026-06-11
2026-06-11 12:41:00+05:30,74.55,75.75,73.25,73.6,118690,6303180,12.664104,23295.15,23500.0,23300,ATM+4,CALL,23100,2026-06-11
2026-06-11 12:42:00+05:30,73.75,75.3,71.9,73.7,158665,6299995,12.630514,23296.55,23500.0,23300,ATM+4,CALL,23100,2026-06-11
2026-06-11 12:43:00+05:30,73.45,74.75,70.5,73.1,215345,6303765,12.668656,23293.5,23500.0,23300,ATM+4,CALL,23100,2026-06-11
2026-06-11 12:44:00+05:30,73.25,75.05,72.7,74.4,162045,6307600,12.716086,23296.1,23500.0,23300,ATM+4,CALL,23100,2026-06-11
2026-06-11 12:45:00+05:30,74.1,74.85,72.75,74.3,144105,6298305,12.740548,23295.05,23500.0,23300,ATM+4,CALL,23100,2026-06-11
2026-06-11 12:46:00+05:30,74.5,78.5,74.3,76.95,238875,6286995,12.799787,23301.4,23500.0,23300,ATM+4,CALL,23100,2026-06-11
2026-06-11 12:47:00+05:30,77.05,78.2,73.05,73.8,221065,6285045,12.750011,23293.25,23500.0,23300,ATM+4,CALL,23100,2026-06-11
2026-06-11 12:48:00+05:30,74.15,74.5,71.35,71.35,440700,6309160,12.7315,23286.1,23500.0,23300,ATM+4,CALL,23100,2026-06-11
2026-06-11 12:49:00+05:30,71.25,72.55,66.85,67.65,623935,6341660,12.687994,23275.45,23500.0,23300,ATM+4,CALL,23100,2026-06-11
2026-06-11 12:50:00+05:30,67.35,71.4,67.3,71.05,246415,6306235,12.818805,23282.4,23500.0,23300,ATM+4,CALL,23100,2026-06-11
2026-06-11 12:51:00+05:30,70.95,73.5,69.45,69.8,279500,6309485,12.735566,23281.05,23500.0,23300,ATM+4,CALL,23100,2026-06-11
2026-06-11 12:52:00+05:30,69.9,70.45,68.55,69.45,105105,6320860,12.761507,23279.1,23500.0,23300,ATM+4,CALL,23100,2026-06-11
2026-06-11 12:53:00+05:30,69.5,72.35,69.45,71.5,305890,6321380,12.796764,23284.65,23500.0,23300,ATM+4,CALL,23100,2026-06-11
2026-06-11 12:54:00+05:30,70.9,71.9,70.45,71.9,51415,6210555,13.079125,23276.95,23500.0,23300,ATM+4,CALL,23100,2026-06-11
2026-06-11 12:55:00+05:30,71.9,71.9,71.9,71.9,0,6210555,13.079126,23276.95,23500.0,23300,ATM+4,CALL,23100,2026-06-11
2026-06-11 12:56:00+05:30,69.25,72.6,69.25,70.0,358150,6185465,12.701571,23282.95,23500.0,23300,ATM+4,CALL,23100,2026-06-11
2026-06-11 12:57:00+05:30,70.2,77.25,70.0,76.9,277680,6193655,12.882815,23299.0,23500.0,23300,ATM+4,CALL,23100,2026-06-11
2026-06-11 12:58:00+05:30,76.95,80.3,76.7,79.0,473005,6177405,12.934857,23303.8,23500.0,23300,ATM+4,CALL,23100,2026-06-11
2026-06-11 12:59:00+05:30,78.2,81.65,76.0,81.05,292565,6164405,12.990641,23308.25,23500.0,23300,ATM+4,CALL,23100,2026-06-11
2026-06-11 13:00:00+05:30,80.9,87.3,80.9,85.85,766935,6161090,12.9263,23324.15,23500.0,23300,ATM+4,CALL,23100,2026-06-11
2026-06-11 13:01:00+05:30,86.1,86.85,80.4,80.4,411515,6135675,12.737462,23314.1,23500.0,23300,ATM+4,CALL,23100,2026-06-11
2026-06-11 13:02:00+05:30,80.65,81.7,76.7,79.2,318110,6151535,12.862414,23306.75,23500.0,23300,ATM+4,CALL,23100,2026-06-11
2026-06-11 13:03:00+05:30,79.05,79.2,76.8,77.15,124995,6158360,12.747215,23304.15,23500.0,23300,ATM+4,CALL,23100,2026-06-11
2026-06-11 13:04:00+05:30,77.2,77.85,75.75,75.75,130520,6168955,12.692799,23301.6,23500.0,23300,ATM+4,CALL,23100,2026-06-11
2026-06-11 13:05:00+05:30,76.15,77.55,75.35,77.1,213590,6159660,12.79111,23302.7,23500.0,23300,ATM+4,CALL,23100,2026-06-11
2026-06-11 13:06:00+05:30,77.0,77.8,75.7,76.75,117650,6159985,12.796393,23301.5,23500.0,23300,ATM+4,CALL,23100,2026-06-11
2026-06-11 13:07:00+05:30,76.85,78.1,75.25,75.25,145405,6165705,12.728218,23299.05,23500.0,23300,ATM+4,CALL,23100,2026-06-11
2026-06-11 13:08:00+05:30,75.25,75.65,72.8,73.95,197925,6187610,12.828137,23291.9,23500.0,23300,ATM+4,CALL,23100,2026-06-11
2026-06-11 13:09:00+05:30,73.85,74.25,69.65,69.8,252980,6186050,12.765374,23280.65,23500.0,23300,ATM+4,CALL,23100,2026-06-11
2026-06-11 13:10:00+05:30,70.15,71.2,69.35,70.55,181675,6192355,12.784657,23282.5,23500.0,23300,ATM+4,CALL,23100,2026-06-11
2026-06-11 13:11:00+05:30,70.7,71.2,67.75,69.25,226070,6191965,12.764227,23278.95,23500.0,23300,ATM+4,CALL,23100,2026-06-11
2026-06-11 13:12:00+05:30,86.0,86.15,80.0,82.25,190840,2516540,12.846216,23267.45,23450.0,23300,ATM+4,CALL,23100,2026-06-11
2026-06-11 13:13:00+05:30,81.8,82.3,78.65,78.7,118495,2515630,12.736502,23260.35,23450.0,23300,ATM+4,CALL,23100,2026-06-11
2026-06-11 13:14:00+05:30,78.75,80.2,78.45,79.35,74945,2517190,12.83045,23259.45,23450.0,23300,ATM+4,CALL,23100,2026-06-11
2026-06-11 13:15:00+05:30,79.85,80.25,78.95,79.55,77285,2513355,12.824723,23260.25,23450.0,23300,ATM+4,CALL,23100,2026-06-11
2026-06-11 13:16:00+05:30,80.55,82.45,77.65,78.15,107185,2519790,12.853696,23255.2,23450.0,23300,ATM+4,CALL,23100,2026-06-11
2026-06-11 13:17:00+05:30,77.65,81.5,75.3,79.35,179660,2518620,12.7086,23263.25,23450.0,23300,ATM+4,CALL,23100,2026-06-11
2026-06-11 13:18:00+05:30,79.5,79.65,76.1,78.1,80665,2502760,12.897898,23253.75,23450.0,23300,ATM+4,CALL,23100,2026-06-11
2026-06-11 13:19:00+05:30,77.95,79.5,75.6,76.3,74165,2523625,12.71038,23254.1,23450.0,23300,ATM+4,CALL,23100,2026-06-11
2026-06-11 13:20:00+05:30,76.35,76.55,72.1,72.55,209170,2541305,12.459133,23250.4,23450.0,23300,ATM+4,CALL,23100,2026-06-11
2026-06-11 13:21:00+05:30,72.8,72.8,67.85,67.85,175435,2551770,12.354707,23238.8,23450.0,23300,ATM+4,CALL,23100,2026-06-11
2026-06-11 13:22:00+05:30,68.1,68.25,66.4,66.5,153335,2532205,12.540461,23228.4,23450.0,23300,ATM+4,CALL,23100,2026-06-11
2026-06-11 13:23:00+05:30,66.9,73.65,66.35,71.6,156975,2503280,12.577184,23243.8,23450.0,23300,ATM+4,CALL,23100,2026-06-11
2026-06-11 13:24:00+05:30,71.3,72.6,69.7,72.6,97565,2500550,12.820849,23239.3,23450.0,23300,ATM+4,CALL,23100,2026-06-11
2026-06-11 13:25:00+05:30,72.5,72.7,67.95,68.0,103090,2493790,12.560538,23232.8,23450.0,23300,ATM+4,CALL,23100,2026-06-11
2026-06-11 13:26:00+05:30,67.85,68.0,65.0,66.05,141765,2467400,12.59946,23225.1,23450.0,23300,ATM+4,CALL,23100,2026-06-11
2026-06-11 13:27:00+05:30,66.5,68.5,66.05,66.95,91000,2457130,12.523445,23230.6,23450.0,23300,ATM+4,CALL,23100,2026-06-11
2026-06-11 13:28:00+05:30,66.45,69.55,66.1,68.6,73970,2439255,12.590248,23233.9,23450.0,23300,ATM+4,CALL,23100,2026-06-11
2026-06-11 13:29:00+05:30,68.8,71.4,68.4,71.2,96135,2424695,12.571324,23242.9,23450.0,23300,ATM+4,CALL,23100,2026-06-11
2026-06-11 13:30:00+05:30,71.55,79.2,71.2,76.1,228410,2404610,12.591075,23257.5,23450.0,23300,ATM+4,CALL,23100,2026-06-11
2026-06-11 13:31:00+05:30,75.3,76.1,72.75,75.6,98215,2396550,12.568775,23256.7,23450.0,23300,ATM+4,CALL,23100,2026-06-11
2026-06-11 13:32:00+05:30,77.05,78.75,75.6,77.75,125060,2389790,12.5818,23262.8,23450.0,23300,ATM+4,CALL,23100,2026-06-11
2026-06-11 13:33:00+05:30,77.55,79.6,75.45,75.8,136565,2387580,12.523821,23258.75,23450.0,23300,ATM+4,CALL,23100,2026-06-11
2026-06-11 13:34:00+05:30,75.8,75.8,70.4,70.4,132665,2382900,12.472049,23243.65,23450.0,23300,ATM+4,CALL,23100,2026-06-11
2026-06-11 13:35:00+05:30,70.75,74.15,70.4,73.0,69095,2382185,12.563042,23249.0,23450.0,23300,ATM+4,CALL,23100,2026-06-11
2026-06-11 13:36:00+05:30,73.1,76.15,72.35,76.0,65455,2383095,12.625996,23256.3,23450.0,23300,ATM+4,CALL,23100,2026-06-11
2026-06-11 13:37:00+05:30,76.05,76.05,72.7,73.2,62660,2377375,12.517616,23251.1,23450.0,23300,ATM+4,CALL,23100,2026-06-11
2026-06-11 13:38:00+05:30,73.3,73.3,69.4,70.55,107315,2376530,12.530444,23242.4,23450.0,23300,ATM+4,CALL,23100,2026-06-11
2026-06-11 13:39:00+05:30,70.25,70.55,66.65,67.8,146835,2377050,12.556662,23232.7,23450.0,23300,ATM+4,CALL,23100,2026-06-11
2026-06-11 13:40:00+05:30,67.65,70.5,66.6,67.05,73775,2359825,12.479509,23232.75,23450.0,23300,ATM+4,CALL,23100,2026-06-11
2026-06-11 13:41:00+05:30,67.05,68.0,66.0,67.2,69680,2362165,12.59643,23229.5,23450.0,23300,ATM+4,CALL,23100,2026-06-11
2026-06-11 13:42:00+05:30,67.6,69.05,67.15,67.35,34060,2361320,12.606561,23229.7,23450.0,23300,ATM+4,CALL,23100,2026-06-11
2026-06-11 13:43:00+05:30,83.9,85.0,79.9,81.15,390585,5758350,12.733224,23219.45,23400.0,23300,ATM+4,CALL,23100,2026-06-11
2026-06-11 13:44:00+05:30,80.95,83.25,78.35,81.8,320125,5735405,12.648189,23223.9,23400.0,23300,ATM+4,CALL,23100,2026-06-11
2026-06-11 13:45:00+05:30,82.2,82.55,80.6,80.6,213915,5746845,12.625008,23221.15,23400.0,23300,ATM+4,CALL,23100,2026-06-11
2026-06-11 13:46:00+05:30,64.6,67.85,63.25,67.85,75660,2330185,12.723501,23227.7,23450.0,23300,ATM+4,CALL,23100,2026-06-11
2026-06-11 13:47:00+05:30,68.15,71.2,67.85,68.2,168870,2320370,12.603575,23232.75,23450.0,23300,ATM+4,CALL,23100,2026-06-11
2026-06-11 13:48:00+05:30,68.0,70.2,67.45,67.65,66040,2324595,12.573267,23231.95,23450.0,23300,ATM+4,CALL,23100,2026-06-11
2026-06-11 13:49:00+05:30,67.7,68.55,66.3,67.7,65520,2316795,12.628978,23230.35,23450.0,23300,ATM+4,CALL,23100,2026-06-11
2026-06-11 13:50:00+05:30,84.35,84.35,82.1,82.55,169065,5874765,12.716486,23224.2,23400.0,23300,ATM+4,CALL,23100,2026-06-11
2026-06-11 13:51:00+05:30,67.15,68.1,65.05,67.3,67535,2312245,12.718257,23226.2,23450.0,23300,ATM+4,CALL,23100,2026-06-11
2026-06-11 13:52:00+05:30,67.55,69.1,65.65,69.1,80015,2319395,12.787319,23229.95,23450.0,23300,ATM+4,CALL,23100,2026-06-11
2026-06-11 13:53:00+05:30,68.6,70.5,68.35,69.7,71370,2302300,12.665088,23235.85,23450.0,23300,ATM+4,CALL,23100,2026-06-11
2026-06-11 13:54:00+05:30,69.6,70.2,67.8,69.2,50505,2296190,12.657546,23234.5,23450.0,23300,ATM+4,CALL,23100,2026-06-11
2026-06-11 13:55:00+05:30,69.1,70.0,67.2,70.0,48295,2300025,12.692736,23236.0,23450.0,23300,ATM+4,CALL,23100,2026-06-11
2026-06-11 13:56:00+05:30,69.55,71.6,69.05,70.75,64675,2303535,12.634218,23240.3,23450.0,23300,ATM+4,CALL,23100,2026-06-11
2026-06-11 13:57:00+05:30,71.05,72.4,69.1,69.6,89960,2290145,12.550516,23239.3,23450.0,23300,ATM+4,CALL,23100,2026-06-11
2026-06-11 13:58:00+05:30,69.65,73.25,69.6,72.75,78910,2276950,12.590659,23248.05,23450.0,23300,ATM+4,CALL,23100,2026-06-11
2026-06-11 13:59:00+05:30,72.0,72.75,66.7,68.0,112190,2288325,12.586937,23233.0,23450.0,23300,ATM+4,CALL,23100,2026-06-11
2026-06-11 14:00:00+05:30,68.25,71.05,67.0,70.5,76765,2285725,12.616015,23240.2,23450.0,23300,ATM+4,CALL,23100,2026-06-11
2026-06-11 14:01:00+05:30,69.95,70.5,68.6,69.1,43550,2299830,12.611913,23235.85,23450.0,23300,ATM+4,CALL,23100,2026-06-11
2026-06-11 14:02:00+05:30,68.6,69.45,68.05,69.2,41990,2303275,12.718412,23232.8,23450.0,23300,ATM+4,CALL,23100,2026-06-11
2026-06-11 14:03:00+05:30,69.4,70.15,68.65,68.65,50115,2303600,12.555587,23236.25,23450.0,23300,ATM+4,CALL,23100,2026-06-11
2026-06-11 14:04:00+05:30,68.4,70.0,67.65,68.5,59605,2291380,12.538166,23236.35,23450.0,23300,ATM+4,CALL,23100,2026-06-11
2026-06-11 14:05:00+05:30,68.6,69.25,65.15,67.95,90155,2292680,12.61095,23232.25,23450.0,23300,ATM+4,CALL,23100,2026-06-11
2026-06-11 14:06:00+05:30,67.8,69.2,67.15,68.35,53170,2297295,12.634077,23232.85,23450.0,23300,ATM+4,CALL,23100,2026-06-11
2026-06-11 14:07:00+05:30,85.2,85.45,78.2,78.45,352690,6003205,12.475399,23220.0,23400.0,23300,ATM+4,CALL,23100,2026-06-11
2026-06-11 14:08:00+05:30,79.15,79.15,74.7,74.7,447655,5980520,12.435708,23210.05,23400.0,23300,ATM+4,CALL,23100,2026-06-11
2026-06-11 14:09:00+05:30,75.0,78.05,74.05,77.75,443235,5893615,12.653702,23212.6,23400.0,23300,ATM+4,CALL,23100,2026-06-11
2026-06-11 14:10:00+05:30,78.2,80.6,76.8,78.1,410280,5950750,12.623054,23214.6,23400.0,23300,ATM+4,CALL,23100,2026-06-11
2026-06-11 14:11:00+05:30,77.6,78.7,75.55,78.15,227890,6096480,12.678454,23213.1,23400.0,23300,ATM+4,CALL,23100,2026-06-11
2026-06-11 14:12:00+05:30,77.95,78.55,75.65,76.9,133510,6133920,12.645305,23210.4,23400.0,23300,ATM+4,CALL,23100,2026-06-11
2026-06-11 14:13:00+05:30,77.05,81.8,76.4,81.25,291850,6057545,12.645061,23223.25,23400.0,23300,ATM+4,CALL,23100,2026-06-11
2026-06-11 14:14:00+05:30,81.4,82.5,79.25,80.0,231920,6023940,12.640002,23219.8,23400.0,23300,ATM+4,CALL,23100,2026-06-11
2026-06-11 14:15:00+05:30,80.15,81.0,78.2,79.7,170300,6050655,12.764779,23215.2,23400.0,23300,ATM+4,CALL,23100,2026-06-11
2026-06-11 14:16:00+05:30,79.45,81.7,78.75,79.25,123630,6051370,12.685233,23216.3,23400.0,23300,ATM+4,CALL,23100,2026-06-11
2026-06-11 14:17:00+05:30,78.95,79.5,77.65,78.3,99255,6037070,12.661062,23214.25,23400.0,23300,ATM+4,CALL,23100,2026-06-11
2026-06-11 14:18:00+05:30,78.25,78.3,74.55,74.8,234715,5997290,12.52205,23208.0,23400.0,23300,ATM+4,CALL,23100,2026-06-11
2026-06-11 14:19:00+05:30,74.95,79.6,74.25,79.6,185575,5964985,12.705786,23216.8,23400.0,23300,ATM+4,CALL,23100,2026-06-11
2026-06-11 14:20:00+05:30,79.15,81.65,78.55,80.7,278070,5934695,12.606892,23223.0,23400.0,23300,ATM+4,CALL,23100,2026-06-11
2026-06-11 14:21:00+05:30,80.6,82.55,80.05,80.5,208455,5963165,12.697246,23219.75,23400.0,23300,ATM+4,CALL,23100,2026-06-11
2026-06-11 14:22:00+05:30,80.15,82.05,80.1,81.15,105625,5954910,12.753165,23220.0,23400.0,23300,ATM+4,CALL,23100,2026-06-11
2026-06-11 14:23:00+05:30,81.25,81.95,76.0,76.1,191035,5959785,12.614745,23209.25,23400.0,23300,ATM+4,CALL,23100,2026-06-11
2026-06-11 14:24:00+05:30,76.25,77.4,75.85,77.05,103805,5955885,12.802883,23206.4,23400.0,23300,ATM+4,CALL,23100,2026-06-11
2026-06-11 14:25:00+05:30,76.9,80.75,76.9,79.8,133575,5973175,12.739548,23216.55,23400.0,23300,ATM+4,CALL,23100,2026-06-11
2026-06-11 14:26:00+05:30,64.05,66.7,63.45,66.65,51285,2288585,12.720755,23225.05,23450.0,23300,ATM+4,CALL,23100,2026-06-11
2026-06-11 14:27:00+05:30,66.25,67.9,65.6,67.05,81900,2290470,12.722855,23226.35,23450.0,23300,ATM+4,CALL,23100,2026-06-11
2026-06-11 14:28:00+05:30,68.45,73.9,67.05,73.45,235495,2283710,12.577228,23251.55,23450.0,23300,ATM+4,CALL,23100,2026-06-11
2026-06-11 14:29:00+05:30,73.65,74.15,69.75,69.85,164710,2282540,12.54833,23241.15,23450.0,23300,ATM+4,CALL,23100,2026-06-11
2026-06-11 14:30:00+05:30,69.4,71.2,66.6,71.2,105755,2282475,12.549168,23245.45,23450.0,23300,ATM+4,CALL,23100,2026-06-11
2026-06-11 14:31:00+05:30,70.95,71.2,68.5,68.75,74815,2296905,12.471857,23240.1,23450.0,23300,ATM+4,CALL,23100,2026-06-11
2026-06-11 14:32:00+05:30,68.45,69.85,67.2,69.85,50570,2311595,12.478496,23243.45,23450.0,23300,ATM+4,CALL,23100,2026-06-11
2026-06-11 14:33:00+05:30,68.75,69.85,64.75,64.75,91195,2315560,12.407924,23229.05,23450.0,23300,ATM+4,CALL,23100,2026-06-11
2026-06-11 14:34:00+05:30,64.95,67.05,64.1,65.95,56615,2298920,12.450809,23231.7,23450.0,23300,ATM+4,CALL,23100,2026-06-11
2026-06-11 14:35:00+05:30,65.9,69.0,65.85,66.0,46085,2297165,12.284502,23237.25,23450.0,23300,ATM+4,CALL,23100,2026-06-11
2026-06-11 14:36:00+05:30,83.05,83.6,77.25,77.25,270010,5907200,12.607795,23213.3,23400.0,23300,ATM+4,CALL,23100,2026-06-11
2026-06-11 14:37:00+05:30,61.75,63.4,58.7,62.65,249535,2285140,12.285659,23226.05,23450.0,23300,ATM+4,CALL,23100,2026-06-11
2026-06-11 14:38:00+05:30,78.5,80.25,75.7,76.3,269295,5959980,12.34783,23218.4,23400.0,23300,ATM+4,CALL,23100,2026-06-11
2026-06-11 14:39:00+05:30,76.3,76.3,71.3,74.7,424970,6004115,12.234293,23217.1,23400.0,23300,ATM+4,CALL,23100,2026-06-11
2026-06-11 14:40:00+05:30,74.55,75.5,71.2,72.35,206765,6041555,12.29159,23208.25,23400.0,23300,ATM+4,CALL,23100,2026-06-11
2026-06-11 14:41:00+05:30,71.75,72.45,69.5,72.3,333840,6054555,12.107047,23213.8,23400.0,23300,ATM+4,CALL,23100,2026-06-11
2026-06-11 14:42:00+05:30,72.7,73.0,69.55,70.55,249990,6098300,12.036257,23210.65,23400.0,23300,ATM+4,CALL,23100,2026-06-11
2026-06-11 14:43:00+05:30,70.5,71.75,65.2,65.2,388505,6093360,11.923791,23197.3,23400.0,23300,ATM+4,CALL,23100,2026-06-11
2026-06-11 14:44:00+05:30,65.5,67.95,65.05,67.05,296530,6083480,12.021146,23200.2,23400.0,23300,ATM+4,CALL,23100,2026-06-11
2026-06-11 14:45:00+05:30,68.2,68.2,66.1,66.85,281125,6089525,12.095216,23197.25,23400.0,23300,ATM+4,CALL,23100,2026-06-11
2026-06-11 14:46:00+05:30,66.85,69.4,65.25,65.25,326690,6046040,12.09806,23192.0,23400.0,23300,ATM+4,CALL,23100,2026-06-11
2026-06-11 14:47:00+05:30,79.6,80.3,72.6,73.7,550095,3082950,12.171682,23167.1,23350.0,23300,ATM+4,CALL,23100,2026-06-11
2026-06-11 14:48:00+05:30,59.55,63.9,59.1,63.7,293930,6025955,12.301977,23180.35,23400.0,23300,ATM+4,CALL,23100,2026-06-11
2026-06-11 14:49:00+05:30,64.0,66.25,63.6,65.6,221260,6031285,12.10222,23193.1,23400.0,23300,ATM+4,CALL,23100,2026-06-11
2026-06-11 14:50:00+05:30,80.6,81.3,75.35,75.55,191360,3151590,12.169896,23172.75,23350.0,23300,ATM+4,CALL,23100,2026-06-11
2026-06-11 14:51:00+05:30,76.0,78.95,75.4,76.2,111150,3138850,12.246372,23172.4,23350.0,23300,ATM+4,CALL,23100,2026-06-11
2026-06-11 14:52:00+05:30,76.15,77.2,74.25,74.4,65065,3143010,12.113404,23171.1,23350.0,23300,ATM+4,CALL,23100,2026-06-11
2026-06-11 14:53:00+05:30,74.65,76.6,74.4,76.05,61685,3142360,12.180179,23174.0,23350.0,23300,ATM+4,CALL,23100,2026-06-11
2026-06-11 14:54:00+05:30,75.85,76.05,74.4,75.5,75920,3137485,12.203722,23171.7,23350.0,23300,ATM+4,CALL,23100,2026-06-11
2026-06-11 14:55:00+05:30,75.0,76.65,74.45,75.7,70525,3132025,12.194389,23172.6,23350.0,23300,ATM+4,CALL,23100,2026-06-11
2026-06-11 14:56:00+05:30,75.65,76.25,73.75,74.05,72215,3131310,12.107496,23170.35,23350.0,23300,ATM+4,CALL,23100,2026-06-11
2026-06-11 14:57:00+05:30,74.2,74.85,71.9,73.7,146185,3143855,12.210813,23166.2,23350.0,23300,ATM+4,CALL,23100,2026-06-11
2026-06-11 14:58:00+05:30,73.7,75.0,73.6,74.4,122980,3122340,12.072621,23172.5,23350.0,23300,ATM+4,CALL,23100,2026-06-11
2026-06-11 14:59:00+05:30,60.5,61.55,58.05,60.9,300950,6225050,12.121039,23177.05,23400.0,23300,ATM+4,CALL,23100,2026-06-11
2026-06-11 15:00:00+05:30,77.5,80.85,71.35,71.35,446160,3077685,12.377022,23154.0,23350.0,23300,ATM+4,CALL,23100,2026-06-11
2026-06-11 15:01:00+05:30,70.75,71.7,68.55,69.95,486395,3029520,12.26443,23153.15,23350.0,23300,ATM+4,CALL,23100,2026-06-11
2026-06-11 15:02:00+05:30,69.75,71.7,66.45,70.6,224900,3034980,12.148281,23158.8,23350.0,23300,ATM+4,CALL,23100,2026-06-11
2026-06-11 15:03:00+05:30,70.75,70.95,68.55,70.8,102050,3031600,12.187114,23158.25,23350.0,23300,ATM+4,CALL,23100,2026-06-11
2026-06-11 15:04:00+05:30,70.75,71.4,69.5,69.8,127660,3015805,12.513197,23145.0,23350.0,23300,ATM+4,CALL,23100,2026-06-11
2026-06-11 15:05:00+05:30,69.65,69.8,67.1,69.2,211705,2985320,12.371854,23147.55,23350.0,23300,ATM+4,CALL,23100,2026-06-11
2026-06-11 15:06:00+05:30,69.3,69.5,66.65,66.9,150345,3014830,12.398003,23139.35,23350.0,23300,ATM+4,CALL,23100,2026-06-11
2026-06-11 15:07:00+05:30,66.3,69.9,66.2,69.9,180635,2977780,12.427176,23148.1,23350.0,23300,ATM+4,CALL,23100,2026-06-11
2026-06-11 15:08:00+05:30,70.1,71.4,69.55,69.55,229320,2942030,12.764726,23136.4,23350.0,23300,ATM+4,CALL,23100,2026-06-11
2026-06-11 15:09:00+05:30,69.5,72.2,69.5,71.5,164190,2893605,12.727337,23143.85,23350.0,23300,ATM+4,CALL,23100,2026-06-11
2026-06-11 15:10:00+05:30,71.45,74.75,71.45,74.75,220545,2838225,12.800877,23151.75,23350.0,23300,ATM+4,CALL,23100,2026-06-11
2026-06-11 15:11:00+05:30,74.95,76.25,73.15,73.15,231075,2840370,12.888305,23144.1,23350.0,23300,ATM+4,CALL,23100,2026-06-11
2026-06-11 15:12:00+05:30,73.3,76.25,72.35,75.85,157300,2787070,12.919482,23151.55,23350.0,23300,ATM+4,CALL,23100,2026-06-11
2026-06-11 15:13:00+05:30,75.65,78.25,75.6,77.8,172445,2765425,12.77599,23161.85,23350.0,23300,ATM+4,CALL,23100,2026-06-11
2026-06-11 15:14:00+05:30,78.05,79.25,76.75,77.0,122135,2741310,12.566927,23165.8,23350.0,23300,ATM+4,CALL,23100,2026-06-11
2026-06-11 15:15:00+05:30,77.1,78.1,73.35,76.9,345800,2686450,12.538106,23166.4,23350.0,23300,ATM+4,CALL,23100,2026-06-11
2026-06-11 15:16:00+05:30,62.15,66.0,62.0,65.45,534690,5976490,12.504146,23180.55,23400.0,23300,ATM+4,CALL,23100,2026-06-11
2026-06-11 15:17:00+05:30,65.35,66.4,65.2,65.75,312195,5939375,12.494219,23181.9,23400.0,23300,ATM+4,CALL,23100,2026-06-11
2026-06-11 15:18:00+05:30,66.0,66.7,64.5,64.6,301665,5883345,12.399288,23181.15,23400.0,23300,ATM+4,CALL,23100,2026-06-11
2026-06-11 15:19:00+05:30,79.65,80.05,77.1,78.2,201305,2528890,12.48314,23172.0,23350.0,23300,ATM+4,CALL,23100,2026-06-11
2026-06-11 15:20:00+05:30,63.25,65.0,63.2,63.55,260975,5871385,12.383075,23178.2,23400.0,23300,ATM+4,CALL,23100,2026-06-11
2026-06-11 15:21:00+05:30,63.4,65.85,63.4,63.7,207350,5875740,12.447439,23176.65,23400.0,23300,ATM+4,CALL,23100,2026-06-11
2026-06-11 15:22:00+05:30,77.7,80.55,77.7,77.85,255320,2454530,12.521966,23169.9,23350.0,23300,ATM+4,CALL,23100,2026-06-11
2026-06-11 15:23:00+05:30,77.65,79.9,76.25,79.25,198055,2450435,12.627022,23170.9,23350.0,23300,ATM+4,CALL,23100,2026-06-11
2026-06-11 15:24:00+05:30,79.4,80.3,78.6,80.1,94640,2395705,12.620439,23173.6,23350.0,23300,ATM+4,CALL,23100,2026-06-11
2026-06-11 15:25:00+05:30,80.2,83.45,79.25,83.45,158990,2366260,12.921337,23174.4,23350.0,23300,ATM+4,CALL,23100,2026-06-11
2026-06-11 15:26:00+05:30,67.35,69.0,65.45,68.0,337675,5561465,12.900851,23176.6,23400.0,23300,ATM+4,CALL,23100,2026-06-11
2026-06-11 15:27:00+05:30,67.95,68.75,67.4,68.0,250965,5529680,12.82382,23179.1,23400.0,23300,ATM+4,CALL,23100,2026-06-11
2026-06-11 15:28:00+05:30,68.15,68.85,67.5,68.4,306930,5521620,12.83636,23180.05,23400.0,23300,ATM+4,CALL,23100,2026-06-11
2026-06-11 15:29:00+05:30,68.55,69.9,68.4,69.15,462930,5447130,12.710053,23186.55,23400.0,23300,ATM+4,CALL,23100,2026-06-11
2026-06-11 09:15:00+05:30,257.15,275.9,256.85,271.65,686790,3834220,15.876844,23104.4,23300.0,23300,ATM+4,PUT,23100,2026-06-11
2026-06-11 09:16:00+05:30,276.7,292.9,271.65,291.3,482040,3731455,16.393897,23082.3,23300.0,23300,ATM+4,PUT,23100,2026-06-11
2026-06-11 09:17:00+05:30,292.0,301.45,287.6,287.6,384215,3693560,16.690095,23092.9,23300.0,23300,ATM+4,PUT,23100,2026-06-11
2026-06-11 09:18:00+05:30,286.65,287.15,275.1,281.85,293020,3642600,16.580438,23100.1,23300.0,23300,ATM+4,PUT,23100,2026-06-11
2026-06-11 09:19:00+05:30,281.25,282.1,271.25,273.5,210470,3635450,16.722025,23115.85,23300.0,23300,ATM+4,PUT,23100,2026-06-11
2026-06-11 09:20:00+05:30,307.45,313.2,295.35,295.6,60060,977860,16.546847,23128.6,23350.0,23300,ATM+4,PUT,23100,2026-06-11
2026-06-11 09:21:00+05:30,297.3,297.3,285.15,287.55,45175,960830,16.630163,23142.45,23350.0,23300,ATM+4,PUT,23100,2026-06-11
2026-06-11 09:22:00+05:30,287.15,294.0,283.95,288.4,33020,956150,16.737851,23142.9,23350.0,23300,ATM+4,PUT,23100,2026-06-11
2026-06-11 09:23:00+05:30,285.95,292.05,282.3,291.35,39000,953225,16.554403,23135.25,23350.0,23300,ATM+4,PUT,23100,2026-06-11
2026-06-11 09:24:00+05:30,257.65,270.4,255.65,267.65,210990,3692455,16.238115,23116.8,23300.0,23300,ATM+4,PUT,23100,2026-06-11
2026-06-11 09:25:00+05:30,269.1,271.55,266.15,270.3,138710,3651830,16.030606,23109.0,23300.0,23300,ATM+4,PUT,23100,2026-06-11
2026-06-11 09:26:00+05:30,271.0,274.75,266.7,269.65,139620,3672110,15.88175,23107.5,23300.0,23300,ATM+4,PUT,23100,2026-06-11
2026-06-11 09:27:00+05:30,271.2,281.95,267.75,275.5,167570,3672175,16.071381,23101.45,23300.0,23300,ATM+4,PUT,23100,2026-06-11
2026-06-11 09:28:00+05:30,275.2,275.5,263.85,265.25,233285,3665350,16.064475,23117.6,23300.0,23300,ATM+4,PUT,23100,2026-06-11
2026-06-11 09:29:00+05:30,264.35,267.25,259.65,263.55,125385,3643445,16.155166,23121.9,23300.0,23300,ATM+4,PUT,23100,2026-06-11
2026-06-11 09:30:00+05:30,263.5,276.2,262.95,274.6,167440,3668340,16.515003,23110.35,23300.0,23300,ATM+4,PUT,23100,2026-06-11
2026-06-11 09:31:00+05:30,274.7,279.5,267.95,267.95,107250,3711500,16.277152,23116.9,23300.0,23300,ATM+4,PUT,23100,2026-06-11
2026-06-11 09:32:00+05:30,266.2,270.0,259.55,270.0,92885,3660605,16.297646,23113.95,23300.0,23300,ATM+4,PUT,23100,2026-06-11
2026-06-11 09:33:00+05:30,271.7,281.7,270.0,280.3,112450,3668275,16.535823,23101.6,23300.0,23300,ATM+4,PUT,23100,2026-06-11
2026-06-11 09:34:00+05:30,281.1,281.1,270.6,273.1,83785,3659955,16.337329,23109.65,23300.0,23300,ATM+4,PUT,23100,2026-06-11
2026-06-11 09:35:00+05:30,274.05,285.0,273.1,284.45,128310,3659500,16.6504,23096.95,23300.0,23300,ATM+4,PUT,23100,2026-06-11
2026-06-11 09:36:00+05:30,283.35,284.45,271.85,272.05,111085,3661190,16.398599,23112.35,23300.0,23300,ATM+4,PUT,23100,2026-06-11
2026-06-11 09:37:00+05:30,272.25,272.95,264.4,267.1,83265,3675620,16.344039,23119.35,23300.0,23300,ATM+4,PUT,23100,2026-06-11
2026-06-11 09:38:00+05:30,302.65,302.65,290.05,293.3,35100,921895,16.425124,23129.95,23350.0,23300,ATM+4,PUT,23100,2026-06-11
2026-06-11 09:39:00+05:30,292.9,293.3,286.2,288.9,22165,926965,16.155137,23132.35,23350.0,23300,ATM+4,PUT,23100,2026-06-11
2026-06-11 09:40:00+05:30,255.15,265.0,255.0,264.25,112060,3714425,16.104929,23119.75,23300.0,23300,ATM+4,PUT,23100,2026-06-11
2026-06-11 09:41:00+05:30,264.8,267.4,261.4,263.9,92365,3740295,16.107776,23120.35,23300.0,23300,ATM+4,PUT,23100,2026-06-11
2026-06-11 09:42:00+05:30,263.55,268.3,260.8,266.0,60905,3685175,16.283256,23120.0,23300.0,23300,ATM+4,PUT,23100,2026-06-11
2026-06-11 09:43:00+05:30,299.2,299.7,281.2,282.25,32565,921180,16.076972,23141.3,23350.0,23300,ATM+4,PUT,23100,2026-06-11
2026-06-11 09:44:00+05:30,281.85,282.6,277.5,280.45,28405,923715,16.086927,23144.25,23350.0,23300,ATM+4,PUT,23100,2026-06-11
2026-06-11 09:45:00+05:30,279.95,286.2,275.1,279.3,29705,923910,16.063866,23145.65,23350.0,23300,ATM+4,PUT,23100,2026-06-11
2026-06-11 09:46:00+05:30,279.8,282.5,273.75,275.2,18395,927030,16.20601,23154.45,23350.0,23300,ATM+4,PUT,23100,2026-06-11
2026-06-11 09:47:00+05:30,275.05,281.2,275.05,281.2,11635,926445,16.487259,23149.7,23350.0,23300,ATM+4,PUT,23100,2026-06-11
2026-06-11 09:48:00+05:30,279.0,288.0,278.7,288.0,18720,928005,16.636565,23141.5,23350.0,23300,ATM+4,PUT,23100,2026-06-11
2026-06-11 09:49:00+05:30,286.35,288.0,277.05,278.15,17160,928785,16.416508,23153.3,23350.0,23300,ATM+4,PUT,23100,2026-06-11
2026-06-11 09:50:00+05:30,277.75,284.8,267.35,268.3,29445,928850,16.061506,23162.9,23350.0,23300,ATM+4,PUT,23100,2026-06-11
2026-06-11 09:51:00+05:30,270.5,271.95,265.0,266.1,25350,921245,16.124894,23167.5,23350.0,23300,ATM+4,PUT,23100,2026-06-11
2026-06-11 09:52:00+05:30,268.1,271.5,265.0,266.9,20670,922740,16.389405,23170.8,23350.0,23300,ATM+4,PUT,23100,2026-06-11
2026-06-11 09:53:00+05:30,265.4,270.0,263.6,266.25,13780,925210,16.415661,23172.3,23350.0,23300,ATM+4,PUT,23100,2026-06-11
2026-06-11 09:54:00+05:30,265.5,277.0,265.5,276.95,16900,917020,16.251524,23152.35,23350.0,23300,ATM+4,PUT,23100,2026-06-11
2026-06-11 09:55:00+05:30,274.6,285.0,274.6,282.0,45825,918190,16.095834,23141.85,23350.0,23300,ATM+4,PUT,23100,2026-06-11
2026-06-11 09:56:00+05:30,282.35,284.35,276.3,284.0,14560,924950,16.203769,23140.5,23350.0,23300,ATM+4,PUT,23100,2026-06-11
2026-06-11 09:57:00+05:30,286.0,292.3,284.0,290.6,30940,921310,16.256371,23131.15,23350.0,23300,ATM+4,PUT,23100,2026-06-11
2026-06-11 09:58:00+05:30,256.9,266.2,256.6,264.75,182520,3702595,15.871504,23114.7,23300.0,23300,ATM+4,PUT,23100,2026-06-11
2026-06-11 09:59:00+05:30,265.4,269.0,260.45,265.3,232830,3638895,16.092722,23117.6,23300.0,23300,ATM+4,PUT,23100,2026-06-11
2026-06-11 10:00:00+05:30,299.8,299.95,289.95,292.0,40300,912145,16.333314,23130.2,23350.0,23300,ATM+4,PUT,23100,2026-06-11
2026-06-11 10:01:00+05:30,290.0,292.0,286.0,290.1,21580,921830,16.295505,23132.5,23350.0,23300,ATM+4,PUT,23100,2026-06-11
2026-06-11 10:02:00+05:30,255.8,263.7,255.3,261.05,80600,3584100,16.005956,23122.9,23300.0,23300,ATM+4,PUT,23100,2026-06-11
2026-06-11 10:03:00+05:30,261.3,266.8,254.55,264.0,92625,3596125,16.16274,23120.85,23300.0,23300,ATM+4,PUT,23100,2026-06-11
2026-06-11 10:04:00+05:30,264.0,272.25,261.1,272.25,108680,3606655,16.216272,23108.55,23300.0,23300,ATM+4,PUT,23100,2026-06-11
2026-06-11 10:05:00+05:30,272.0,275.4,266.1,267.2,139360,3572205,15.95025,23112.05,23300.0,23300,ATM+4,PUT,23100,2026-06-11
2026-06-11 10:06:00+05:30,304.0,304.0,283.2,287.0,43420,908700,16.300226,23137.3,23350.0,23300,ATM+4,PUT,23100,2026-06-11
2026-06-11 10:07:00+05:30,287.15,289.25,276.0,277.95,15210,919945,16.082868,23147.8,23350.0,23300,ATM+4,PUT,23100,2026-06-11
2026-06-11 10:08:00+05:30,277.1,279.8,268.95,269.5,21450,914420,15.833465,23156.9,23350.0,23300,ATM+4,PUT,23100,2026-06-11
2026-06-11 10:09:00+05:30,267.75,272.5,265.8,272.25,18915,911365,16.09518,23156.95,23350.0,23300,ATM+4,PUT,23100,2026-06-11
2026-06-11 10:10:00+05:30,273.5,274.0,264.95,270.45,17290,912665,16.007147,23158.3,23350.0,23300,ATM+4,PUT,23100,2026-06-11
2026-06-11 10:11:00+05:30,269.95,270.45,264.4,265.0,17485,914160,15.775047,23163.0,23350.0,23300,ATM+4,PUT,23100,2026-06-11
2026-06-11 10:12:00+05:30,266.05,272.3,264.0,271.45,19175,915135,16.004641,23156.65,23350.0,23300,ATM+4,PUT,23100,2026-06-11
2026-06-11 10:13:00+05:30,271.5,272.0,267.0,267.2,12350,919685,15.790615,23159.75,23350.0,23300,ATM+4,PUT,23100,2026-06-11
2026-06-11 10:14:00+05:30,267.3,278.55,265.0,277.75,34450,919945,16.051119,23147.5,23350.0,23300,ATM+4,PUT,23100,2026-06-11
2026-06-11 10:15:00+05:30,276.35,277.75,267.0,268.65,11375,913055,15.818336,23157.9,23350.0,23300,ATM+4,PUT,23100,2026-06-11
2026-06-11 10:16:00+05:30,268.9,268.9,260.65,264.5,33800,917930,15.846514,23164.95,23350.0,23300,ATM+4,PUT,23100,2026-06-11
2026-06-11 10:17:00+05:30,264.95,265.5,259.0,260.5,15925,923195,15.719375,23169.15,23350.0,23300,ATM+4,PUT,23100,2026-06-11
2026-06-11 10:18:00+05:30,261.8,265.55,255.55,256.65,10660,926445,15.58522,23173.0,23350.0,23300,ATM+4,PUT,23100,2026-06-11
2026-06-11 10:19:00+05:30,292.4,292.6,285.3,285.3,54210,2159495,15.860858,23183.15,23400.0,23300,ATM+4,PUT,23100,2026-06-11
2026-06-11 10:20:00+05:30,284.2,289.7,280.2,281.55,77870,2189460,15.94397,23190.25,23400.0,23300,ATM+4,PUT,23100,2026-06-11
2026-06-11 10:21:00+05:30,282.5,290.7,281.55,290.65,51545,2208050,16.311094,23182.15,23400.0,23300,ATM+4,PUT,23100,2026-06-11
2026-06-11 10:22:00+05:30,288.65,292.7,287.7,291.3,39260,2223910,16.234046,23179.9,23400.0,23300,ATM+4,PUT,23100,2026-06-11
2026-06-11 10:23:00+05:30,291.45,292.0,286.5,290.7,24895,2233660,16.280169,23181.55,23400.0,23300,ATM+4,PUT,23100,2026-06-11
2026-06-11 10:24:00+05:30,290.15,294.15,288.4,291.9,23855,2234310,16.283572,23179.75,23400.0,23300,ATM+4,PUT,23100,2026-06-11
2026-06-11 10:25:00+05:30,290.9,293.95,290.0,293.2,38415,2230930,16.383663,23179.35,23400.0,23300,ATM+4,PUT,23100,2026-06-11
2026-06-11 10:26:00+05:30,291.25,293.2,280.8,281.0,39325,2239380,16.073641,23193.15,23400.0,23300,ATM+4,PUT,23100,2026-06-11
2026-06-11 10:27:00+05:30,281.4,282.0,270.25,270.25,85930,2249065,15.9299,23207.6,23400.0,23300,ATM+4,PUT,23100,2026-06-11
2026-06-11 10:28:00+05:30,271.05,280.55,269.85,277.15,46085,2273245,16.089593,23199.4,23400.0,23300,ATM+4,PUT,23100,2026-06-11
2026-06-11 10:29:00+05:30,277.65,279.1,274.0,277.3,22750,2282280,16.110485,23199.5,23400.0,23300,ATM+4,PUT,23100,2026-06-11
2026-06-11 10:30:00+05:30,276.7,287.0,273.0,286.3,47905,2295280,16.31968,23188.9,23400.0,23300,ATM+4,PUT,23100,2026-06-11
2026-06-11 10:31:00+05:30,286.0,287.8,276.75,277.7,51480,2278510,16.128662,23199.15,23400.0,23300,ATM+4,PUT,23100,2026-06-11
2026-06-11 10:32:00+05:30,277.5,280.45,272.0,275.05,33085,2285335,16.170094,23204.0,23400.0,23300,ATM+4,PUT,23100,2026-06-11
2026-06-11 10:33:00+05:30,276.65,281.7,275.05,277.0,20475,2291965,16.052168,23198.95,23400.0,23300,ATM+4,PUT,23100,2026-06-11
2026-06-11 10:34:00+05:30,278.0,279.6,277.0,278.4,12220,2295215,16.295627,23200.8,23400.0,23300,ATM+4,PUT,23100,2026-06-11
2026-06-11 10:35:00+05:30,277.95,279.0,272.9,278.55,38610,2303470,16.346263,23201.4,23400.0,23300,ATM+4,PUT,23100,2026-06-11
2026-06-11 10:36:00+05:30,279.15,285.0,278.55,282.2,58110,2316145,16.37925,23196.2,23400.0,23300,ATM+4,PUT,23100,2026-06-11
2026-06-11 10:37:00+05:30,281.45,286.25,279.05,285.0,39910,2328105,16.384648,23191.9,23400.0,23300,ATM+4,PUT,23100,2026-06-11
2026-06-11 10:38:00+05:30,281.9,285.0,278.8,279.0,13910,2326805,16.253458,23199.1,23400.0,23300,ATM+4,PUT,23100,2026-06-11
2026-06-11 10:39:00+05:30,276.2,279.2,271.2,273.35,57590,2338830,16.220437,23207.45,23400.0,23300,ATM+4,PUT,23100,2026-06-11
2026-06-11 10:40:00+05:30,273.4,275.95,268.7,270.95,57135,2326350,16.287366,23212.4,23400.0,23300,ATM+4,PUT,23100,2026-06-11
2026-06-11 10:41:00+05:30,271.05,278.7,269.5,278.7,28210,2335710,16.486703,23203.45,23400.0,23300,ATM+4,PUT,23100,2026-06-11
2026-06-11 10:42:00+05:30,277.0,280.75,275.2,276.15,47450,2342080,16.390453,23205.85,23400.0,23300,ATM+4,PUT,23100,2026-06-11
2026-06-11 10:43:00+05:30,276.15,279.3,273.7,278.85,18720,2350855,16.422304,23202.1,23400.0,23300,ATM+4,PUT,23100,2026-06-11
2026-06-11 10:44:00+05:30,279.0,282.65,275.6,275.6,25285,2353130,16.281364,23204.85,23400.0,23300,ATM+4,PUT,23100,2026-06-11
2026-06-11 10:45:00+05:30,276.35,283.0,275.6,275.8,26910,2351505,16.286076,23204.6,23400.0,23300,ATM+4,PUT,23100,2026-06-11
2026-06-11 10:46:00+05:30,277.05,277.05,271.15,277.0,22945,2356770,16.517284,23206.6,23400.0,23300,ATM+4,PUT,23100,2026-06-11
2026-06-11 10:47:00+05:30,277.2,277.7,273.0,273.15,21450,2363725,16.378303,23210.35,23400.0,23300,ATM+4,PUT,23100,2026-06-11
2026-06-11 10:48:00+05:30,272.55,280.1,270.95,277.2,47125,2377115,16.484608,23205.7,23400.0,23300,ATM+4,PUT,23100,2026-06-11
2026-06-11 10:49:00+05:30,276.6,283.8,276.25,283.8,37310,2374060,16.392582,23193.75,23400.0,23300,ATM+4,PUT,23100,2026-06-11
2026-06-11 10:50:00+05:30,283.85,288.9,283.8,287.5,62465,2357030,16.295662,23186.4,23400.0,23300,ATM+4,PUT,23100,2026-06-11
2026-06-11 10:51:00+05:30,285.9,287.5,278.35,284.1,27820,2352870,16.194191,23190.0,23400.0,23300,ATM+4,PUT,23100,2026-06-11
2026-06-11 10:52:00+05:30,284.15,285.2,280.0,284.3,15795,2357095,16.094089,23188.05,23400.0,23300,ATM+4,PUT,23100,2026-06-11
2026-06-11 10:53:00+05:30,251.0,258.55,250.75,256.2,44525,1004120,15.679067,23174.9,23350.0,23300,ATM+4,PUT,23100,2026-06-11
2026-06-11 10:54:00+05:30,258.45,259.7,255.15,256.15,37960,998595,15.663612,23174.7,23350.0,23300,ATM+4,PUT,23100,2026-06-11
2026-06-11 10:55:00+05:30,256.35,261.35,256.15,257.7,55380,982865,15.721912,23173.2,23350.0,23300,ATM+4,PUT,23100,2026-06-11
2026-06-11 10:56:00+05:30,293.05,294.0,286.95,288.45,33865,2347280,15.979984,23179.8,23400.0,23300,ATM+4,PUT,23100,2026-06-11
2026-06-11 10:57:00+05:30,289.4,292.7,288.2,290.3,19760,2353910,16.000885,23177.3,23400.0,23300,ATM+4,PUT,23100,2026-06-11
2026-06-11 10:58:00+05:30,291.7,293.3,287.95,293.3,27690,2343575,16.186196,23175.65,23400.0,23300,ATM+4,PUT,23100,2026-06-11
2026-06-11 10:59:00+05:30,293.4,296.1,287.7,289.15,31005,2338960,15.843802,23176.55,23400.0,23300,ATM+4,PUT,23100,2026-06-11
2026-06-11 11:00:00+05:30,253.65,261.4,251.6,260.45,16055,984685,15.764223,23169.45,23350.0,23300,ATM+4,PUT,23100,2026-06-11
2026-06-11 11:01:00+05:30,260.85,263.9,257.35,262.5,37115,990080,15.822167,23167.15,23350.0,23300,ATM+4,PUT,23100,2026-06-11
2026-06-11 11:02:00+05:30,261.4,263.35,259.0,259.9,31915,995410,15.623583,23167.9,23350.0,23300,ATM+4,PUT,23100,2026-06-11
2026-06-11 11:03:00+05:30,297.0,298.0,286.6,286.6,39520,2326870,15.848182,23180.45,23400.0,23300,ATM+4,PUT,23100,2026-06-11
2026-06-11 11:04:00+05:30,286.2,288.2,282.7,286.95,50440,2321345,15.955017,23181.6,23400.0,23300,ATM+4,PUT,23100,2026-06-11
2026-06-11 11:05:00+05:30,285.65,286.95,272.0,273.45,94965,2339415,15.792045,23199.8,23400.0,23300,ATM+4,PUT,23100,2026-06-11
2026-06-11 11:06:00+05:30,271.65,279.4,270.0,271.5,36335,2351310,15.873935,23204.2,23400.0,23300,ATM+4,PUT,23100,2026-06-11
2026-06-11 11:07:00+05:30,270.0,281.0,268.05,280.3,64350,2346370,15.847392,23190.05,23400.0,23300,ATM+4,PUT,23100,2026-06-11
2026-06-11 11:08:00+05:30,280.3,283.95,274.5,279.15,40950,2341105,16.03047,23194.8,23400.0,23300,ATM+4,PUT,23100,2026-06-11
2026-06-11 11:09:00+05:30,278.95,287.25,278.15,279.95,24050,2341560,16.030846,23193.55,23400.0,23300,ATM+4,PUT,23100,2026-06-11
2026-06-11 11:10:00+05:30,281.55,284.0,278.85,279.4,9100,2342665,15.853339,23191.5,23400.0,23300,ATM+4,PUT,23100,2026-06-11
2026-06-11 11:11:00+05:30,279.95,282.7,276.7,280.15,35750,2346045,15.783318,23189.2,23400.0,23300,ATM+4,PUT,23100,2026-06-11
2026-06-11 11:12:00+05:30,281.2,285.1,280.15,282.05,14690,2344095,15.828958,23187.0,23400.0,23300,ATM+4,PUT,23100,2026-06-11
2026-06-11 11:13:00+05:30,282.6,284.0,278.45,281.8,32435,2340780,15.696216,23185.25,23400.0,23300,ATM+4,PUT,23100,2026-06-11
2026-06-11 11:14:00+05:30,282.4,286.1,279.0,283.05,20995,2331810,15.688088,23183.2,23400.0,23300,ATM+4,PUT,23100,2026-06-11
2026-06-11 11:15:00+05:30,284.1,285.6,279.35,279.6,17615,2333890,15.674443,23188.25,23400.0,23300,ATM+4,PUT,23100,2026-06-11
2026-06-11 11:16:00+05:30,281.3,284.15,279.2,279.5,20345,2347345,15.740356,23189.45,23400.0,23300,ATM+4,PUT,23100,2026-06-11
2026-06-11 11:17:00+05:30,280.0,284.0,275.75,277.95,28925,2331680,15.871172,23193.95,23400.0,23300,ATM+4,PUT,23100,2026-06-11
2026-06-11 11:18:00+05:30,277.55,279.35,268.55,269.4,29120,2330835,15.741833,23205.15,23400.0,23300,ATM+4,PUT,23100,2026-06-11
2026-06-11 11:19:00+05:30,267.35,273.7,265.6,272.5,69875,2335190,15.933007,23203.45,23400.0,23300,ATM+4,PUT,23100,2026-06-11
2026-06-11 11:20:00+05:30,273.0,275.1,264.5,264.5,59930,2347540,15.723483,23212.55,23400.0,23300,ATM+4,PUT,23100,2026-06-11
2026-06-11 11:21:00+05:30,264.85,265.55,258.0,260.55,53040,2346695,15.80927,23220.3,23400.0,23300,ATM+4,PUT,23100,2026-06-11
2026-06-11 11:22:00+05:30,259.95,264.7,258.8,263.9,57135,2384720,15.76026,23214.1,23400.0,23300,ATM+4,PUT,23100,2026-06-11
2026-06-11 11:23:00+05:30,264.7,266.75,259.15,266.75,34580,2399345,15.966181,23213.05,23400.0,23300,ATM+4,PUT,23100,2026-06-11
2026-06-11 11:24:00+05:30,265.25,268.9,261.3,262.0,41145,2403700,15.842025,23218.5,23400.0,23300,ATM+4,PUT,23100,2026-06-11
2026-06-11 11:25:00+05:30,262.25,263.25,258.1,262.5,43940,2397915,15.731436,23215.8,23400.0,23300,ATM+4,PUT,23100,2026-06-11
2026-06-11 11:26:00+05:30,296.55,296.85,285.0,285.0,15860,387205,15.557681,23228.5,23450.0,23300,ATM+4,PUT,23100,2026-06-11
2026-06-11 11:27:00+05:30,283.4,285.0,278.2,279.4,19045,393315,15.374169,23234.1,23450.0,23300,ATM+4,PUT,23100,2026-06-11
2026-06-11 11:28:00+05:30,278.25,281.6,276.9,278.25,13130,402155,15.387471,23236.05,23450.0,23300,ATM+4,PUT,23100,2026-06-11
2026-06-11 11:29:00+05:30,279.9,284.7,278.25,278.35,10335,403065,15.359905,23235.45,23450.0,23300,ATM+4,PUT,23100,2026-06-11
2026-06-11 11:30:00+05:30,278.6,281.25,273.95,281.25,12285,405600,15.686366,23236.2,23450.0,23300,ATM+4,PUT,23100,2026-06-11
2026-06-11 11:31:00+05:30,278.2,286.2,277.85,284.2,19695,405405,15.34237,23226.3,23450.0,23300,ATM+4,PUT,23100,2026-06-11
2026-06-11 11:32:00+05:30,284.9,288.6,284.2,285.65,6175,406380,15.47421,23226.15,23450.0,23300,ATM+4,PUT,23100,2026-06-11
2026-06-11 11:33:00+05:30,284.5,285.65,278.45,282.2,11570,407420,15.613237,23233.55,23450.0,23300,ATM+4,PUT,23100,2026-06-11
2026-06-11 11:34:00+05:30,283.1,289.0,282.2,288.9,7215,405340,15.803246,23226.35,23450.0,23300,ATM+4,PUT,23100,2026-06-11
2026-06-11 11:35:00+05:30,287.7,291.2,283.35,283.35,10075,407095,15.775523,23234.35,23450.0,23300,ATM+4,PUT,23100,2026-06-11
2026-06-11 11:36:00+05:30,250.45,258.2,249.7,257.5,32435,2474810,15.614501,23221.65,23400.0,23300,ATM+4,PUT,23100,2026-06-11
2026-06-11 11:37:00+05:30,256.0,258.0,255.0,258.0,35490,2488655,15.451131,23218.05,23400.0,23300,ATM+4,PUT,23100,2026-06-11
2026-06-11 11:38:00+05:30,258.35,262.0,256.6,262.0,49985,2487030,15.664826,23215.3,23400.0,23300,ATM+4,PUT,23100,2026-06-11
2026-06-11 11:39:00+05:30,262.5,263.6,255.7,256.7,53170,2479230,15.617705,23222.95,23400.0,23300,ATM+4,PUT,23100,2026-06-11
2026-06-11 11:40:00+05:30,257.9,259.7,253.75,258.25,34320,2467985,15.768785,23223.05,23400.0,23300,ATM+4,PUT,23100,2026-06-11
2026-06-11 11:41:00+05:30,292.85,293.2,285.05,285.15,4160,404170,15.697552,23230.3,23450.0,23300,ATM+4,PUT,23100,2026-06-11
2026-06-11 11:42:00+05:30,285.95,285.95,271.2,271.8,14885,407810,15.314102,23244.6,23450.0,23300,ATM+4,PUT,23100,2026-06-11
2026-06-11 11:43:00+05:30,273.5,278.45,271.8,278.1,5460,410605,15.727498,23241.55,23450.0,23300,ATM+4,PUT,23100,2026-06-11
2026-06-11 11:44:00+05:30,277.4,278.1,267.8,267.8,13455,414375,15.493208,23253.7,23450.0,23300,ATM+4,PUT,23100,2026-06-11
2026-06-11 11:45:00+05:30,267.0,270.05,263.8,269.15,18980,420875,15.642777,23254.05,23450.0,23300,ATM+4,PUT,23100,2026-06-11
2026-06-11 11:46:00+05:30,268.3,270.15,265.6,265.6,7735,425360,15.534035,23257.8,23450.0,23300,ATM+4,PUT,23100,2026-06-11
2026-06-11 11:47:00+05:30,265.95,268.55,255.45,255.45,34905,432705,15.258674,23269.2,23450.0,23300,ATM+4,PUT,23100,2026-06-11
2026-06-11 11:48:00+05:30,253.85,262.7,253.85,259.1,19305,447395,15.550965,23268.35,23450.0,23300,ATM+4,PUT,23100,2026-06-11
2026-06-11 11:49:00+05:30,259.3,264.4,259.0,261.75,12480,449995,15.614518,23265.2,23450.0,23300,ATM+4,PUT,23100,2026-06-11
2026-06-11 11:50:00+05:30,261.75,261.75,257.0,257.95,9815,456040,15.762298,23273.8,23450.0,23300,ATM+4,PUT,23100,2026-06-11
2026-06-11 11:51:00+05:30,256.75,260.8,255.8,260.8,16510,457210,15.744198,23268.9,23450.0,23300,ATM+4,PUT,23100,2026-06-11
2026-06-11 11:52:00+05:30,260.3,263.25,257.0,257.0,9620,459875,15.460138,23270.1,23450.0,23300,ATM+4,PUT,23100,2026-06-11
2026-06-11 11:53:00+05:30,258.95,260.35,257.0,257.15,5590,462150,15.707479,23274.1,23450.0,23300,ATM+4,PUT,23100,2026-06-11
2026-06-11 11:54:00+05:30,256.85,259.35,252.85,258.25,10985,464815,15.744104,23272.95,23450.0,23300,ATM+4,PUT,23100,2026-06-11
2026-06-11 11:55:00+05:30,257.55,258.7,254.15,258.7,5005,467935,15.835838,23273.8,23450.0,23300,ATM+4,PUT,23100,2026-06-11
2026-06-11 11:56:00+05:30,291.95,294.55,278.6,279.8,84825,2395900,15.480742,23285.3,23500.0,23300,ATM+4,PUT,23100,2026-06-11
2026-06-11 11:57:00+05:30,280.4,284.65,279.8,281.05,73190,2396095,15.579516,23284.95,23500.0,23300,ATM+4,PUT,23100,2026-06-11
2026-06-11 11:58:00+05:30,280.65,282.0,274.5,280.05,62205,2418715,15.855185,23290.9,23500.0,23300,ATM+4,PUT,23100,2026-06-11
2026-06-11 11:59:00+05:30,280.6,286.0,279.8,285.3,53365,2412540,15.875855,23283.15,23500.0,23300,ATM+4,PUT,23100,2026-06-11
2026-06-11 12:00:00+05:30,281.0,285.3,279.5,284.2,45110,2441855,15.858803,23284.55,23500.0,23300,ATM+4,PUT,23100,2026-06-11
2026-06-11 12:01:00+05:30,284.85,284.9,280.0,282.2,23595,2445755,15.917203,23288.55,23500.0,23300,ATM+4,PUT,23100,2026-06-11
2026-06-11 12:02:00+05:30,280.95,285.0,280.75,283.6,17030,2452320,15.874649,23285.7,23500.0,23300,ATM+4,PUT,23100,2026-06-11
2026-06-11 12:03:00+05:30,284.15,284.95,280.15,281.4,31655,2469805,15.932038,23290.0,23500.0,23300,ATM+4,PUT,23100,2026-06-11
2026-06-11 12:04:00+05:30,281.95,285.15,281.4,284.85,30290,2460900,16.057817,23286.7,23500.0,23300,ATM+4,PUT,23100,2026-06-11
2026-06-11 12:05:00+05:30,284.0,291.3,282.4,288.4,43420,2459860,16.052348,23281.15,23500.0,23300,ATM+4,PUT,23100,2026-06-11
2026-06-11 12:06:00+05:30,287.1,289.85,284.2,285.85,34515,2461160,15.867915,23282.1,23500.0,23300,ATM+4,PUT,23100,2026-06-11
2026-06-11 12:07:00+05:30,284.9,285.85,278.65,278.8,54470,2450435,15.705504,23290.3,23500.0,23300,ATM+4,PUT,23100,2026-06-11
2026-06-11 12:08:00+05:30,278.4,285.65,278.4,284.0,25805,2457455,15.85496,23284.7,23500.0,23300,ATM+4,PUT,23100,2026-06-11
2026-06-11 12:09:00+05:30,283.0,286.3,282.9,286.1,10595,2460250,15.966312,23283.25,23500.0,23300,ATM+4,PUT,23100,2026-06-11
2026-06-11 12:10:00+05:30,284.75,289.0,284.5,287.15,47125,2477865,15.781114,23278.7,23500.0,23300,ATM+4,PUT,23100,2026-06-11
2026-06-11 12:11:00+05:30,287.3,292.0,286.7,289.05,52520,2490995,15.89215,23277.55,23500.0,23300,ATM+4,PUT,23100,2026-06-11
2026-06-11 12:12:00+05:30,290.2,290.3,285.15,285.2,19955,2496910,15.882199,23283.25,23500.0,23300,ATM+4,PUT,23100,2026-06-11
2026-06-11 12:13:00+05:30,284.0,287.2,281.8,284.15,24310,2505750,15.982215,23286.45,23500.0,23300,ATM+4,PUT,23100,2026-06-11
2026-06-11 12:14:00+05:30,284.15,286.95,282.0,282.0,28665,2507765,15.845727,23287.55,23500.0,23300,ATM+4,PUT,23100,2026-06-11
2026-06-11 12:15:00+05:30,281.7,282.0,269.45,271.95,142220,2481895,15.722337,23301.1,23500.0,23300,ATM+4,PUT,23100,2026-06-11
2026-06-11 12:16:00+05:30,271.65,278.75,268.0,268.0,66040,2485405,15.549115,23304.4,23500.0,23300,ATM+4,PUT,23100,2026-06-11
2026-06-11 12:17:00+05:30,268.35,275.7,265.8,274.45,59475,2494700,15.750963,23297.65,23500.0,23300,ATM+4,PUT,23100,2026-06-11
2026-06-11 12:18:00+05:30,275.25,279.0,274.0,277.4,42445,2502630,15.827022,23294.3,23500.0,23300,ATM+4,PUT,23100,2026-06-11
2026-06-11 12:19:00+05:30,276.6,282.15,276.25,282.15,50245,2505685,15.984742,23289.5,23500.0,23300,ATM+4,PUT,23100,2026-06-11
2026-06-11 12:20:00+05:30,281.65,285.55,279.0,285.15,37765,2509910,15.927261,23283.95,23500.0,23300,ATM+4,PUT,23100,2026-06-11
2026-06-11 12:21:00+05:30,284.55,287.0,281.85,283.85,32240,2513030,15.755979,23283.2,23500.0,23300,ATM+4,PUT,23100,2026-06-11
2026-06-11 12:22:00+05:30,284.55,284.55,280.25,281.45,14105,2513030,15.786549,23287.35,23500.0,23300,ATM+4,PUT,23100,2026-06-11
2026-06-11 12:23:00+05:30,282.35,284.35,276.75,278.95,30030,2538640,15.919963,23293.35,23500.0,23300,ATM+4,PUT,23100,2026-06-11
2026-06-11 12:24:00+05:30,278.95,282.9,278.7,278.85,12480,2544685,15.812636,23291.75,23500.0,23300,ATM+4,PUT,23100,2026-06-11
2026-06-11 12:25:00+05:30,278.4,285.0,278.15,282.45,27105,2550015,15.968418,23288.7,23500.0,23300,ATM+4,PUT,23100,2026-06-11
2026-06-11 12:26:00+05:30,282.9,282.9,275.95,281.3,24245,2550015,16.102904,23292.65,23500.0,23300,ATM+4,PUT,23100,2026-06-11
2026-06-11 12:27:00+05:30,280.6,281.95,278.0,278.6,15080,2554955,15.858888,23292.85,23500.0,23300,ATM+4,PUT,23100,2026-06-11
2026-06-11 12:28:00+05:30,279.1,282.0,274.05,275.1,25090,2554955,16.012004,23300.8,23500.0,23300,ATM+4,PUT,23100,2026-06-11
2026-06-11 12:29:00+05:30,276.5,278.75,274.0,277.1,28210,2564380,16.008369,23297.6,23500.0,23300,ATM+4,PUT,23100,2026-06-11
2026-06-11 12:30:00+05:30,276.65,277.1,266.8,270.2,75140,2577250,15.860489,23305.95,23500.0,23300,ATM+4,PUT,23100,2026-06-11
2026-06-11 12:31:00+05:30,271.45,273.35,262.05,263.6,79235,2601950,15.83707,23316.0,23500.0,23300,ATM+4,PUT,23100,2026-06-11
2026-06-11 12:32:00+05:30,263.6,264.05,257.85,258.85,105365,2617550,15.63375,23320.1,23500.0,23300,ATM+4,PUT,23100,2026-06-11
2026-06-11 12:33:00+05:30,259.4,263.7,258.85,260.7,45825,2658695,15.569937,23316.05,23500.0,23300,ATM+4,PUT,23100,2026-06-11
2026-06-11 12:34:00+05:30,260.7,262.3,258.3,258.3,31395,2682355,15.697491,23322.05,23500.0,23300,ATM+4,PUT,23100,2026-06-11
2026-06-11 12:35:00+05:30,257.8,268.55,255.3,264.9,67015,2707120,15.794127,23313.15,23500.0,23300,ATM+4,PUT,23100,2026-06-11
2026-06-11 12:36:00+05:30,264.0,267.15,263.15,265.85,31200,2711410,15.565567,23307.8,23500.0,23300,ATM+4,PUT,23100,2026-06-11
2026-06-11 12:37:00+05:30,265.55,271.0,263.75,270.8,49530,2722525,15.135426,23293.1,23500.0,23300,ATM+4,PUT,23100,2026-06-11
2026-06-11 12:38:00+05:30,269.85,274.35,268.0,272.65,56745,2709070,15.347981,23293.65,23500.0,23300,ATM+4,PUT,23100,2026-06-11
2026-06-11 12:39:00+05:30,274.0,274.0,268.0,268.0,35165,2695940,15.152358,23297.65,23500.0,23300,ATM+4,PUT,23100,2026-06-11
2026-06-11 12:40:00+05:30,268.1,272.55,268.0,271.1,23400,2704780,15.464522,23297.9,23500.0,23300,ATM+4,PUT,23100,2026-06-11
2026-06-11 12:41:00+05:30,270.45,273.55,269.0,273.3,24310,2705755,15.505476,23295.15,23500.0,23300,ATM+4,PUT,23100,2026-06-11
2026-06-11 12:42:00+05:30,274.3,276.5,270.6,272.85,36465,2705170,15.549704,23296.55,23500.0,23300,ATM+4,PUT,23100,2026-06-11
2026-06-11 12:43:00+05:30,273.45,279.25,271.4,274.4,40950,2726165,15.509812,23293.5,23500.0,23300,ATM+4,PUT,23100,2026-06-11
2026-06-11 12:44:00+05:30,273.3,275.3,270.0,272.6,29705,2723370,15.499538,23296.1,23500.0,23300,ATM+4,PUT,23100,2026-06-11
2026-06-11 12:45:00+05:30,272.05,274.8,271.35,272.15,33475,2733835,15.392218,23295.05,23500.0,23300,ATM+4,PUT,23100,2026-06-11
2026-06-11 12:46:00+05:30,272.1,272.15,265.2,266.6,43160,2735915,15.25523,23301.4,23500.0,23300,ATM+4,PUT,23100,2026-06-11
2026-06-11 12:47:00+05:30,267.45,274.75,265.25,273.0,33280,2735590,15.36303,23293.25,23500.0,23300,ATM+4,PUT,23100,2026-06-11
2026-06-11 12:48:00+05:30,272.4,279.25,272.1,278.65,38090,2740725,15.45784,23286.1,23500.0,23300,ATM+4,PUT,23100,2026-06-11
2026-06-11 12:49:00+05:30,278.1,284.95,275.5,283.2,87425,2739360,15.216081,23275.45,23500.0,23300,ATM+4,PUT,23100,2026-06-11
2026-06-11 12:50:00+05:30,283.2,284.4,277.65,278.45,33995,2730975,15.204008,23282.4,23500.0,23300,ATM+4,PUT,23100,2026-06-11
2026-06-11 12:51:00+05:30,278.1,281.95,273.8,281.2,40040,2738775,15.38499,23281.05,23500.0,23300,ATM+4,PUT,23100,2026-06-11
2026-06-11 12:52:00+05:30,280.65,284.0,280.3,282.65,26455,2738645,15.401205,23279.1,23500.0,23300,ATM+4,PUT,23100,2026-06-11
2026-06-11 12:53:00+05:30,281.95,282.65,276.5,278.3,21450,2732210,15.335545,23284.65,23500.0,23300,ATM+4,PUT,23100,2026-06-11
2026-06-11 12:54:00+05:30,279.0,280.55,277.0,277.7,5460,2735915,14.77952,23276.95,23500.0,23300,ATM+4,PUT,23100,2026-06-11
2026-06-11 12:55:00+05:30,277.7,277.7,277.7,277.7,0,2735915,14.779521,23276.95,23500.0,23300,ATM+4,PUT,23100,2026-06-11
2026-06-11 12:56:00+05:30,282.25,282.25,275.25,280.15,55380,2728830,15.408351,23282.95,23500.0,23300,ATM+4,PUT,23100,2026-06-11
2026-06-11 12:57:00+05:30,279.4,280.15,265.5,266.15,56355,2725645,15.071804,23299.0,23500.0,23300,ATM+4,PUT,23100,2026-06-11
2026-06-11 12:58:00+05:30,266.35,267.05,259.85,262.25,61295,2728180,14.996633,23303.8,23500.0,23300,ATM+4,PUT,23100,2026-06-11
2026-06-11 12:59:00+05:30,263.8,268.1,257.05,257.95,50245,2732860,14.860737,23308.25,23500.0,23300,ATM+4,PUT,23100,2026-06-11
2026-06-11 13:00:00+05:30,258.1,258.1,244.65,247.75,177060,2738190,14.852648,23324.15,23500.0,23300,ATM+4,PUT,23100,2026-06-11
2026-06-11 13:01:00+05:30,246.9,256.3,246.0,256.3,106405,2731560,15.060192,23314.1,23500.0,23300,ATM+4,PUT,23100,2026-06-11
2026-06-11 13:02:00+05:30,256.05,262.65,254.1,258.6,92755,2734420,14.832787,23306.75,23500.0,23300,ATM+4,PUT,23100,2026-06-11
2026-06-11 13:03:00+05:30,259.0,263.25,258.6,262.55,56160,2724150,15.05027,23304.15,23500.0,23300,ATM+4,PUT,23100,2026-06-11
2026-06-11 13:04:00+05:30,262.5,264.75,260.75,264.15,37635,2715830,15.046524,23301.6,23500.0,23300,ATM+4,PUT,23100,2026-06-11
2026-06-11 13:05:00+05:30,264.55,265.75,262.0,262.2,46215,2722265,14.928856,23302.7,23500.0,23300,ATM+4,PUT,23100,2026-06-11
2026-06-11 13:06:00+05:30,262.85,264.9,261.2,264.4,37765,2726880,15.065639,23301.5,23500.0,23300,ATM+4,PUT,23100,2026-06-11
2026-06-11 13:07:00+05:30,264.3,266.75,261.2,266.75,17030,2746185,15.139387,23299.05,23500.0,23300,ATM+4,PUT,23100,2026-06-11
2026-06-11 13:08:00+05:30,267.25,271.8,266.15,269.0,46540,2749500,14.907745,23291.9,23500.0,23300,ATM+4,PUT,23100,2026-06-11
2026-06-11 13:09:00+05:30,269.0,278.0,268.25,277.45,65845,2741310,15.006675,23280.65,23500.0,23300,ATM+4,PUT,23100,2026-06-11
2026-06-11 13:10:00+05:30,276.25,278.1,273.2,275.0,41990,2714790,14.888325,23282.5,23500.0,23300,ATM+4,PUT,23100,2026-06-11
2026-06-11 13:11:00+05:30,274.6,280.05,274.0,276.8,34775,2720835,14.833386,23278.95,23500.0,23300,ATM+4,PUT,23100,2026-06-11
2026-06-11 13:12:00+05:30,243.1,254.55,243.1,250.0,52455,617760,14.700724,23267.45,23450.0,23300,ATM+4,PUT,23100,2026-06-11
2026-06-11 13:13:00+05:30,250.95,256.2,250.0,254.7,32305,624325,14.716482,23260.35,23450.0,23300,ATM+4,PUT,23100,2026-06-11
2026-06-11 13:14:00+05:30,255.15,255.3,251.6,252.6,15015,612170,14.461018,23259.45,23450.0,23300,ATM+4,PUT,23100,2026-06-11
2026-06-11 13:15:00+05:30,253.3,254.1,251.5,254.1,14885,613990,14.654436,23260.25,23450.0,23300,ATM+4,PUT,23100,2026-06-11
2026-06-11 13:16:00+05:30,251.95,256.8,248.5,254.8,30810,609505,14.409016,23255.2,23450.0,23300,ATM+4,PUT,23100,2026-06-11
2026-06-11 13:17:00+05:30,254.55,259.7,247.1,251.45,44785,608205,14.586869,23263.25,23450.0,23300,ATM+4,PUT,23100,2026-06-11
2026-06-11 13:18:00+05:30,251.9,257.85,251.45,254.35,17030,600470,14.275868,23253.75,23450.0,23300,ATM+4,PUT,23100,2026-06-11
2026-06-11 13:19:00+05:30,254.35,258.0,252.0,257.5,13325,601380,14.601901,23254.1,23450.0,23300,ATM+4,PUT,23100,2026-06-11
2026-06-11 13:20:00+05:30,257.4,265.2,255.75,264.2,52650,600145,15.015631,23250.4,23450.0,23300,ATM+4,PUT,23100,2026-06-11
2026-06-11 13:21:00+05:30,263.8,272.8,263.8,272.55,53235,582335,15.090606,23238.8,23450.0,23300,ATM+4,PUT,23100,2026-06-11
2026-06-11 13:22:00+05:30,271.9,276.5,271.4,276.0,39325,573560,14.752665,23228.4,23450.0,23300,ATM+4,PUT,23100,2026-06-11
2026-06-11 13:23:00+05:30,274.15,276.5,259.2,264.8,35815,563810,14.659028,23243.8,23450.0,23300,ATM+4,PUT,23100,2026-06-11
2026-06-11 13:24:00+05:30,265.05,270.0,262.65,265.3,16315,559455,14.418143,23239.3,23450.0,23300,ATM+4,PUT,23100,2026-06-11
2026-06-11 13:25:00+05:30,265.1,273.85,264.95,273.75,13325,557960,14.822724,23232.8,23450.0,23300,ATM+4,PUT,23100,2026-06-11
2026-06-11 13:26:00+05:30,273.8,281.0,273.4,277.95,39390,554385,14.728698,23225.1,23450.0,23300,ATM+4,PUT,23100,2026-06-11
2026-06-11 13:27:00+05:30,276.35,277.95,272.55,274.4,12415,547495,14.7436,23230.6,23450.0,23300,ATM+4,PUT,23100,2026-06-11
2026-06-11 13:28:00+05:30,275.3,276.8,268.9,272.2,12285,545155,14.744618,23233.9,23450.0,23300,ATM+4,PUT,23100,2026-06-11
2026-06-11 13:29:00+05:30,271.0,272.2,265.3,266.5,10855,541515,14.770634,23242.9,23450.0,23300,ATM+4,PUT,23100,2026-06-11
2026-06-11 13:30:00+05:30,265.9,266.5,250.0,255.65,29965,536055,14.643234,23257.5,23450.0,23300,ATM+4,PUT,23100,2026-06-11
2026-06-11 13:31:00+05:30,255.35,262.55,255.1,258.0,13585,533390,14.819588,23256.7,23450.0,23300,ATM+4,PUT,23100,2026-06-11
2026-06-11 13:32:00+05:30,253.65,258.0,249.75,250.3,18330,535275,14.459622,23262.8,23450.0,23300,ATM+4,PUT,23100,2026-06-11
2026-06-11 13:33:00+05:30,251.05,254.6,245.55,254.6,18590,535990,14.622015,23258.75,23450.0,23300,ATM+4,PUT,23100,2026-06-11
2026-06-11 13:34:00+05:30,257.2,264.45,254.6,264.0,23725,533715,14.578992,23243.65,23450.0,23300,ATM+4,PUT,23100,2026-06-11
2026-06-11 13:35:00+05:30,263.35,264.5,257.05,259.6,13845,535600,14.494031,23249.0,23450.0,23300,ATM+4,PUT,23100,2026-06-11
2026-06-11 13:36:00+05:30,260.3,260.3,252.9,253.2,5005,533455,14.337027,23256.3,23450.0,23300,ATM+4,PUT,23100,2026-06-11
2026-06-11 13:37:00+05:30,252.25,258.9,252.25,258.6,7280,532545,14.531588,23251.1,23450.0,23300,ATM+4,PUT,23100,2026-06-11
2026-06-11 13:38:00+05:30,260.65,268.3,258.6,265.35,23595,534820,14.632792,23242.4,23450.0,23300,ATM+4,PUT,23100,2026-06-11
2026-06-11 13:39:00+05:30,266.0,276.0,265.35,273.3,22945,539435,14.781442,23232.7,23450.0,23300,ATM+4,PUT,23100,2026-06-11
2026-06-11 13:40:00+05:30,272.9,275.35,266.4,274.95,17745,533585,14.94731,23232.75,23450.0,23300,ATM+4,PUT,23100,2026-06-11
2026-06-11 13:41:00+05:30,275.8,277.3,272.4,273.0,13325,535470,14.54188,23229.5,23450.0,23300,ATM+4,PUT,23100,2026-06-11
2026-06-11 13:42:00+05:30,273.65,274.0,269.3,274.0,9815,532935,14.654664,23229.7,23450.0,23300,ATM+4,PUT,23100,2026-06-11
2026-06-11 13:43:00+05:30,240.65,247.0,238.7,243.8,106405,2733510,14.279818,23219.45,23400.0,23300,ATM+4,PUT,23100,2026-06-11
2026-06-11 13:44:00+05:30,244.65,248.95,238.8,241.05,106080,2711605,14.288688,23223.9,23400.0,23300,ATM+4,PUT,23100,2026-06-11
2026-06-11 13:45:00+05:30,240.9,244.4,239.9,244.4,55640,2717390,14.441711,23221.15,23400.0,23300,ATM+4,PUT,23100,2026-06-11
2026-06-11 13:46:00+05:30,278.1,282.35,270.4,271.15,16315,519610,14.240765,23227.7,23450.0,23300,ATM+4,PUT,23100,2026-06-11
2026-06-11 13:47:00+05:30,270.1,271.15,261.05,269.05,46345,509015,14.371203,23232.75,23450.0,23300,ATM+4,PUT,23100,2026-06-11
2026-06-11 13:48:00+05:30,268.5,269.3,262.85,269.0,3510,521170,14.313661,23231.95,23450.0,23300,ATM+4,PUT,23100,2026-06-11
2026-06-11 13:49:00+05:30,269.85,273.85,268.05,270.05,11570,521690,14.311488,23230.35,23450.0,23300,ATM+4,PUT,23100,2026-06-11
2026-06-11 13:50:00+05:30,238.3,242.1,238.05,241.3,49140,2690090,14.334557,23224.2,23400.0,23300,ATM+4,PUT,23100,2026-06-11
2026-06-11 13:51:00+05:30,272.3,276.2,269.35,270.9,5785,521300,14.117189,23226.2,23450.0,23300,ATM+4,PUT,23100,2026-06-11
2026-06-11 13:52:00+05:30,271.2,275.75,266.45,266.45,10595,521820,13.927967,23229.95,23450.0,23300,ATM+4,PUT,23100,2026-06-11
2026-06-11 13:53:00+05:30,267.75,268.75,264.45,266.1,8775,519350,14.289124,23235.85,23450.0,23300,ATM+4,PUT,23100,2026-06-11
2026-06-11 13:54:00+05:30,265.85,270.15,264.5,266.15,5915,520455,14.205172,23234.5,23450.0,23300,ATM+4,PUT,23100,2026-06-11
2026-06-11 13:55:00+05:30,269.4,272.0,264.95,264.95,2015,519025,14.186778,23236.0,23450.0,23300,ATM+4,PUT,23100,2026-06-11
2026-06-11 13:56:00+05:30,265.8,268.35,260.1,261.75,12350,521235,14.1557,23240.3,23450.0,23300,ATM+4,PUT,23100,2026-06-11
2026-06-11 13:57:00+05:30,263.05,267.0,258.65,265.5,13780,518115,14.459258,23239.3,23450.0,23300,ATM+4,PUT,23100,2026-06-11
2026-06-11 13:58:00+05:30,265.8,265.8,255.7,257.0,10335,515775,14.195629,23248.05,23450.0,23300,ATM+4,PUT,23100,2026-06-11
2026-06-11 13:59:00+05:30,257.2,271.15,257.0,268.0,14560,516555,14.291625,23233.0,23450.0,23300,ATM+4,PUT,23100,2026-06-11
2026-06-11 14:00:00+05:30,267.75,271.25,260.75,261.6,14430,517335,14.136897,23240.2,23450.0,23300,ATM+4,PUT,23100,2026-06-11
2026-06-11 14:01:00+05:30,262.5,267.25,261.6,264.5,5265,522535,14.136104,23235.85,23450.0,23300,ATM+4,PUT,23100,2026-06-11
2026-06-11 14:02:00+05:30,265.9,267.4,264.5,266.2,10140,523380,14.101587,23232.8,23450.0,23300,ATM+4,PUT,23100,2026-06-11
2026-06-11 14:03:00+05:30,265.7,268.0,263.85,265.85,3185,526240,14.297301,23236.25,23450.0,23300,ATM+4,PUT,23100,2026-06-11
2026-06-11 14:04:00+05:30,267.3,270.2,264.0,266.05,12415,524030,14.324285,23236.35,23450.0,23300,ATM+4,PUT,23100,2026-06-11
2026-06-11 14:05:00+05:30,266.05,273.55,265.7,268.7,17615,522470,14.314811,23232.25,23450.0,23300,ATM+4,PUT,23100,2026-06-11
2026-06-11 14:06:00+05:30,267.9,270.0,264.25,266.0,7670,523510,14.087559,23232.85,23450.0,23300,ATM+4,PUT,23100,2026-06-11
2026-06-11 14:07:00+05:30,234.0,246.8,234.0,246.6,114010,2701075,14.596524,23220.0,23400.0,23300,ATM+4,PUT,23100,2026-06-11
2026-06-11 14:08:00+05:30,246.2,254.4,245.4,254.4,162760,2663050,14.734125,23210.05,23400.0,23300,ATM+4,PUT,23100,2026-06-11
2026-06-11 14:09:00+05:30,254.1,256.8,247.7,249.5,207610,2635685,14.42179,23212.6,23400.0,23300,ATM+4,PUT,23100,2026-06-11
2026-06-11 14:10:00+05:30,248.0,251.5,243.6,249.9,80015,2651610,14.584301,23214.6,23400.0,23300,ATM+4,PUT,23100,2026-06-11
2026-06-11 14:11:00+05:30,249.9,253.65,247.15,249.2,74230,2647905,14.42527,23213.1,23400.0,23300,ATM+4,PUT,23100,2026-06-11
2026-06-11 14:12:00+05:30,247.9,252.6,247.0,249.55,57915,2644915,14.291602,23210.4,23400.0,23300,ATM+4,PUT,23100,2026-06-11
2026-06-11 14:13:00+05:30,249.55,251.2,239.75,239.75,67665,2643745,14.144595,23223.25,23400.0,23300,ATM+4,PUT,23100,2026-06-11
2026-06-11 14:14:00+05:30,239.2,245.15,237.0,244.4,63570,2623920,14.379139,23219.8,23400.0,23300,ATM+4,PUT,23100,2026-06-11
2026-06-11 14:15:00+05:30,244.1,247.8,241.5,244.8,81640,2590250,14.134993,23215.2,23400.0,23300,ATM+4,PUT,23100,2026-06-11
2026-06-11 14:16:00+05:30,245.0,246.1,240.0,245.2,43290,2587325,14.242223,23216.3,23400.0,23300,ATM+4,PUT,23100,2026-06-11
2026-06-11 14:17:00+05:30,245.65,247.8,244.35,246.1,37375,2531295,14.202402,23214.25,23400.0,23300,ATM+4,PUT,23100,2026-06-11
2026-06-11 14:18:00+05:30,246.85,253.4,246.1,252.35,64480,2480205,14.415639,23208.0,23400.0,23300,ATM+4,PUT,23100,2026-06-11
2026-06-11 14:19:00+05:30,252.4,254.65,244.0,244.0,48685,2479100,14.159829,23216.8,23400.0,23300,ATM+4,PUT,23100,2026-06-11
2026-06-11 14:20:00+05:30,243.05,244.75,238.05,240.4,59865,2475785,14.196049,23223.0,23400.0,23300,ATM+4,PUT,23100,2026-06-11
2026-06-11 14:21:00+05:30,240.05,243.45,237.8,243.1,40885,2474355,14.256403,23219.75,23400.0,23300,ATM+4,PUT,23100,2026-06-11
2026-06-11 14:22:00+05:30,244.0,244.4,239.0,242.95,23465,2475655,14.258019,23220.0,23400.0,23300,ATM+4,PUT,23100,2026-06-11
2026-06-11 14:23:00+05:30,242.45,252.15,240.95,252.1,44915,2476825,14.473119,23209.25,23400.0,23300,ATM+4,PUT,23100,2026-06-11
2026-06-11 14:24:00+05:30,251.3,252.55,249.1,250.0,49855,2476890,14.090712,23206.4,23400.0,23300,ATM+4,PUT,23100,2026-06-11
2026-06-11 14:25:00+05:30,250.15,250.15,242.0,244.0,33020,2476825,14.148279,23216.55,23400.0,23300,ATM+4,PUT,23100,2026-06-11
2026-06-11 14:26:00+05:30,277.35,278.85,269.95,269.95,11505,482885,13.964513,23225.05,23450.0,23300,ATM+4,PUT,23100,2026-06-11
2026-06-11 14:27:00+05:30,271.3,271.6,267.0,269.95,19825,482235,14.054468,23226.35,23450.0,23300,ATM+4,PUT,23100,2026-06-11
2026-06-11 14:28:00+05:30,264.8,269.95,251.65,252.6,25090,478270,14.010782,23251.55,23450.0,23300,ATM+4,PUT,23100,2026-06-11
2026-06-11 14:29:00+05:30,251.95,262.5,250.6,262.25,14690,483600,14.281752,23241.15,23450.0,23300,ATM+4,PUT,23100,2026-06-11
2026-06-11 14:30:00+05:30,263.0,269.25,257.75,258.2,25870,486785,14.165275,23245.45,23450.0,23300,ATM+4,PUT,23100,2026-06-11
2026-06-11 14:31:00+05:30,259.1,262.85,258.0,261.3,10855,483860,14.120349,23240.1,23450.0,23300,ATM+4,PUT,23100,2026-06-11
2026-06-11 14:32:00+05:30,262.4,267.0,259.75,259.75,10205,484445,14.18834,23243.45,23450.0,23300,ATM+4,PUT,23100,2026-06-11
2026-06-11 14:33:00+05:30,261.95,272.35,259.75,272.35,6955,488540,14.481256,23229.05,23450.0,23300,ATM+4,PUT,23100,2026-06-11
2026-06-11 14:34:00+05:30,271.8,273.0,268.0,269.85,11960,484965,14.41088,23231.7,23450.0,23300,ATM+4,PUT,23100,2026-06-11
2026-06-11 14:35:00+05:30,269.9,270.1,263.95,269.05,15210,485615,14.699289,23237.25,23450.0,23300,ATM+4,PUT,23100,2026-06-11
2026-06-11 14:36:00+05:30,235.7,247.5,234.7,247.5,73060,2443805,14.290701,23213.3,23400.0,23300,ATM+4,PUT,23100,2026-06-11
2026-06-11 14:37:00+05:30,282.55,291.35,276.95,279.1,56355,453895,14.953923,23226.05,23450.0,23300,ATM+4,PUT,23100,2026-06-11
2026-06-11 14:38:00+05:30,245.55,251.6,240.95,249.8,78325,2422030,14.826287,23218.4,23400.0,23300,ATM+4,PUT,23100,2026-06-11
2026-06-11 14:39:00+05:30,250.0,260.1,249.8,252.65,162435,2397850,15.020199,23217.1,23400.0,23300,ATM+4,PUT,23100,2026-06-11
2026-06-11 14:40:00+05:30,252.95,259.05,251.4,256.95,65910,2389920,14.890178,23208.25,23400.0,23300,ATM+4,PUT,23100,2026-06-11
2026-06-11 14:41:00+05:30,257.45,262.4,254.6,254.6,146250,2343510,15.007123,23213.8,23400.0,23300,ATM+4,PUT,23100,2026-06-11
2026-06-11 14:42:00+05:30,254.0,260.7,253.35,259.65,59410,2332525,15.29886,23210.65,23400.0,23300,ATM+4,PUT,23100,2026-06-11
2026-06-11 14:43:00+05:30,259.0,271.2,257.0,271.2,120510,2310295,15.584934,23197.3,23400.0,23300,ATM+4,PUT,23100,2026-06-11
2026-06-11 14:44:00+05:30,269.15,271.25,264.65,267.35,91000,2264080,15.394954,23200.2,23400.0,23300,ATM+4,PUT,23100,2026-06-11
2026-06-11 14:45:00+05:30,265.85,271.6,265.55,270.35,136500,2238665,15.501061,23197.25,23400.0,23300,ATM+4,PUT,23100,2026-06-11
2026-06-11 14:46:00+05:30,270.85,275.6,263.15,274.7,148655,2224040,15.592632,23192.0,23400.0,23300,ATM+4,PUT,23100,2026-06-11
2026-06-11 14:47:00+05:30,242.65,259.5,242.0,256.55,188435,1153685,15.426592,23167.1,23350.0,23300,ATM+4,PUT,23100,2026-06-11
2026-06-11 14:48:00+05:30,291.75,292.75,279.0,281.3,130975,2095925,15.490495,23180.35,23400.0,23300,ATM+4,PUT,23100,2026-06-11
2026-06-11 14:49:00+05:30,280.65,281.3,272.0,275.35,47775,2080455,15.727491,23193.1,23400.0,23300,ATM+4,PUT,23100,2026-06-11
2026-06-11 14:50:00+05:30,243.0,253.7,240.35,253.7,76050,1127035,15.496082,23172.75,23350.0,23300,ATM+4,PUT,23100,2026-06-11
2026-06-11 14:51:00+05:30,252.15,253.7,245.7,251.05,62010,1114945,15.223971,23172.4,23350.0,23300,ATM+4,PUT,23100,2026-06-11
2026-06-11 14:52:00+05:30,250.3,253.45,248.55,252.8,37960,1109615,15.313419,23171.1,23350.0,23300,ATM+4,PUT,23100,2026-06-11
2026-06-11 14:53:00+05:30,252.25,252.8,247.8,249.0,28535,1105325,15.126122,23174.0,23350.0,23300,ATM+4,PUT,23100,2026-06-11
2026-06-11 14:54:00+05:30,247.8,252.3,247.25,250.2,26715,1096290,15.103159,23171.7,23350.0,23300,ATM+4,PUT,23100,2026-06-11
2026-06-11 14:55:00+05:30,250.9,252.5,247.2,248.35,28535,1093040,14.981621,23172.6,23350.0,23300,ATM+4,PUT,23100,2026-06-11
2026-06-11 14:56:00+05:30,248.2,252.6,247.85,251.55,21840,1091480,15.152089,23170.35,23350.0,23300,ATM+4,PUT,23100,2026-06-11
2026-06-11 14:57:00+05:30,252.05,256.5,250.05,252.8,45305,1086865,15.020578,23166.2,23350.0,23300,ATM+4,PUT,23100,2026-06-11
2026-06-11 14:58:00+05:30,252.45,252.8,249.15,249.2,52975,1067950,15.058839,23172.5,23350.0,23300,ATM+4,PUT,23100,2026-06-11
2026-06-11 14:59:00+05:30,281.45,290.0,280.85,285.0,50765,1991535,15.6474,23177.05,23400.0,23300,ATM+4,PUT,23100,2026-06-11
2026-06-11 15:00:00+05:30,245.95,259.35,236.7,258.65,142675,1046630,14.829988,23154.0,23350.0,23300,ATM+4,PUT,23100,2026-06-11
2026-06-11 15:01:00+05:30,259.7,266.1,257.5,259.85,99515,1030965,14.893655,23153.15,23350.0,23300,ATM+4,PUT,23100,2026-06-11
2026-06-11 15:02:00+05:30,263.15,269.0,257.0,259.95,67860,1028820,15.256988,23158.8,23350.0,23300,ATM+4,PUT,23100,2026-06-11
2026-06-11 15:03:00+05:30,259.55,266.35,259.55,262.55,42510,1028430,15.474194,23158.25,23350.0,23300,ATM+4,PUT,23100,2026-06-11
2026-06-11 15:04:00+05:30,262.95,267.1,260.9,266.7,29770,1025050,15.045113,23145.0,23350.0,23300,ATM+4,PUT,23100,2026-06-11
2026-06-11 15:05:00+05:30,266.7,271.1,264.3,265.8,48815,1013545,15.120826,23147.55,23350.0,23300,ATM+4,PUT,23100,2026-06-11
2026-06-11 15:06:00+05:30,264.95,272.65,263.05,270.9,45240,1002820,15.094006,23139.35,23350.0,23300,ATM+4,PUT,23100,2026-06-11
2026-06-11 15:07:00+05:30,272.0,272.65,264.7,264.7,47190,1000935,15.049953,23148.1,23350.0,23300,ATM+4,PUT,23100,2026-06-11
2026-06-11 15:08:00+05:30,264.25,267.8,260.05,267.8,33215,992290,14.595332,23136.4,23350.0,23300,ATM+4,PUT,23100,2026-06-11
2026-06-11 15:09:00+05:30,268.05,268.05,261.85,263.35,27040,984750,14.645436,23143.85,23350.0,23300,ATM+4,PUT,23100,2026-06-11
2026-06-11 15:10:00+05:30,262.6,263.35,252.75,252.75,30940,978965,14.116254,23151.75,23350.0,23300,ATM+4,PUT,23100,2026-06-11
2026-06-11 15:11:00+05:30,252.35,259.2,250.05,259.2,50440,955045,14.253457,23144.1,23350.0,23300,ATM+4,PUT,23100,2026-06-11
2026-06-11 15:12:00+05:30,259.25,261.95,253.7,254.1,52910,940095,14.237226,23151.55,23350.0,23300,ATM+4,PUT,23100,2026-06-11
2026-06-11 15:13:00+05:30,254.1,255.0,248.5,248.5,21645,931125,14.34761,23161.85,23350.0,23300,ATM+4,PUT,23100,2026-06-11
2026-06-11 15:14:00+05:30,248.3,253.75,246.3,252.3,16705,928330,14.960306,23165.8,23350.0,23300,ATM+4,PUT,23100,2026-06-11
2026-06-11 15:15:00+05:30,253.3,260.6,251.05,252.7,83850,912080,15.036177,23166.4,23350.0,23300,ATM+4,PUT,23100,2026-06-11
2026-06-11 15:16:00+05:30,286.9,287.4,274.0,274.0,53950,1807845,14.801073,23180.55,23400.0,23300,ATM+4,PUT,23100,2026-06-11
2026-06-11 15:17:00+05:30,274.65,276.2,271.05,273.55,35750,1801930,14.846907,23181.9,23400.0,23300,ATM+4,PUT,23100,2026-06-11
2026-06-11 15:18:00+05:30,272.65,283.0,271.9,282.15,37310,1796210,15.648403,23181.15,23400.0,23300,ATM+4,PUT,23100,2026-06-11
2026-06-11 15:19:00+05:30,247.25,253.5,247.25,251.05,24310,848640,15.220641,23172.0,23350.0,23300,ATM+4,PUT,23100,2026-06-11
2026-06-11 15:20:00+05:30,285.1,286.05,280.7,282.1,39455,1782560,15.451841,23178.2,23400.0,23300,ATM+4,PUT,23100,2026-06-11
2026-06-11 15:21:00+05:30,282.0,282.6,276.25,282.1,46995,1775735,15.350136,23176.65,23400.0,23300,ATM+4,PUT,23100,2026-06-11
2026-06-11 15:22:00+05:30,248.85,251.7,246.55,250.8,27105,820300,15.07216,23169.9,23350.0,23300,ATM+4,PUT,23100,2026-06-11
2026-06-11 15:23:00+05:30,251.5,255.0,247.4,247.6,24245,820040,14.827064,23170.9,23350.0,23300,ATM+4,PUT,23100,2026-06-11
2026-06-11 15:24:00+05:30,246.85,248.75,245.85,247.0,19240,813280,14.933895,23173.6,23350.0,23300,ATM+4,PUT,23100,2026-06-11
2026-06-11 15:25:00+05:30,246.6,247.65,239.2,239.2,29705,799695,14.235937,23174.4,23350.0,23300,ATM+4,PUT,23100,2026-06-11
2026-06-11 15:26:00+05:30,272.1,275.0,265.0,266.75,45435,1759940,13.80938,23176.6,23400.0,23300,ATM+4,PUT,23100,2026-06-11
2026-06-11 15:27:00+05:30,267.95,272.0,266.0,270.65,43745,1749085,14.375957,23179.1,23400.0,23300,ATM+4,PUT,23100,2026-06-11
2026-06-11 15:28:00+05:30,270.1,272.0,269.15,269.7,50180,1740375,14.345787,23180.05,23400.0,23300,ATM+4,PUT,23100,2026-06-11
2026-06-11 15:29:00+05:30,270.0,270.2,264.8,266.7,61425,1734005,14.483534,23186.55,23400.0,23300,ATM+4,PUT,23100,2026-06-11
2026-06-11 09:15:00+05:30,70.95,85.2,67.7,77.95,736320,2729870,14.258709,23104.4,23350.0,23350,ATM+5,CALL,23100,2026-06-11
2026-06-11 09:16:00+05:30,77.65,77.95,68.7,69.05,497445,2776930,14.013001,23082.3,23350.0,23350,ATM+5,CALL,23100,2026-06-11
2026-06-11 09:17:00+05:30,69.05,72.6,68.55,72.2,428610,2820740,14.024892,23092.9,23350.0,23350,ATM+5,CALL,23100,2026-06-11
2026-06-11 09:18:00+05:30,73.8,76.65,72.2,73.2,252785,2832375,13.911292,23100.1,23350.0,23350,ATM+5,CALL,23100,2026-06-11
2026-06-11 09:19:00+05:30,73.25,77.05,73.2,76.65,208780,2856490,13.779112,23115.85,23350.0,23350,ATM+5,CALL,23100,2026-06-11
2026-06-11 09:20:00+05:30,62.85,65.4,61.65,64.7,448760,6292325,13.636113,23128.6,23400.0,23350,ATM+5,CALL,23100,2026-06-11
2026-06-11 09:21:00+05:30,64.65,70.0,63.9,68.7,427115,6328725,13.649178,23142.45,23400.0,23350,ATM+5,CALL,23100,2026-06-11
2026-06-11 09:22:00+05:30,68.3,69.55,65.6,67.65,377520,6361160,13.527974,23142.9,23400.0,23350,ATM+5,CALL,23100,2026-06-11
2026-06-11 09:23:00+05:30,67.75,69.4,64.85,66.1,292695,6356935,13.592578,23135.25,23400.0,23350,ATM+5,CALL,23100,2026-06-11
2026-06-11 09:24:00+05:30,80.6,81.85,75.8,75.8,216840,3010865,13.669542,23116.8,23350.0,23350,ATM+5,CALL,23100,2026-06-11
2026-06-11 09:25:00+05:30,75.65,76.15,73.8,74.55,299520,3022175,13.784575,23109.0,23350.0,23350,ATM+5,CALL,23100,2026-06-11
2026-06-11 09:26:00+05:30,73.85,75.95,72.95,75.2,211315,3002740,13.897264,23107.5,23350.0,23350,ATM+5,CALL,23100,2026-06-11
2026-06-11 09:27:00+05:30,74.65,76.2,70.65,73.35,198445,3037450,13.894791,23101.45,23350.0,23350,ATM+5,CALL,23100,2026-06-11
2026-06-11 09:28:00+05:30,73.45,76.75,73.35,76.25,193960,3077425,13.693905,23117.6,23350.0,23350,ATM+5,CALL,23100,2026-06-11
2026-06-11 09:29:00+05:30,76.3,78.7,75.3,77.3,178425,3051360,13.666233,23121.9,23350.0,23350,ATM+5,CALL,23100,2026-06-11
2026-06-11 09:30:00+05:30,77.05,77.45,72.15,73.05,180765,3087955,13.596387,23110.35,23350.0,23350,ATM+5,CALL,23100,2026-06-11
2026-06-11 09:31:00+05:30,72.75,74.7,71.0,74.7,170625,3129230,13.562957,23116.9,23350.0,23350,ATM+5,CALL,23100,2026-06-11
2026-06-11 09:32:00+05:30,75.45,76.6,74.35,74.35,154440,3117855,13.619537,23113.95,23350.0,23350,ATM+5,CALL,23100,2026-06-11
2026-06-11 09:33:00+05:30,72.9,74.35,68.8,69.35,169195,3135340,13.486386,23101.6,23350.0,23350,ATM+5,CALL,23100,2026-06-11
2026-06-11 09:34:00+05:30,69.2,72.1,69.05,71.7,93080,3193775,13.484554,23109.65,23350.0,23350,ATM+5,CALL,23100,2026-06-11
2026-06-11 09:35:00+05:30,71.45,71.75,67.95,68.35,107120,3207490,13.5243,23096.95,23350.0,23350,ATM+5,CALL,23100,2026-06-11
2026-06-11 09:36:00+05:30,68.45,71.95,68.2,71.65,128570,3231020,13.399198,23112.35,23350.0,23350,ATM+5,CALL,23100,2026-06-11
2026-06-11 09:37:00+05:30,71.8,74.5,71.2,73.65,132795,3249740,13.387707,23119.35,23350.0,23350,ATM+5,CALL,23100,2026-06-11
2026-06-11 09:38:00+05:30,60.65,63.55,60.25,62.8,243360,6786065,13.413065,23129.95,23400.0,23350,ATM+5,CALL,23100,2026-06-11
2026-06-11 09:39:00+05:30,62.75,64.55,62.65,63.65,256295,6771180,13.434712,23132.35,23400.0,23350,ATM+5,CALL,23100,2026-06-11
2026-06-11 09:40:00+05:30,77.8,77.9,73.3,73.3,150150,3231150,13.343094,23119.75,23350.0,23350,ATM+5,CALL,23100,2026-06-11
2026-06-11 09:41:00+05:30,72.85,74.3,72.1,73.75,88465,3243110,13.370842,23120.35,23350.0,23350,ATM+5,CALL,23100,2026-06-11
2026-06-11 09:42:00+05:30,73.25,74.0,71.05,73.0,101660,3259815,13.307135,23120.0,23350.0,23350,ATM+5,CALL,23100,2026-06-11
2026-06-11 09:43:00+05:30,59.9,64.9,59.3,64.55,227305,6721780,13.272168,23141.3,23400.0,23350,ATM+5,CALL,23100,2026-06-11
2026-06-11 09:44:00+05:30,64.7,66.05,64.4,65.25,269555,6689995,13.25968,23144.25,23400.0,23350,ATM+5,CALL,23100,2026-06-11
2026-06-11 09:45:00+05:30,65.25,66.95,63.05,65.2,286520,6689345,13.214142,23145.65,23400.0,23350,ATM+5,CALL,23100,2026-06-11
2026-06-11 09:46:00+05:30,65.55,67.05,63.9,66.75,204815,6715670,13.11486,23154.45,23400.0,23350,ATM+5,CALL,23100,2026-06-11
2026-06-11 09:47:00+05:30,67.1,67.2,65.0,65.55,193440,6671795,13.132781,23149.7,23400.0,23350,ATM+5,CALL,23100,2026-06-11
2026-06-11 09:48:00+05:30,65.35,66.15,63.05,63.05,163280,6690840,13.113393,23141.5,23400.0,23350,ATM+5,CALL,23100,2026-06-11
2026-06-11 09:49:00+05:30,63.3,66.85,63.05,66.4,184990,6676540,13.115879,23153.3,23400.0,23350,ATM+5,CALL,23100,2026-06-11
2026-06-11 09:50:00+05:30,66.55,70.8,64.5,69.9,344110,6696820,13.187354,23162.9,23400.0,23350,ATM+5,CALL,23100,2026-06-11
2026-06-11 09:51:00+05:30,69.4,71.9,68.75,70.9,494520,6674395,13.14984,23167.5,23400.0,23350,ATM+5,CALL,23100,2026-06-11
2026-06-11 09:52:00+05:30,71.1,72.0,68.9,70.95,294710,6592040,13.054942,23170.8,23400.0,23350,ATM+5,CALL,23100,2026-06-11
2026-06-11 09:53:00+05:30,71.35,72.3,70.15,71.4,263900,6578845,13.055283,23172.3,23400.0,23350,ATM+5,CALL,23100,2026-06-11
2026-06-11 09:54:00+05:30,71.35,71.4,66.7,67.0,311155,6576960,13.211088,23152.35,23400.0,23350,ATM+5,CALL,23100,2026-06-11
2026-06-11 09:55:00+05:30,67.3,67.45,63.6,64.25,358865,6517615,13.236169,23141.85,23400.0,23350,ATM+5,CALL,23100,2026-06-11
2026-06-11 09:56:00+05:30,64.2,66.55,63.1,63.1,200135,6535685,13.155587,23140.5,23400.0,23350,ATM+5,CALL,23100,2026-06-11
2026-06-11 09:57:00+05:30,63.15,63.3,60.3,60.8,209300,6571500,13.183341,23131.15,23400.0,23350,ATM+5,CALL,23100,2026-06-11
2026-06-11 09:58:00+05:30,74.3,74.3,70.15,70.2,182390,3250195,13.201561,23114.7,23350.0,23350,ATM+5,CALL,23100,2026-06-11
2026-06-11 09:59:00+05:30,70.25,73.0,69.35,70.55,178035,3273075,13.149584,23117.6,23350.0,23350,ATM+5,CALL,23100,2026-06-11
2026-06-11 10:00:00+05:30,57.65,61.25,57.65,61.1,260195,6815380,13.24575,23130.2,23400.0,23350,ATM+5,CALL,23100,2026-06-11
2026-06-11 10:01:00+05:30,61.45,62.15,60.65,61.2,217035,6841250,13.191054,23132.5,23400.0,23350,ATM+5,CALL,23100,2026-06-11
2026-06-11 10:02:00+05:30,74.25,74.55,71.2,72.2,105430,3334825,13.156585,23122.9,23350.0,23350,ATM+5,CALL,23100,2026-06-11
2026-06-11 10:03:00+05:30,72.2,74.5,70.6,71.45,90350,3334500,13.144996,23120.85,23350.0,23350,ATM+5,CALL,23100,2026-06-11
2026-06-11 10:04:00+05:30,71.55,72.4,68.55,68.55,150670,3355625,13.225147,23108.55,23350.0,23350,ATM+5,CALL,23100,2026-06-11
2026-06-11 10:05:00+05:30,68.75,70.4,67.1,70.3,158340,3379090,13.2993,23112.05,23350.0,23350,ATM+5,CALL,23100,2026-06-11
2026-06-11 10:06:00+05:30,57.5,62.45,57.05,61.7,337935,6995495,13.110147,23137.3,23400.0,23350,ATM+5,CALL,23100,2026-06-11
2026-06-11 10:07:00+05:30,61.95,65.0,61.05,64.55,262860,7019545,13.10401,23147.8,23400.0,23350,ATM+5,CALL,23100,2026-06-11
2026-06-11 10:08:00+05:30,63.95,67.8,63.65,67.8,281580,6944600,13.170985,23156.9,23400.0,23350,ATM+5,CALL,23100,2026-06-11
2026-06-11 10:09:00+05:30,68.0,68.65,65.85,65.85,263510,6851650,12.969288,23156.95,23400.0,23350,ATM+5,CALL,23100,2026-06-11
2026-06-11 10:10:00+05:30,66.25,68.3,65.55,66.35,219310,6781905,12.981505,23158.3,23400.0,23350,ATM+5,CALL,23100,2026-06-11
2026-06-11 10:11:00+05:30,66.4,68.5,66.35,68.15,127595,6781840,13.025997,23163.0,23400.0,23350,ATM+5,CALL,23100,2026-06-11
2026-06-11 10:12:00+05:30,68.3,68.3,65.55,66.3,148980,6776575,13.027653,23156.65,23400.0,23350,ATM+5,CALL,23100,2026-06-11
2026-06-11 10:13:00+05:30,66.05,67.7,65.95,66.85,102830,6736470,12.992417,23159.75,23400.0,23350,ATM+5,CALL,23100,2026-06-11
2026-06-11 10:14:00+05:30,66.95,68.15,63.05,63.3,200135,6716320,12.988629,23147.5,23400.0,23350,ATM+5,CALL,23100,2026-06-11
2026-06-11 10:15:00+05:30,64.05,66.75,63.3,65.8,102440,6705985,12.941459,23157.9,23400.0,23350,ATM+5,CALL,23100,2026-06-11
2026-06-11 10:16:00+05:30,66.2,68.6,65.8,67.2,166790,6704880,12.874586,23164.95,23400.0,23350,ATM+5,CALL,23100,2026-06-11
2026-06-11 10:17:00+05:30,67.1,70.0,66.8,69.55,202085,6691360,12.987704,23169.15,23400.0,23350,ATM+5,CALL,23100,2026-06-11
2026-06-11 10:18:00+05:30,69.35,71.35,67.4,70.95,179595,6637605,13.012498,23173.0,23400.0,23350,ATM+5,CALL,23100,2026-06-11
2026-06-11 10:19:00+05:30,57.7,59.55,57.05,59.2,152035,2356250,12.945136,23183.15,23450.0,23350,ATM+5,CALL,23100,2026-06-11
2026-06-11 10:20:00+05:30,59.35,62.7,57.8,62.7,260325,2327975,13.11344,23190.25,23450.0,23350,ATM+5,CALL,23100,2026-06-11
2026-06-11 10:21:00+05:30,62.05,62.7,57.95,58.35,195520,2290340,12.884207,23182.15,23450.0,23350,ATM+5,CALL,23100,2026-06-11
2026-06-11 10:22:00+05:30,59.0,59.6,58.25,58.8,54535,2288195,12.998001,23179.9,23450.0,23350,ATM+5,CALL,23100,2026-06-11
2026-06-11 10:23:00+05:30,58.55,60.55,58.55,59.9,97890,2296385,13.070036,23181.55,23450.0,23350,ATM+5,CALL,23100,2026-06-11
2026-06-11 10:24:00+05:30,59.3,59.9,57.4,58.6,67990,2308410,12.982612,23179.75,23450.0,23350,ATM+5,CALL,23100,2026-06-11
2026-06-11 10:25:00+05:30,59.05,59.2,57.5,57.9,58305,2304835,12.919293,23179.35,23450.0,23350,ATM+5,CALL,23100,2026-06-11
2026-06-11 10:26:00+05:30,57.9,62.2,57.7,62.0,88205,2297945,12.960682,23193.15,23450.0,23350,ATM+5,CALL,23100,2026-06-11
2026-06-11 10:27:00+05:30,61.95,66.5,61.45,66.5,275340,2279290,13.004152,23207.6,23450.0,23350,ATM+5,CALL,23100,2026-06-11
2026-06-11 10:28:00+05:30,66.5,66.6,62.0,63.4,136630,2271425,12.92656,23199.4,23450.0,23350,ATM+5,CALL,23100,2026-06-11
2026-06-11 10:29:00+05:30,63.55,65.5,62.85,63.6,96135,2265575,12.945491,23199.5,23450.0,23350,ATM+5,CALL,23100,2026-06-11
2026-06-11 10:30:00+05:30,64.1,66.0,60.0,60.45,177970,2276820,12.923609,23188.9,23450.0,23350,ATM+5,CALL,23100,2026-06-11
2026-06-11 10:31:00+05:30,60.45,62.35,59.05,61.45,128830,2278965,12.732074,23199.15,23450.0,23350,ATM+5,CALL,23100,2026-06-11
2026-06-11 10:32:00+05:30,62.0,64.75,60.9,64.35,81575,2306005,12.893549,23204.0,23450.0,23350,ATM+5,CALL,23100,2026-06-11
2026-06-11 10:33:00+05:30,63.35,64.35,60.65,62.45,76375,2317055,12.844968,23198.95,23450.0,23350,ATM+5,CALL,23100,2026-06-11
2026-06-11 10:34:00+05:30,61.9,62.7,61.7,62.15,39715,2313675,12.76008,23200.8,23450.0,23350,ATM+5,CALL,23100,2026-06-11
2026-06-11 10:35:00+05:30,62.6,64.75,62.15,62.7,66170,2320305,12.801034,23201.4,23450.0,23350,ATM+5,CALL,23100,2026-06-11
2026-06-11 10:36:00+05:30,62.3,62.7,60.25,61.5,78000,2327260,12.828347,23196.2,23450.0,23350,ATM+5,CALL,23100,2026-06-11
2026-06-11 10:37:00+05:30,62.2,62.6,60.0,60.7,49790,2328755,12.869862,23191.9,23450.0,23350,ATM+5,CALL,23100,2026-06-11
2026-06-11 10:38:00+05:30,61.6,62.95,60.7,62.7,52455,2325310,12.871556,23199.1,23450.0,23350,ATM+5,CALL,23100,2026-06-11
2026-06-11 10:39:00+05:30,63.6,65.35,62.4,64.65,93080,2317380,12.828851,23207.45,23450.0,23350,ATM+5,CALL,23100,2026-06-11
2026-06-11 10:40:00+05:30,64.75,66.1,63.35,65.8,84955,2318160,12.800651,23212.4,23450.0,23350,ATM+5,CALL,23100,2026-06-11
2026-06-11 10:41:00+05:30,65.85,66.1,62.7,62.8,72345,2316860,12.756731,23203.45,23450.0,23350,ATM+5,CALL,23100,2026-06-11
2026-06-11 10:42:00+05:30,63.2,64.25,62.0,64.25,70980,2310295,12.837766,23205.85,23450.0,23350,ATM+5,CALL,23100,2026-06-11
2026-06-11 10:43:00+05:30,64.25,64.8,62.8,63.2,42315,2321085,12.840307,23202.1,23450.0,23350,ATM+5,CALL,23100,2026-06-11
2026-06-11 10:44:00+05:30,63.1,64.0,61.6,63.6,60710,2322580,12.801681,23204.85,23450.0,23350,ATM+5,CALL,23100,2026-06-11
2026-06-11 10:45:00+05:30,63.15,63.75,61.0,63.75,41145,2325440,12.82567,23204.6,23450.0,23350,ATM+5,CALL,23100,2026-06-11
2026-06-11 10:46:00+05:30,63.3,64.85,62.6,62.6,69160,2311985,12.647457,23206.6,23450.0,23350,ATM+5,CALL,23100,2026-06-11
2026-06-11 10:47:00+05:30,63.05,64.7,62.4,64.55,40365,2320370,12.739614,23210.35,23450.0,23350,ATM+5,CALL,23100,2026-06-11
2026-06-11 10:48:00+05:30,64.5,65.35,61.7,63.1,90415,2325960,12.728152,23205.7,23450.0,23350,ATM+5,CALL,23100,2026-06-11
2026-06-11 10:49:00+05:30,63.0,63.15,60.3,60.3,38610,2323360,12.78497,23193.75,23450.0,23350,ATM+5,CALL,23100,2026-06-11
2026-06-11 10:50:00+05:30,60.2,60.35,57.95,58.15,156715,2299635,12.768297,23186.4,23450.0,23350,ATM+5,CALL,23100,2026-06-11
2026-06-11 10:51:00+05:30,58.55,61.95,58.15,60.1,55315,2293720,12.87442,23190.0,23450.0,23350,ATM+5,CALL,23100,2026-06-11
2026-06-11 10:52:00+05:30,59.65,61.4,58.9,59.05,40755,2303275,12.819427,23188.05,23450.0,23350,ATM+5,CALL,23100,2026-06-11
2026-06-11 10:53:00+05:30,72.9,73.2,68.7,69.55,396435,6570590,12.846127,23174.9,23400.0,23350,ATM+5,CALL,23100,2026-06-11
2026-06-11 10:54:00+05:30,69.15,70.45,67.75,69.35,170690,6544720,12.832959,23174.7,23400.0,23350,ATM+5,CALL,23100,2026-06-11
2026-06-11 10:55:00+05:30,69.1,69.95,67.55,68.75,134225,6560125,12.81901,23173.2,23400.0,23350,ATM+5,CALL,23100,2026-06-11
2026-06-11 10:56:00+05:30,55.5,57.45,54.9,57.05,46345,2286180,12.843627,23179.8,23450.0,23350,ATM+5,CALL,23100,2026-06-11
2026-06-11 10:57:00+05:30,56.9,57.15,55.05,56.15,37700,2295865,12.817422,23177.3,23450.0,23350,ATM+5,CALL,23100,2026-06-11
2026-06-11 10:58:00+05:30,55.55,56.7,54.65,54.85,29120,2304055,12.722348,23175.65,23450.0,23350,ATM+5,CALL,23100,2026-06-11
2026-06-11 10:59:00+05:30,54.9,56.75,53.55,56.75,40950,2309060,12.906168,23176.55,23450.0,23350,ATM+5,CALL,23100,2026-06-11
2026-06-11 11:00:00+05:30,69.7,70.95,66.9,67.1,142740,6657365,12.76987,23169.45,23400.0,23350,ATM+5,CALL,23100,2026-06-11
2026-06-11 11:01:00+05:30,67.0,69.1,66.05,67.15,227630,6667180,12.845802,23167.15,23400.0,23350,ATM+5,CALL,23100,2026-06-11
2026-06-11 11:02:00+05:30,67.7,68.35,66.3,67.0,161330,6678165,12.808609,23167.9,23400.0,23350,ATM+5,CALL,23100,2026-06-11
2026-06-11 11:03:00+05:30,53.35,56.85,53.15,56.85,46410,2303340,12.809981,23180.45,23450.0,23350,ATM+5,CALL,23100,2026-06-11
2026-06-11 11:04:00+05:30,57.4,58.25,56.1,56.25,132860,2277275,12.712843,23181.6,23450.0,23350,ATM+5,CALL,23100,2026-06-11
2026-06-11 11:05:00+05:30,56.95,61.35,56.25,60.7,103220,2283320,12.665916,23199.8,23450.0,23350,ATM+5,CALL,23100,2026-06-11
2026-06-11 11:06:00+05:30,61.1,62.05,58.65,61.85,97890,2281435,12.658661,23204.2,23450.0,23350,ATM+5,CALL,23100,2026-06-11
2026-06-11 11:07:00+05:30,62.05,63.0,57.5,57.6,105430,2286180,12.620129,23190.05,23450.0,23350,ATM+5,CALL,23100,2026-06-11
2026-06-11 11:08:00+05:30,57.45,60.3,57.0,59.0,84565,2281045,12.633915,23194.8,23450.0,23350,ATM+5,CALL,23100,2026-06-11
2026-06-11 11:09:00+05:30,58.45,59.0,55.3,57.6,73710,2277210,12.521153,23193.55,23450.0,23350,ATM+5,CALL,23100,2026-06-11
2026-06-11 11:10:00+05:30,57.15,58.4,56.25,58.3,37895,2272855,12.65639,23191.5,23450.0,23350,ATM+5,CALL,23100,2026-06-11
2026-06-11 11:11:00+05:30,57.55,58.65,56.65,57.2,58305,2292810,12.605183,23189.2,23450.0,23350,ATM+5,CALL,23100,2026-06-11
2026-06-11 11:12:00+05:30,57.15,57.7,56.0,57.15,39325,2306460,12.663847,23187.0,23450.0,23350,ATM+5,CALL,23100,2026-06-11
2026-06-11 11:13:00+05:30,57.05,58.3,56.35,57.3,75985,2304965,12.731172,23185.25,23450.0,23350,ATM+5,CALL,23100,2026-06-11
2026-06-11 11:14:00+05:30,57.25,57.95,55.8,56.45,33410,2309840,12.698443,23183.2,23450.0,23350,ATM+5,CALL,23100,2026-06-11
2026-06-11 11:15:00+05:30,56.35,58.2,55.9,58.0,50895,2306590,12.72253,23188.25,23450.0,23350,ATM+5,CALL,23100,2026-06-11
2026-06-11 11:16:00+05:30,57.5,58.25,56.5,57.8,28665,2313350,12.667378,23189.45,23450.0,23350,ATM+5,CALL,23100,2026-06-11
2026-06-11 11:17:00+05:30,57.65,59.0,56.3,58.25,50635,2312310,12.586767,23193.95,23450.0,23350,ATM+5,CALL,23100,2026-06-11
2026-06-11 11:18:00+05:30,58.45,61.65,57.85,61.45,83525,2313090,12.599913,23205.15,23450.0,23350,ATM+5,CALL,23100,2026-06-11
2026-06-11 11:19:00+05:30,61.65,62.6,60.3,60.7,79690,2315950,12.571967,23203.45,23450.0,23350,ATM+5,CALL,23100,2026-06-11
2026-06-11 11:20:00+05:30,60.6,63.7,59.7,63.3,94835,2315365,12.575411,23212.55,23450.0,23350,ATM+5,CALL,23100,2026-06-11
2026-06-11 11:21:00+05:30,63.55,66.5,63.0,65.95,132730,2310425,12.616697,23220.3,23450.0,23350,ATM+5,CALL,23100,2026-06-11
2026-06-11 11:22:00+05:30,66.05,66.55,63.85,64.0,114660,2301260,12.603536,23214.1,23450.0,23350,ATM+5,CALL,23100,2026-06-11
2026-06-11 11:23:00+05:30,64.0,66.1,63.05,63.05,129740,2289755,12.537318,23213.05,23450.0,23350,ATM+5,CALL,23100,2026-06-11
2026-06-11 11:24:00+05:30,63.4,65.55,62.0,64.7,107120,2268045,12.545468,23218.5,23450.0,23350,ATM+5,CALL,23100,2026-06-11
2026-06-11 11:25:00+05:30,65.05,66.55,64.4,64.7,85410,2267005,12.62771,23215.8,23450.0,23350,ATM+5,CALL,23100,2026-06-11
2026-06-11 11:26:00+05:30,51.45,55.45,51.45,55.45,399165,7260695,12.704774,23228.5,23500.0,23350,ATM+5,CALL,23100,2026-06-11
2026-06-11 11:27:00+05:30,55.65,58.8,55.45,58.1,584870,7188480,12.834401,23234.1,23500.0,23350,ATM+5,CALL,23100,2026-06-11
2026-06-11 11:28:00+05:30,58.5,58.5,56.2,57.45,306540,7174310,12.709279,23236.05,23500.0,23350,ATM+5,CALL,23100,2026-06-11
2026-06-11 11:29:00+05:30,56.75,57.55,55.05,57.35,317525,7185555,12.716593,23235.45,23500.0,23350,ATM+5,CALL,23100,2026-06-11
2026-06-11 11:30:00+05:30,57.45,59.5,56.05,56.15,375895,7147270,12.566117,23236.2,23500.0,23350,ATM+5,CALL,23100,2026-06-11
2026-06-11 11:31:00+05:30,56.9,57.55,53.9,54.65,280280,7174440,12.683727,23226.3,23500.0,23350,ATM+5,CALL,23100,2026-06-11
2026-06-11 11:32:00+05:30,54.85,54.95,52.9,54.3,190710,7204860,12.650324,23226.15,23500.0,23350,ATM+5,CALL,23100,2026-06-11
2026-06-11 11:33:00+05:30,54.5,57.5,54.3,55.65,217035,7177950,12.590001,23233.55,23500.0,23350,ATM+5,CALL,23100,2026-06-11
2026-06-11 11:34:00+05:30,56.35,56.35,53.75,53.75,156455,7179120,12.585862,23226.35,23500.0,23350,ATM+5,CALL,23100,2026-06-11
2026-06-11 11:35:00+05:30,53.55,56.1,52.5,56.1,233285,7183085,12.618102,23234.35,23500.0,23350,ATM+5,CALL,23100,2026-06-11
2026-06-11 11:36:00+05:30,69.8,70.2,65.4,65.5,56290,2195505,12.543752,23221.65,23450.0,23350,ATM+5,CALL,23100,2026-06-11
2026-06-11 11:37:00+05:30,65.65,66.8,65.25,65.4,45760,2201550,12.643396,23218.05,23450.0,23350,ATM+5,CALL,23100,2026-06-11
2026-06-11 11:38:00+05:30,65.6,66.05,63.65,63.7,74165,2191085,12.551522,23215.3,23450.0,23350,ATM+5,CALL,23100,2026-06-11
2026-06-11 11:39:00+05:30,63.55,65.75,62.55,65.55,82290,2181335,12.51225,23222.95,23450.0,23350,ATM+5,CALL,23100,2026-06-11
2026-06-11 11:40:00+05:30,65.45,67.1,64.6,65.15,83330,2191670,12.469128,23223.05,23450.0,23350,ATM+5,CALL,23100,2026-06-11
2026-06-11 11:41:00+05:30,51.85,54.55,51.35,54.0,137345,7291310,12.508779,23230.3,23500.0,23350,ATM+5,CALL,23100,2026-06-11
2026-06-11 11:42:00+05:30,53.95,59.05,53.7,58.95,340340,7242105,12.637141,23244.6,23500.0,23350,ATM+5,CALL,23100,2026-06-11
2026-06-11 11:43:00+05:30,58.3,58.95,56.65,57.45,294905,7212595,12.565424,23241.55,23500.0,23350,ATM+5,CALL,23100,2026-06-11
2026-06-11 11:44:00+05:30,57.25,61.35,57.15,61.3,395460,7158905,12.622178,23253.7,23500.0,23350,ATM+5,CALL,23100,2026-06-11
2026-06-11 11:45:00+05:30,61.6,63.35,60.6,61.7,460785,7149220,12.654861,23254.05,23500.0,23350,ATM+5,CALL,23100,2026-06-11
2026-06-11 11:46:00+05:30,61.65,63.45,61.05,63.3,220805,7153185,12.712232,23257.8,23500.0,23350,ATM+5,CALL,23100,2026-06-11
2026-06-11 11:47:00+05:30,63.6,68.45,61.75,68.2,539240,7090265,12.8755,23269.2,23500.0,23350,ATM+5,CALL,23100,2026-06-11
2026-06-11 11:48:00+05:30,68.3,68.65,64.15,66.0,495105,7009600,12.677129,23268.35,23500.0,23350,ATM+5,CALL,23100,2026-06-11
2026-06-11 11:49:00+05:30,65.55,66.1,63.6,65.0,282880,7014345,12.670158,23265.2,23500.0,23350,ATM+5,CALL,23100,2026-06-11
2026-06-11 11:50:00+05:30,65.65,67.7,65.0,67.45,278720,6989450,12.661734,23273.8,23500.0,23350,ATM+5,CALL,23100,2026-06-11
2026-06-11 11:51:00+05:30,67.4,68.2,65.95,65.95,335400,6988605,12.658213,23268.9,23500.0,23350,ATM+5,CALL,23100,2026-06-11
2026-06-11 11:52:00+05:30,66.3,67.25,64.7,67.05,256750,6971380,12.735467,23270.1,23500.0,23350,ATM+5,CALL,23100,2026-06-11
2026-06-11 11:53:00+05:30,67.0,67.2,65.85,66.65,171145,6972680,12.573892,23274.1,23500.0,23350,ATM+5,CALL,23100,2026-06-11
2026-06-11 11:54:00+05:30,67.15,69.25,65.85,66.7,196690,6967220,12.61495,23272.95,23500.0,23350,ATM+5,CALL,23100,2026-06-11
2026-06-11 11:55:00+05:30,67.0,69.0,66.7,67.1,187005,6956430,12.630821,23273.8,23500.0,23350,ATM+5,CALL,23100,2026-06-11
2026-06-11 11:56:00+05:30,53.55,59.75,52.8,58.6,232505,1806740,12.851975,23285.3,23550.0,23350,ATM+5,CALL,23100,2026-06-11
2026-06-11 11:57:00+05:30,58.5,58.75,56.55,57.85,110565,1780675,12.782118,23284.95,23550.0,23350,ATM+5,CALL,23100,2026-06-11
2026-06-11 11:58:00+05:30,58.1,60.25,57.15,57.75,153010,1769820,12.601469,23290.9,23550.0,23350,ATM+5,CALL,23100,2026-06-11
2026-06-11 11:59:00+05:30,57.95,58.25,55.7,55.75,98540,1770795,12.607623,23283.15,23550.0,23350,ATM+5,CALL,23100,2026-06-11
2026-06-11 12:00:00+05:30,56.95,58.55,55.75,56.4,100880,1785355,12.639413,23284.55,23550.0,23350,ATM+5,CALL,23100,2026-06-11
2026-06-11 12:01:00+05:30,56.45,58.95,56.25,58.25,76050,1782040,12.725655,23288.55,23550.0,23350,ATM+5,CALL,23100,2026-06-11
2026-06-11 12:02:00+05:30,58.0,58.85,56.85,57.3,49335,1781130,12.705963,23285.7,23550.0,23350,ATM+5,CALL,23100,2026-06-11
2026-06-11 12:03:00+05:30,57.2,59.05,56.85,58.6,50635,1776710,12.723366,23290.0,23550.0,23350,ATM+5,CALL,23100,2026-06-11
2026-06-11 12:04:00+05:30,58.5,58.6,56.55,56.65,73255,1776580,12.608914,23286.7,23550.0,23350,ATM+5,CALL,23100,2026-06-11
2026-06-11 12:05:00+05:30,57.15,57.55,53.75,55.05,115765,1779700,12.593531,23281.15,23550.0,23350,ATM+5,CALL,23100,2026-06-11
2026-06-11 12:06:00+05:30,55.3,56.55,54.25,56.05,85605,1769170,12.676746,23282.1,23550.0,23350,ATM+5,CALL,23100,2026-06-11
2026-06-11 12:07:00+05:30,56.25,59.05,56.05,58.9,91780,1761825,12.750666,23290.3,23550.0,23350,ATM+5,CALL,23100,2026-06-11
2026-06-11 12:08:00+05:30,59.0,59.05,55.85,57.15,76765,1779375,12.724025,23284.7,23550.0,23350,ATM+5,CALL,23100,2026-06-11
2026-06-11 12:09:00+05:30,57.05,57.4,55.5,55.6,31980,1787370,12.597825,23283.25,23550.0,23350,ATM+5,CALL,23100,2026-06-11
2026-06-11 12:10:00+05:30,55.55,56.0,54.5,55.0,57980,1790230,12.662054,23278.7,23550.0,23350,ATM+5,CALL,23100,2026-06-11
2026-06-11 12:11:00+05:30,55.0,55.6,53.15,53.6,63050,1793935,12.541228,23277.55,23550.0,23350,ATM+5,CALL,23100,2026-06-11
2026-06-11 12:12:00+05:30,54.35,55.0,53.05,55.0,54340,1797120,12.535117,23283.25,23550.0,23350,ATM+5,CALL,23100,2026-06-11
2026-06-11 12:13:00+05:30,55.1,56.15,54.0,55.4,41860,1797835,12.488757,23286.45,23550.0,23350,ATM+5,CALL,23100,2026-06-11
2026-06-11 12:14:00+05:30,55.3,56.3,53.95,56.3,47970,1795105,12.556085,23287.55,23550.0,23350,ATM+5,CALL,23100,2026-06-11
2026-06-11 12:15:00+05:30,56.45,61.45,56.3,60.4,259155,1782170,12.603777,23301.1,23550.0,23350,ATM+5,CALL,23100,2026-06-11
2026-06-11 12:16:00+05:30,60.65,61.7,57.4,61.3,143780,1770730,12.602679,23304.4,23550.0,23350,ATM+5,CALL,23100,2026-06-11
2026-06-11 12:17:00+05:30,61.3,62.35,57.8,58.3,125580,1771770,12.483165,23297.65,23550.0,23350,ATM+5,CALL,23100,2026-06-11
2026-06-11 12:18:00+05:30,58.0,58.85,56.9,57.25,73320,1785810,12.468557,23294.3,23550.0,23350,ATM+5,CALL,23100,2026-06-11
2026-06-11 12:19:00+05:30,56.9,57.5,55.9,56.0,54015,1787110,12.472479,23289.5,23550.0,23350,ATM+5,CALL,23100,2026-06-11
2026-06-11 12:20:00+05:30,55.65,56.4,53.85,53.9,83070,1784575,12.402233,23283.95,23550.0,23350,ATM+5,CALL,23100,2026-06-11
2026-06-11 12:21:00+05:30,54.25,55.2,53.35,54.85,55835,1784705,12.528546,23283.2,23550.0,23350,ATM+5,CALL,23100,2026-06-11
2026-06-11 12:22:00+05:30,55.05,56.45,54.75,55.75,46085,1785745,12.509586,23287.35,23550.0,23350,ATM+5,CALL,23100,2026-06-11
2026-06-11 12:23:00+05:30,55.95,58.05,55.15,57.7,57330,1791595,12.548994,23293.35,23550.0,23350,ATM+5,CALL,23100,2026-06-11
2026-06-11 12:24:00+05:30,57.3,57.7,55.75,57.2,36530,1799720,12.542265,23291.75,23550.0,23350,ATM+5,CALL,23100,2026-06-11
2026-06-11 12:25:00+05:30,57.35,57.35,55.0,55.9,29445,1801475,12.49012,23288.7,23550.0,23350,ATM+5,CALL,23100,2026-06-11
2026-06-11 12:26:00+05:30,56.0,59.0,55.9,56.7,56485,1801475,12.46434,23292.65,23550.0,23350,ATM+5,CALL,23100,2026-06-11
2026-06-11 12:27:00+05:30,56.9,58.2,56.7,57.6,36400,1798550,12.556438,23292.85,23550.0,23350,ATM+5,CALL,23100,2026-06-11
2026-06-11 12:28:00+05:30,57.85,60.25,56.4,59.05,47450,1801085,12.481695,23300.8,23550.0,23350,ATM+5,CALL,23100,2026-06-11
2026-06-11 12:29:00+05:30,59.45,60.3,58.05,58.65,55575,1794520,12.53323,23297.6,23550.0,23350,ATM+5,CALL,23100,2026-06-11
2026-06-11 12:30:00+05:30,58.75,63.7,58.65,62.4,160030,1794975,12.685633,23305.95,23550.0,23350,ATM+5,CALL,23100,2026-06-11
2026-06-11 12:31:00+05:30,61.55,65.55,60.95,64.9,179985,1788280,12.646483,23316.0,23550.0,23350,ATM+5,CALL,23100,2026-06-11
2026-06-11 12:32:00+05:30,64.7,67.25,64.3,66.2,169390,1773395,12.657301,23320.1,23550.0,23350,ATM+5,CALL,23100,2026-06-11
2026-06-11 12:33:00+05:30,66.15,66.2,64.2,65.45,90870,1757470,12.703605,23316.05,23550.0,23350,ATM+5,CALL,23100,2026-06-11
2026-06-11 12:34:00+05:30,65.3,65.95,63.45,65.5,86450,1764295,12.528318,23322.05,23550.0,23350,ATM+5,CALL,23100,2026-06-11
2026-06-11 12:35:00+05:30,66.3,67.6,59.85,61.65,211315,1774370,12.398259,23313.15,23550.0,23350,ATM+5,CALL,23100,2026-06-11
2026-06-11 12:36:00+05:30,61.75,62.8,59.9,60.45,60970,1783730,12.431883,23307.8,23550.0,23350,ATM+5,CALL,23100,2026-06-11
2026-06-11 12:37:00+05:30,60.5,61.8,58.0,58.45,229320,1798095,12.649939,23293.1,23550.0,23350,ATM+5,CALL,23100,2026-06-11
2026-06-11 12:38:00+05:30,59.25,59.75,56.65,57.35,118040,1880255,12.516798,23293.65,23550.0,23350,ATM+5,CALL,23100,2026-06-11
2026-06-11 12:39:00+05:30,57.25,60.5,57.25,60.25,53560,1877590,12.711611,23297.65,23550.0,23350,ATM+5,CALL,23100,2026-06-11
2026-06-11 12:40:00+05:30,60.75,60.75,58.85,59.55,40040,1875250,12.630813,23297.9,23550.0,23350,ATM+5,CALL,23100,2026-06-11
2026-06-11 12:41:00+05:30,59.35,60.7,58.0,58.55,56680,1885000,12.605019,23295.15,23550.0,23350,ATM+5,CALL,23100,2026-06-11
2026-06-11 12:42:00+05:30,58.55,60.1,57.35,58.85,39585,1880320,12.597377,23296.55,23550.0,23350,ATM+5,CALL,23100,2026-06-11
2026-06-11 12:43:00+05:30,58.55,59.8,55.95,58.1,88725,1882530,12.606478,23293.5,23550.0,23350,ATM+5,CALL,23100,2026-06-11
2026-06-11 12:44:00+05:30,58.3,59.85,58.0,59.3,44005,1864590,12.660425,23296.1,23550.0,23350,ATM+5,CALL,23100,2026-06-11
2026-06-11 12:45:00+05:30,59.15,59.7,57.7,59.1,31980,1871740,12.670562,23295.05,23550.0,23350,ATM+5,CALL,23100,2026-06-11
2026-06-11 12:46:00+05:30,60.3,62.95,59.1,61.45,79950,1874665,12.735366,23301.4,23550.0,23350,ATM+5,CALL,23100,2026-06-11
2026-06-11 12:47:00+05:30,61.6,62.6,58.1,58.7,76960,1873040,12.681908,23293.25,23550.0,23350,ATM+5,CALL,23100,2026-06-11
2026-06-11 12:48:00+05:30,59.2,59.4,56.9,56.9,41145,1879280,12.694814,23286.1,23550.0,23350,ATM+5,CALL,23100,2026-06-11
2026-06-11 12:49:00+05:30,57.05,57.55,52.95,53.35,105820,1871025,12.608217,23275.45,23550.0,23350,ATM+5,CALL,23100,2026-06-11
2026-06-11 12:50:00+05:30,53.85,56.55,53.35,56.45,81055,1889030,12.7536,23282.4,23550.0,23350,ATM+5,CALL,23100,2026-06-11
2026-06-11 12:51:00+05:30,57.0,58.7,55.05,55.45,67210,1885455,12.68362,23281.05,23550.0,23350,ATM+5,CALL,23100,2026-06-11
2026-06-11 12:52:00+05:30,55.65,56.05,54.5,55.1,40235,1890850,12.701488,23279.1,23550.0,23350,ATM+5,CALL,23100,2026-06-11
2026-06-11 12:53:00+05:30,55.5,57.5,55.1,56.5,169000,1901120,12.697605,23284.65,23550.0,23350,ATM+5,CALL,23100,2026-06-11
2026-06-11 12:54:00+05:30,56.2,57.1,56.1,56.8,50830,1982565,12.952109,23276.95,23550.0,23350,ATM+5,CALL,23100,2026-06-11
2026-06-11 12:55:00+05:30,56.8,56.8,56.8,56.8,0,1982565,12.95211,23276.95,23550.0,23350,ATM+5,CALL,23100,2026-06-11
2026-06-11 12:56:00+05:30,55.1,57.7,55.1,56.5,122200,1974830,12.749073,23282.95,23550.0,23350,ATM+5,CALL,23100,2026-06-11
2026-06-11 12:57:00+05:30,55.9,61.6,55.9,61.6,78520,1963520,12.832433,23299.0,23550.0,23350,ATM+5,CALL,23100,2026-06-11
2026-06-11 12:58:00+05:30,61.25,64.05,61.15,62.75,117065,1944020,12.812896,23303.8,23550.0,23350,ATM+5,CALL,23100,2026-06-11
2026-06-11 12:59:00+05:30,62.15,65.15,60.95,64.85,109200,1937780,12.90087,23308.25,23550.0,23350,ATM+5,CALL,23100,2026-06-11
2026-06-11 13:00:00+05:30,65.75,69.9,64.85,68.85,409435,1941485,12.831322,23324.15,23550.0,23350,ATM+5,CALL,23100,2026-06-11
2026-06-11 13:01:00+05:30,69.75,69.9,64.05,64.05,113555,1892735,12.644243,23314.1,23550.0,23350,ATM+5,CALL,23100,2026-06-11
2026-06-11 13:02:00+05:30,64.55,65.15,60.75,63.0,95940,1898065,12.755373,23306.75,23550.0,23350,ATM+5,CALL,23100,2026-06-11
2026-06-11 13:03:00+05:30,62.7,63.0,61.05,61.5,48035,1898910,12.675778,23304.15,23550.0,23350,ATM+5,CALL,23100,2026-06-11
2026-06-11 13:04:00+05:30,61.4,61.75,60.1,60.65,36725,1907490,12.662074,23301.6,23550.0,23350,ATM+5,CALL,23100,2026-06-11
2026-06-11 13:05:00+05:30,60.25,61.8,59.85,61.55,98410,1891760,12.725795,23302.7,23550.0,23350,ATM+5,CALL,23100,2026-06-11
2026-06-11 13:06:00+05:30,62.0,62.0,60.1,60.95,29575,1884025,12.698697,23301.5,23550.0,23350,ATM+5,CALL,23100,2026-06-11
2026-06-11 13:07:00+05:30,60.8,61.95,60.0,60.0,36855,1885390,12.670775,23299.05,23550.0,23350,ATM+5,CALL,23100,2026-06-11
2026-06-11 13:08:00+05:30,59.9,60.2,57.85,58.8,68705,1882335,12.751865,23291.9,23550.0,23350,ATM+5,CALL,23100,2026-06-11
2026-06-11 13:09:00+05:30,58.85,58.85,55.15,55.25,81250,1885065,12.690148,23280.65,23550.0,23350,ATM+5,CALL,23100,2026-06-11
2026-06-11 13:10:00+05:30,55.3,56.65,54.85,55.6,68770,1887405,12.676852,23282.5,23550.0,23350,ATM+5,CALL,23100,2026-06-11
2026-06-11 13:11:00+05:30,56.0,56.15,53.7,54.05,57915,1891760,12.607937,23278.95,23550.0,23350,ATM+5,CALL,23100,2026-06-11
2026-06-11 13:12:00+05:30,69.15,69.65,64.1,66.1,469365,6207565,12.795248,23267.45,23500.0,23350,ATM+5,CALL,23100,2026-06-11
2026-06-11 13:13:00+05:30,66.0,66.1,63.0,63.0,203320,6233695,12.687869,23260.35,23500.0,23350,ATM+5,CALL,23100,2026-06-11
2026-06-11 13:14:00+05:30,63.2,64.25,62.75,63.2,265005,6213805,12.736707,23259.45,23500.0,23350,ATM+5,CALL,23100,2026-06-11
2026-06-11 13:15:00+05:30,63.65,64.5,63.05,63.55,165815,6271785,12.750355,23260.25,23500.0,23350,ATM+5,CALL,23100,2026-06-11
2026-06-11 13:16:00+05:30,63.8,65.6,61.8,62.4,235170,6268730,12.78134,23255.2,23500.0,23350,ATM+5,CALL,23100,2026-06-11
2026-06-11 13:17:00+05:30,62.0,64.6,60.25,63.7,379795,6275100,12.677897,23263.25,23500.0,23350,ATM+5,CALL,23100,2026-06-11
2026-06-11 13:18:00+05:30,63.75,63.75,61.0,62.35,202800,6281795,12.821097,23253.75,23500.0,23350,ATM+5,CALL,23100,2026-06-11
2026-06-11 13:19:00+05:30,62.3,63.2,60.6,60.65,128960,6290960,12.631821,23254.1,23500.0,23350,ATM+5,CALL,23100,2026-06-11
2026-06-11 13:20:00+05:30,61.0,61.15,57.55,58.0,430755,6344195,12.458872,23250.4,23500.0,23350,ATM+5,CALL,23100,2026-06-11
2026-06-11 13:21:00+05:30,58.0,58.0,53.85,53.95,519480,6401785,12.355116,23238.8,23500.0,23350,ATM+5,CALL,23100,2026-06-11
2026-06-11 13:22:00+05:30,53.7,54.25,52.75,52.9,291395,6407635,12.535073,23228.4,23500.0,23350,ATM+5,CALL,23100,2026-06-11
2026-06-11 13:23:00+05:30,53.05,58.7,52.9,57.1,362830,6416410,12.556806,23243.8,23500.0,23350,ATM+5,CALL,23100,2026-06-11
2026-06-11 13:24:00+05:30,56.9,57.9,55.55,57.7,169000,6397820,12.753128,23239.3,23500.0,23350,ATM+5,CALL,23100,2026-06-11
2026-06-11 13:25:00+05:30,57.8,57.95,54.0,54.0,208975,6402630,12.535373,23232.8,23500.0,23350,ATM+5,CALL,23100,2026-06-11
2026-06-11 13:26:00+05:30,54.0,54.0,51.7,52.5,294710,6415435,12.587125,23225.1,23500.0,23350,ATM+5,CALL,23100,2026-06-11
2026-06-11 13:27:00+05:30,52.7,54.6,52.5,53.3,190190,6494605,12.5221,23230.6,23500.0,23350,ATM+5,CALL,23100,2026-06-11
2026-06-11 13:28:00+05:30,53.45,55.6,52.6,54.6,147420,6491680,12.57313,23233.9,23500.0,23350,ATM+5,CALL,23100,2026-06-11
2026-06-11 13:29:00+05:30,54.55,56.9,54.5,56.8,178295,6490120,12.556045,23242.9,23500.0,23350,ATM+5,CALL,23100,2026-06-11
2026-06-11 13:30:00+05:30,56.2,63.1,56.2,60.55,463450,6463210,12.531027,23257.5,23500.0,23350,ATM+5,CALL,23100,2026-06-11
2026-06-11 13:31:00+05:30,60.55,61.0,57.95,59.8,214370,6454045,12.476156,23256.7,23500.0,23350,ATM+5,CALL,23100,2026-06-11
2026-06-11 13:32:00+05:30,61.65,63.05,59.8,62.65,292305,6466915,12.596004,23262.8,23500.0,23350,ATM+5,CALL,23100,2026-06-11
2026-06-11 13:33:00+05:30,62.0,63.7,60.3,60.5,297765,6470490,12.49149,23258.75,23500.0,23350,ATM+5,CALL,23100,2026-06-11
2026-06-11 13:34:00+05:30,60.3,60.5,56.0,56.25,284050,6501235,12.479342,23243.65,23500.0,23350,ATM+5,CALL,23100,2026-06-11
2026-06-11 13:35:00+05:30,56.35,59.0,56.0,58.3,159380,6533800,12.546185,23249.0,23500.0,23350,ATM+5,CALL,23100,2026-06-11
2026-06-11 13:36:00+05:30,58.25,60.75,57.5,60.55,123955,6549075,12.572306,23256.3,23500.0,23350,ATM+5,CALL,23100,2026-06-11
2026-06-11 13:37:00+05:30,60.8,60.8,58.1,58.6,91715,6542900,12.518764,23251.1,23500.0,23350,ATM+5,CALL,23100,2026-06-11
2026-06-11 13:38:00+05:30,58.55,58.6,55.2,55.9,190515,6565000,12.481145,23242.4,23500.0,23350,ATM+5,CALL,23100,2026-06-11
2026-06-11 13:39:00+05:30,56.15,56.15,53.0,53.7,308425,6536855,12.518215,23232.7,23500.0,23350,ATM+5,CALL,23100,2026-06-11
2026-06-11 13:40:00+05:30,54.4,56.4,53.0,53.1,103415,6504290,12.451156,23232.75,23500.0,23350,ATM+5,CALL,23100,2026-06-11
2026-06-11 13:41:00+05:30,53.2,54.1,52.35,53.5,145145,6525545,12.588742,23229.5,23500.0,23350,ATM+5,CALL,23100,2026-06-11
2026-06-11 13:42:00+05:30,53.85,54.9,53.25,53.8,130520,6542835,12.617375,23229.7,23500.0,23350,ATM+5,CALL,23100,2026-06-11
2026-06-11 13:43:00+05:30,67.25,68.2,63.8,65.25,100880,2353975,12.705848,23219.45,23450.0,23350,ATM+5,CALL,23100,2026-06-11
2026-06-11 13:44:00+05:30,64.75,66.65,62.7,65.5,93145,2333370,12.596757,23223.9,23450.0,23350,ATM+5,CALL,23100,2026-06-11
2026-06-11 13:45:00+05:30,65.85,66.2,64.5,64.5,69030,2333500,12.578128,23221.15,23450.0,23350,ATM+5,CALL,23100,2026-06-11
2026-06-11 13:46:00+05:30,51.35,53.8,50.2,53.75,174330,6688370,12.672348,23227.7,23500.0,23350,ATM+5,CALL,23100,2026-06-11
2026-06-11 13:47:00+05:30,53.65,56.65,53.65,54.25,292045,6656520,12.585275,23232.75,23500.0,23350,ATM+5,CALL,23100,2026-06-11
2026-06-11 13:48:00+05:30,54.15,55.95,53.45,53.45,175825,6676930,12.520286,23231.95,23500.0,23350,ATM+5,CALL,23100,2026-06-11
2026-06-11 13:49:00+05:30,53.9,54.45,52.7,53.55,118820,6722235,12.577781,23230.35,23500.0,23350,ATM+5,CALL,23100,2026-06-11
2026-06-11 13:50:00+05:30,67.55,67.7,65.8,66.45,82225,2316925,12.691384,23224.2,23450.0,23350,ATM+5,CALL,23100,2026-06-11
2026-06-11 13:51:00+05:30,53.2,54.1,51.75,53.55,112450,6733480,12.697301,23226.2,23500.0,23350,ATM+5,CALL,23100,2026-06-11
2026-06-11 13:52:00+05:30,53.6,54.8,52.05,54.8,131950,6760845,12.730742,23229.95,23500.0,23350,ATM+5,CALL,23100,2026-06-11
2026-06-11 13:53:00+05:30,54.75,56.15,54.25,55.55,214045,6726785,12.645643,23235.85,23500.0,23350,ATM+5,CALL,23100,2026-06-11
2026-06-11 13:54:00+05:30,55.45,55.8,54.15,54.85,126685,6753565,12.608238,23234.5,23500.0,23350,ATM+5,CALL,23100,2026-06-11
2026-06-11 13:55:00+05:30,54.95,55.9,53.45,55.65,82095,6766825,12.654229,23236.0,23500.0,23350,ATM+5,CALL,23100,2026-06-11
2026-06-11 13:56:00+05:30,55.45,56.8,54.85,56.6,159510,6771830,12.635206,23240.3,23500.0,23350,ATM+5,CALL,23100,2026-06-11
2026-06-11 13:57:00+05:30,56.5,57.8,55.0,55.4,152685,6724250,12.533818,23239.3,23500.0,23350,ATM+5,CALL,23100,2026-06-11
2026-06-11 13:58:00+05:30,56.05,58.25,55.4,57.6,174980,6709365,12.5204,23248.05,23500.0,23350,ATM+5,CALL,23100,2026-06-11
2026-06-11 13:59:00+05:30,56.9,57.6,52.95,54.0,195975,6745635,12.561852,23233.0,23500.0,23350,ATM+5,CALL,23100,2026-06-11
2026-06-11 14:00:00+05:30,53.9,56.45,53.15,56.25,113815,6725095,12.603721,23240.2,23500.0,23350,ATM+5,CALL,23100,2026-06-11
2026-06-11 14:01:00+05:30,55.95,56.25,54.2,54.7,62010,6716060,12.559706,23235.85,23500.0,23350,ATM+5,CALL,23100,2026-06-11
2026-06-11 14:02:00+05:30,54.65,55.3,53.9,54.95,87815,6723015,12.675545,23232.8,23500.0,23350,ATM+5,CALL,23100,2026-06-11
2026-06-11 14:03:00+05:30,55.1,56.0,54.5,54.5,60580,6712680,12.528091,23236.25,23500.0,23350,ATM+5,CALL,23100,2026-06-11
2026-06-11 14:04:00+05:30,54.65,55.75,53.9,54.65,94770,6718985,12.542719,23236.35,23500.0,23350,ATM+5,CALL,23100,2026-06-11
2026-06-11 14:05:00+05:30,54.6,55.1,51.9,53.95,190190,6740045,12.583384,23232.25,23500.0,23350,ATM+5,CALL,23100,2026-06-11
2026-06-11 14:06:00+05:30,54.2,55.05,53.35,54.3,114270,6721845,12.60603,23232.85,23500.0,23350,ATM+5,CALL,23100,2026-06-11
2026-06-11 14:07:00+05:30,68.55,68.55,62.5,62.55,96135,2293070,12.430805,23220.0,23450.0,23350,ATM+5,CALL,23100,2026-06-11
2026-06-11 14:08:00+05:30,62.75,63.45,60.0,60.0,154050,2271295,12.461838,23210.05,23450.0,23350,ATM+5,CALL,23100,2026-06-11
2026-06-11 14:09:00+05:30,59.6,62.55,59.05,62.1,140920,2248415,12.608773,23212.6,23450.0,23350,ATM+5,CALL,23100,2026-06-11
2026-06-11 14:10:00+05:30,62.1,64.8,61.4,62.3,89830,2243475,12.570599,23214.6,23450.0,23350,ATM+5,CALL,23100,2026-06-11
2026-06-11 14:11:00+05:30,61.95,62.9,60.35,62.0,63505,2259335,12.585115,23213.1,23450.0,23350,ATM+5,CALL,23100,2026-06-11
2026-06-11 14:12:00+05:30,62.5,62.9,60.2,61.0,57135,2263820,12.561339,23210.4,23450.0,23350,ATM+5,CALL,23100,2026-06-11
2026-06-11 14:13:00+05:30,61.4,64.95,61.0,64.45,112190,2266030,12.535666,23223.25,23450.0,23350,ATM+5,CALL,23100,2026-06-11
2026-06-11 14:14:00+05:30,64.85,66.0,63.25,63.75,76115,2299765,12.568937,23219.8,23450.0,23350,ATM+5,CALL,23100,2026-06-11
2026-06-11 14:15:00+05:30,63.9,64.85,62.45,63.55,58370,2301650,12.688555,23215.2,23450.0,23350,ATM+5,CALL,23100,2026-06-11
2026-06-11 14:16:00+05:30,63.55,65.5,63.2,63.55,29705,2299960,12.656202,23216.3,23450.0,23350,ATM+5,CALL,23100,2026-06-11
2026-06-11 14:17:00+05:30,63.15,63.7,61.95,62.75,38350,2300415,12.635204,23214.25,23450.0,23350,ATM+5,CALL,23100,2026-06-11
2026-06-11 14:18:00+05:30,62.6,62.75,59.35,59.35,57590,2295345,12.463078,23208.0,23450.0,23350,ATM+5,CALL,23100,2026-06-11
2026-06-11 14:19:00+05:30,59.9,62.5,59.15,61.7,63895,2295280,12.449739,23216.8,23450.0,23350,ATM+5,CALL,23100,2026-06-11
2026-06-11 14:20:00+05:30,63.2,65.45,61.7,64.5,80860,2298920,12.555216,23223.0,23450.0,23350,ATM+5,CALL,23100,2026-06-11
2026-06-11 14:21:00+05:30,64.7,66.1,64.0,65.1,55770,2289560,12.717891,23219.75,23450.0,23350,ATM+5,CALL,23100,2026-06-11
2026-06-11 14:22:00+05:30,64.4,65.95,64.15,64.9,36465,2299960,12.690411,23220.0,23450.0,23350,ATM+5,CALL,23100,2026-06-11
2026-06-11 14:23:00+05:30,64.85,65.7,60.6,60.7,63570,2295930,12.57441,23209.25,23450.0,23350,ATM+5,CALL,23100,2026-06-11
2026-06-11 14:24:00+05:30,61.05,61.95,60.55,61.6,36920,2295670,12.756166,23206.4,23450.0,23350,ATM+5,CALL,23100,2026-06-11
2026-06-11 14:25:00+05:30,61.6,64.45,61.6,63.9,46410,2291575,12.69397,23216.55,23450.0,23350,ATM+5,CALL,23100,2026-06-11
2026-06-11 14:26:00+05:30,50.8,53.3,50.35,52.8,133770,6812715,12.679323,23225.05,23500.0,23350,ATM+5,CALL,23100,2026-06-11
2026-06-11 14:27:00+05:30,52.75,53.75,52.25,53.25,175370,6791525,12.693991,23226.35,23500.0,23350,ATM+5,CALL,23100,2026-06-11
2026-06-11 14:28:00+05:30,54.35,58.75,53.25,58.5,556530,6754150,12.543332,23251.55,23500.0,23350,ATM+5,CALL,23100,2026-06-11
2026-06-11 14:29:00+05:30,58.9,59.0,55.35,55.6,361205,6754605,12.532795,23241.15,23500.0,23350,ATM+5,CALL,23100,2026-06-11
2026-06-11 14:30:00+05:30,55.25,56.65,52.85,56.35,294255,6773325,12.49104,23245.45,23500.0,23350,ATM+5,CALL,23100,2026-06-11
2026-06-11 14:31:00+05:30,56.55,56.65,54.35,54.65,169065,6799975,12.46063,23240.1,23500.0,23350,ATM+5,CALL,23100,2026-06-11
2026-06-11 14:32:00+05:30,54.25,55.55,53.05,55.5,132275,6829680,12.458177,23243.45,23500.0,23350,ATM+5,CALL,23100,2026-06-11
2026-06-11 14:33:00+05:30,54.65,55.5,51.25,51.4,280150,6868875,12.415498,23229.05,23500.0,23350,ATM+5,CALL,23100,2026-06-11
2026-06-11 14:34:00+05:30,51.4,52.9,50.85,52.15,209690,6862895,12.425767,23231.7,23500.0,23350,ATM+5,CALL,23100,2026-06-11
2026-06-11 14:35:00+05:30,52.35,54.55,52.15,52.85,204425,6920030,12.346965,23237.25,23500.0,23350,ATM+5,CALL,23100,2026-06-11
2026-06-11 14:36:00+05:30,66.85,67.0,61.95,62.0,128375,2304380,12.603112,23213.3,23450.0,23350,ATM+5,CALL,23100,2026-06-11
2026-06-11 14:37:00+05:30,49.0,50.25,46.35,49.65,515645,6923930,12.305298,23226.05,23500.0,23350,ATM+5,CALL,23100,2026-06-11
2026-06-11 14:38:00+05:30,64.0,64.3,60.5,61.1,84435,2294565,12.356313,23218.4,23450.0,23350,ATM+5,CALL,23100,2026-06-11
2026-06-11 14:39:00+05:30,60.9,61.1,56.7,59.6,178620,2304315,12.237835,23217.1,23450.0,23350,ATM+5,CALL,23100,2026-06-11
2026-06-11 14:40:00+05:30,60.0,60.1,57.0,57.45,110435,2315040,12.272848,23208.25,23450.0,23350,ATM+5,CALL,23100,2026-06-11
2026-06-11 14:41:00+05:30,57.1,57.95,55.25,57.4,124540,2296645,12.103924,23213.8,23450.0,23350,ATM+5,CALL,23100,2026-06-11
2026-06-11 14:42:00+05:30,57.55,57.95,55.5,56.15,100425,2319070,12.063857,23210.65,23450.0,23350,ATM+5,CALL,23100,2026-06-11
2026-06-11 14:43:00+05:30,55.95,56.95,51.65,51.75,212875,2326220,11.972541,23197.3,23450.0,23350,ATM+5,CALL,23100,2026-06-11
2026-06-11 14:44:00+05:30,51.8,53.7,51.5,53.3,143065,2309255,12.060965,23200.2,23450.0,23350,ATM+5,CALL,23100,2026-06-11
2026-06-11 14:45:00+05:30,54.2,54.2,52.55,52.9,118625,2320240,12.103092,23197.25,23450.0,23350,ATM+5,CALL,23100,2026-06-11
2026-06-11 14:46:00+05:30,53.05,55.2,51.5,51.5,116090,2301910,12.099374,23192.0,23450.0,23350,ATM+5,CALL,23100,2026-06-11
2026-06-11 14:47:00+05:30,64.35,65.25,58.7,59.65,711880,6026735,12.279106,23167.1,23400.0,23350,ATM+5,CALL,23100,2026-06-11
2026-06-11 14:48:00+05:30,47.25,50.75,47.2,50.65,212290,2161575,12.336704,23180.35,23450.0,23350,ATM+5,CALL,23100,2026-06-11
2026-06-11 14:49:00+05:30,51.15,52.7,50.6,52.0,88465,2182700,12.126381,23193.1,23450.0,23350,ATM+5,CALL,23100,2026-06-11
2026-06-11 14:50:00+05:30,65.2,65.6,60.9,61.1,289510,6059690,12.264509,23172.75,23400.0,23350,ATM+5,CALL,23100,2026-06-11
2026-06-11 14:51:00+05:30,61.75,63.65,60.75,61.3,168350,6024850,12.29715,23172.4,23400.0,23350,ATM+5,CALL,23100,2026-06-11
2026-06-11 14:52:00+05:30,61.4,62.15,59.8,60.4,181610,6055660,12.24258,23171.1,23400.0,23350,ATM+5,CALL,23100,2026-06-11
2026-06-11 14:53:00+05:30,60.0,61.8,60.0,61.15,161265,6097325,12.2346,23174.0,23400.0,23350,ATM+5,CALL,23100,2026-06-11
2026-06-11 14:54:00+05:30,61.35,61.35,59.55,60.8,129935,6139770,12.268528,23171.7,23400.0,23350,ATM+5,CALL,23100,2026-06-11
2026-06-11 14:55:00+05:30,60.45,61.75,59.9,60.7,200915,6110520,12.231614,23172.6,23400.0,23350,ATM+5,CALL,23100,2026-06-11
2026-06-11 14:56:00+05:30,60.9,61.4,59.45,59.6,130130,6161220,12.184319,23170.35,23400.0,23350,ATM+5,CALL,23100,2026-06-11
2026-06-11 14:57:00+05:30,59.65,60.3,58.3,59.35,234650,6154785,12.283682,23166.2,23400.0,23350,ATM+5,CALL,23100,2026-06-11
2026-06-11 14:58:00+05:30,59.2,60.3,59.2,59.75,118690,6198790,12.137101,23172.5,23400.0,23350,ATM+5,CALL,23100,2026-06-11
2026-06-11 14:59:00+05:30,48.0,48.9,45.95,48.35,123175,2173600,12.177346,23177.05,23450.0,23350,ATM+5,CALL,23100,2026-06-11
2026-06-11 15:00:00+05:30,61.25,66.55,56.95,56.95,592735,6273800,12.391822,23154.0,23400.0,23350,ATM+5,CALL,23100,2026-06-11
2026-06-11 15:01:00+05:30,57.2,57.8,55.05,56.25,399425,6261450,12.341727,23153.15,23400.0,23350,ATM+5,CALL,23100,2026-06-11
2026-06-11 15:02:00+05:30,55.85,57.75,53.6,56.7,393445,6315335,12.22472,23158.8,23400.0,23350,ATM+5,CALL,23100,2026-06-11
2026-06-11 15:03:00+05:30,57.2,57.2,55.2,57.05,227435,6332040,12.2798,23158.25,23400.0,23350,ATM+5,CALL,23100,2026-06-11
2026-06-11 15:04:00+05:30,56.95,57.55,55.9,56.1,161200,6325670,12.567165,23145.0,23400.0,23350,ATM+5,CALL,23100,2026-06-11
2026-06-11 15:05:00+05:30,55.95,56.3,54.2,55.55,296335,6325605,12.433233,23147.55,23400.0,23350,ATM+5,CALL,23100,2026-06-11
2026-06-11 15:06:00+05:30,55.6,55.95,53.6,53.8,446355,6366490,12.478991,23139.35,23400.0,23350,ATM+5,CALL,23100,2026-06-11
2026-06-11 15:07:00+05:30,53.5,56.25,53.35,56.25,229255,6354530,12.495745,23148.1,23400.0,23350,ATM+5,CALL,23100,2026-06-11
2026-06-11 15:08:00+05:30,56.35,57.5,55.95,55.95,174460,6342505,12.804926,23136.4,23400.0,23350,ATM+5,CALL,23100,2026-06-11
2026-06-11 15:09:00+05:30,56.3,58.1,55.95,57.55,233610,6271655,12.764554,23143.85,23400.0,23350,ATM+5,CALL,23100,2026-06-11
2026-06-11 15:10:00+05:30,58.5,60.2,57.55,60.2,336375,6276855,12.819553,23151.75,23400.0,23350,ATM+5,CALL,23100,2026-06-11
2026-06-11 15:11:00+05:30,60.2,61.35,58.8,58.8,236210,6250400,12.895589,23144.1,23400.0,23350,ATM+5,CALL,23100,2026-06-11
2026-06-11 15:12:00+05:30,58.9,61.3,58.25,61.15,197470,6216795,12.92968,23151.55,23400.0,23350,ATM+5,CALL,23100,2026-06-11
2026-06-11 15:13:00+05:30,60.95,63.15,60.9,62.6,226980,6196385,12.775687,23161.85,23400.0,23350,ATM+5,CALL,23100,2026-06-11
2026-06-11 15:14:00+05:30,62.95,63.9,62.1,62.2,203255,6177275,12.614573,23165.8,23400.0,23350,ATM+5,CALL,23100,2026-06-11
2026-06-11 15:15:00+05:30,62.4,63.2,59.15,62.0,487760,6160440,12.576172,23166.4,23400.0,23350,ATM+5,CALL,23100,2026-06-11
2026-06-11 15:16:00+05:30,49.3,52.85,49.3,52.15,144365,2172365,12.527041,23180.55,23450.0,23350,ATM+5,CALL,23100,2026-06-11
2026-06-11 15:17:00+05:30,52.25,53.05,51.95,52.55,128895,2161185,12.534565,23181.9,23450.0,23350,ATM+5,CALL,23100,2026-06-11
2026-06-11 15:18:00+05:30,52.35,53.15,51.55,51.75,158860,2161575,12.46675,23181.15,23450.0,23350,ATM+5,CALL,23100,2026-06-11
2026-06-11 15:19:00+05:30,64.5,64.6,62.15,63.2,308685,5887960,12.535886,23172.0,23400.0,23350,ATM+5,CALL,23100,2026-06-11
2026-06-11 15:20:00+05:30,50.75,51.85,50.3,50.55,141830,2121860,12.416242,23178.2,23450.0,23350,ATM+5,CALL,23100,2026-06-11
2026-06-11 15:21:00+05:30,50.6,52.7,50.55,50.55,140465,2091830,12.460949,23176.65,23450.0,23350,ATM+5,CALL,23100,2026-06-11
2026-06-11 15:22:00+05:30,62.65,64.85,62.45,62.6,222950,5871580,12.539828,23169.9,23400.0,23350,ATM+5,CALL,23100,2026-06-11
2026-06-11 15:23:00+05:30,62.2,64.25,61.65,63.55,183105,5841290,12.61019,23170.9,23400.0,23350,ATM+5,CALL,23100,2026-06-11
2026-06-11 15:24:00+05:30,63.5,64.6,63.25,64.4,186160,5832970,12.61738,23173.6,23400.0,23350,ATM+5,CALL,23100,2026-06-11
2026-06-11 15:25:00+05:30,64.0,67.2,63.9,66.8,480610,5752695,12.843838,23174.4,23400.0,23350,ATM+5,CALL,23100,2026-06-11
2026-06-11 15:26:00+05:30,53.65,55.05,52.25,54.6,171665,2115880,12.924987,23176.6,23450.0,23350,ATM+5,CALL,23100,2026-06-11
2026-06-11 15:27:00+05:30,54.2,54.8,53.6,54.45,135005,2117960,12.837504,23179.1,23450.0,23350,ATM+5,CALL,23100,2026-06-11
2026-06-11 15:28:00+05:30,54.5,55.0,54.0,54.75,160030,2145065,12.844765,23180.05,23450.0,23350,ATM+5,CALL,23100,2026-06-11
2026-06-11 15:29:00+05:30,54.9,55.65,54.65,55.4,186030,2108080,12.730625,23186.55,23450.0,23350,ATM+5,CALL,23100,2026-06-11
2026-06-11 09:15:00+05:30,300.0,321.6,292.75,307.0,185900,1120470,16.097942,23104.4,23350.0,23350,ATM+5,PUT,23100,2026-06-11
2026-06-11 09:16:00+05:30,310.0,327.6,307.0,327.6,302315,1086930,16.650112,23082.3,23350.0,23350,ATM+5,PUT,23100,2026-06-11
2026-06-11 09:17:00+05:30,328.05,336.7,326.05,326.7,90155,1014000,17.269463,23092.9,23350.0,23350,ATM+5,PUT,23100,2026-06-11
2026-06-11 09:18:00+05:30,322.05,326.7,310.55,316.0,70525,997490,16.697291,23100.1,23350.0,23350,ATM+5,PUT,23100,2026-06-11
2026-06-11 09:19:00+05:30,317.1,317.1,305.85,305.85,40950,983905,16.7287,23115.85,23350.0,23350,ATM+5,PUT,23100,2026-06-11
2026-06-11 09:20:00+05:30,344.1,349.7,331.85,335.0,86710,2170350,17.105031,23128.6,23400.0,23350,ATM+5,PUT,23100,2026-06-11
2026-06-11 09:21:00+05:30,334.35,335.75,321.75,324.85,85930,2173730,17.030576,23142.45,23400.0,23350,ATM+5,PUT,23100,2026-06-11
2026-06-11 09:22:00+05:30,323.6,330.75,319.8,321.2,59800,2202460,16.703865,23142.9,23400.0,23350,ATM+5,PUT,23100,2026-06-11
2026-06-11 09:23:00+05:30,322.5,329.55,318.7,326.8,124670,2218645,16.744928,23135.25,23400.0,23350,ATM+5,PUT,23100,2026-06-11
2026-06-11 09:24:00+05:30,290.9,304.4,288.15,303.1,36985,953420,16.528213,23116.8,23350.0,23350,ATM+5,PUT,23100,2026-06-11
2026-06-11 09:25:00+05:30,302.8,306.15,300.05,304.45,93795,950300,16.157808,23109.0,23350.0,23350,ATM+5,PUT,23100,2026-06-11
2026-06-11 09:26:00+05:30,305.75,309.85,301.35,303.75,29445,935675,15.991991,23107.5,23350.0,23350,ATM+5,PUT,23100,2026-06-11
2026-06-11 09:27:00+05:30,304.9,317.35,301.9,309.2,54080,930995,16.127212,23101.45,23350.0,23350,ATM+5,PUT,23100,2026-06-11
2026-06-11 09:28:00+05:30,309.25,309.25,298.3,299.25,49465,922025,16.210953,23117.6,23350.0,23350,ATM+5,PUT,23100,2026-06-11
2026-06-11 09:29:00+05:30,298.05,301.9,292.0,297.6,28795,925340,16.326038,23121.9,23350.0,23350,ATM+5,PUT,23100,2026-06-11
2026-06-11 09:30:00+05:30,297.55,311.0,296.75,309.9,30420,928005,16.777561,23110.35,23350.0,23350,ATM+5,PUT,23100,2026-06-11
2026-06-11 09:31:00+05:30,309.35,314.25,303.0,303.0,24570,929305,16.530271,23116.9,23350.0,23350,ATM+5,PUT,23100,2026-06-11
2026-06-11 09:32:00+05:30,301.35,303.0,295.0,299.9,24895,928980,16.041972,23113.95,23350.0,23350,ATM+5,PUT,23100,2026-06-11
2026-06-11 09:33:00+05:30,305.3,317.05,299.9,315.25,26845,928070,16.733664,23101.6,23350.0,23350,ATM+5,PUT,23100,2026-06-11
2026-06-11 09:34:00+05:30,315.4,315.8,305.35,308.4,25545,925080,16.590512,23109.65,23350.0,23350,ATM+5,PUT,23100,2026-06-11
2026-06-11 09:35:00+05:30,310.0,320.5,308.4,320.05,30485,922935,16.899512,23096.95,23350.0,23350,ATM+5,PUT,23100,2026-06-11
2026-06-11 09:36:00+05:30,319.6,320.05,306.6,306.95,26130,922545,16.625082,23112.35,23350.0,23350,ATM+5,PUT,23100,2026-06-11
2026-06-11 09:37:00+05:30,307.4,308.2,298.2,301.65,20995,920920,16.560191,23119.35,23350.0,23350,ATM+5,PUT,23100,2026-06-11
2026-06-11 09:38:00+05:30,338.65,339.9,327.0,330.1,39520,2056015,16.724374,23129.95,23400.0,23350,ATM+5,PUT,23100,2026-06-11
2026-06-11 09:39:00+05:30,330.15,330.15,323.0,326.7,28600,2074020,16.550598,23132.35,23400.0,23350,ATM+5,PUT,23100,2026-06-11
2026-06-11 09:40:00+05:30,287.75,299.0,287.75,299.0,19695,925860,16.332803,23119.75,23350.0,23350,ATM+5,PUT,23100,2026-06-11
2026-06-11 09:41:00+05:30,298.75,301.4,295.6,298.15,27560,928070,16.289776,23120.35,23350.0,23350,ATM+5,PUT,23100,2026-06-11
2026-06-11 09:42:00+05:30,296.95,303.0,295.05,299.7,13325,921310,16.417577,23120.0,23350.0,23350,ATM+5,PUT,23100,2026-06-11
2026-06-11 09:43:00+05:30,337.25,337.25,318.0,318.85,38090,2085395,16.381508,23141.3,23400.0,23350,ATM+5,PUT,23100,2026-06-11
2026-06-11 09:44:00+05:30,318.25,319.1,314.0,316.7,42835,2095405,16.367933,23144.25,23400.0,23350,ATM+5,PUT,23100,2026-06-11
2026-06-11 09:45:00+05:30,315.95,322.95,310.75,315.0,45370,2102165,16.29477,23145.65,23400.0,23350,ATM+5,PUT,23100,2026-06-11
2026-06-11 09:46:00+05:30,314.8,318.85,310.0,311.8,29510,2114645,16.562394,23154.45,23400.0,23350,ATM+5,PUT,23100,2026-06-11
2026-06-11 09:47:00+05:30,310.7,318.0,310.7,317.7,34970,2123225,16.828099,23149.7,23400.0,23350,ATM+5,PUT,23100,2026-06-11
2026-06-11 09:48:00+05:30,317.05,324.0,315.5,324.0,31135,2125565,16.905719,23141.5,23400.0,23350,ATM+5,PUT,23100,2026-06-11
2026-06-11 09:49:00+05:30,324.15,324.15,313.0,313.5,16380,2132520,16.655267,23153.3,23400.0,23350,ATM+5,PUT,23100,2026-06-11
2026-06-11 09:50:00+05:30,313.8,320.6,302.8,305.5,39650,2133170,16.500079,23162.9,23400.0,23350,ATM+5,PUT,23100,2026-06-11
2026-06-11 09:51:00+05:30,306.9,307.65,300.0,301.75,46215,2138110,16.432586,23167.5,23400.0,23350,ATM+5,PUT,23100,2026-06-11
2026-06-11 09:52:00+05:30,303.1,308.45,300.35,302.65,30485,2150200,16.727894,23170.8,23400.0,23350,ATM+5,PUT,23100,2026-06-11
2026-06-11 09:53:00+05:30,301.25,305.2,299.0,301.2,31525,2167295,16.683834,23172.3,23400.0,23350,ATM+5,PUT,23100,2026-06-11
2026-06-11 09:54:00+05:30,301.2,313.0,301.2,312.7,26325,2171195,16.519092,23152.35,23400.0,23350,ATM+5,PUT,23100,2026-06-11
2026-06-11 09:55:00+05:30,312.25,321.05,310.35,318.4,67665,2162160,16.382893,23141.85,23400.0,23350,ATM+5,PUT,23100,2026-06-11
2026-06-11 09:56:00+05:30,319.7,321.3,313.0,321.3,23400,2153255,16.579434,23140.5,23400.0,23350,ATM+5,PUT,23100,2026-06-11
2026-06-11 09:57:00+05:30,322.4,329.65,321.0,329.0,47840,2148185,16.711112,23131.15,23400.0,23350,ATM+5,PUT,23100,2026-06-11
2026-06-11 09:58:00+05:30,291.5,301.65,290.6,299.6,44005,916890,16.080355,23114.7,23350.0,23350,ATM+5,PUT,23100,2026-06-11
2026-06-11 09:59:00+05:30,299.0,304.0,295.2,299.95,34125,912145,16.301705,23117.6,23350.0,23350,ATM+5,PUT,23100,2026-06-11
2026-06-11 10:00:00+05:30,338.65,338.65,326.8,327.2,27300,2103140,16.468703,23130.2,23400.0,23350,ATM+5,PUT,23100,2026-06-11
2026-06-11 10:01:00+05:30,326.95,328.65,322.55,326.1,20865,2100280,16.51746,23132.5,23400.0,23350,ATM+5,PUT,23100,2026-06-11
2026-06-11 10:02:00+05:30,290.3,298.5,290.1,296.65,22360,921180,16.322754,23122.9,23350.0,23350,ATM+5,PUT,23100,2026-06-11
2026-06-11 10:03:00+05:30,296.45,302.0,289.75,298.65,22165,919100,16.386268,23120.85,23350.0,23350,ATM+5,PUT,23100,2026-06-11
2026-06-11 10:04:00+05:30,299.0,307.15,296.8,307.05,18330,914030,16.410795,23108.55,23350.0,23350,ATM+5,PUT,23100,2026-06-11
2026-06-11 10:05:00+05:30,307.65,310.4,300.9,301.55,51220,910845,16.103231,23112.05,23350.0,23350,ATM+5,PUT,23100,2026-06-11
2026-06-11 10:06:00+05:30,342.0,342.0,320.45,323.15,35750,2115750,16.554433,23137.3,23400.0,23350,ATM+5,PUT,23100,2026-06-11
2026-06-11 10:07:00+05:30,324.3,326.25,311.4,313.35,38545,2111915,16.291954,23147.8,23400.0,23350,ATM+5,PUT,23100,2026-06-11
2026-06-11 10:08:00+05:30,314.25,316.45,304.25,306.15,46345,2111720,16.188056,23156.9,23400.0,23350,ATM+5,PUT,23100,2026-06-11
2026-06-11 10:09:00+05:30,305.0,308.65,300.1,308.5,26065,2115425,16.421273,23156.95,23400.0,23350,ATM+5,PUT,23100,2026-06-11
2026-06-11 10:10:00+05:30,308.7,310.0,301.25,306.35,28535,2128945,16.300517,23158.3,23400.0,23350,ATM+5,PUT,23100,2026-06-11
2026-06-11 10:11:00+05:30,305.75,306.35,300.0,302.2,19175,2133690,16.202696,23163.0,23400.0,23350,ATM+5,PUT,23100,2026-06-11
2026-06-11 10:12:00+05:30,300.95,308.65,300.0,307.15,16380,2134210,16.272295,23156.65,23400.0,23350,ATM+5,PUT,23100,2026-06-11
2026-06-11 10:13:00+05:30,307.65,308.0,303.0,304.55,14950,2140645,16.221842,23159.75,23400.0,23350,ATM+5,PUT,23100,2026-06-11
2026-06-11 10:14:00+05:30,303.65,314.65,301.0,313.1,26780,2147015,16.252465,23147.5,23400.0,23350,ATM+5,PUT,23100,2026-06-11
2026-06-11 10:15:00+05:30,312.2,313.1,303.5,304.65,14885,2148965,16.112201,23157.9,23400.0,23350,ATM+5,PUT,23100,2026-06-11
2026-06-11 10:16:00+05:30,302.7,304.65,296.05,299.2,40430,2155140,16.041175,23164.95,23400.0,23350,ATM+5,PUT,23100,2026-06-11
2026-06-11 10:17:00+05:30,300.1,301.3,293.45,295.15,26715,2146560,15.92,23169.15,23400.0,23350,ATM+5,PUT,23100,2026-06-11
2026-06-11 10:18:00+05:30,296.15,300.95,290.6,292.4,27690,2149225,15.901457,23173.0,23400.0,23350,ATM+5,PUT,23100,2026-06-11
2026-06-11 10:19:00+05:30,329.25,329.25,321.0,321.75,6890,374140,16.110852,23183.15,23450.0,23350,ATM+5,PUT,23100,2026-06-11
2026-06-11 10:20:00+05:30,320.0,324.75,316.0,316.25,5070,374530,16.049939,23190.25,23450.0,23350,ATM+5,PUT,23100,2026-06-11
2026-06-11 10:21:00+05:30,317.9,327.35,316.25,325.75,9880,375505,16.443193,23182.15,23450.0,23350,ATM+5,PUT,23100,2026-06-11
2026-06-11 10:22:00+05:30,324.0,329.1,323.75,327.75,4615,376155,16.489106,23179.9,23450.0,23350,ATM+5,PUT,23100,2026-06-11
2026-06-11 10:23:00+05:30,327.4,327.9,322.55,326.3,3900,376480,16.458401,23181.55,23450.0,23350,ATM+5,PUT,23100,2026-06-11
2026-06-11 10:24:00+05:30,325.75,330.0,324.75,328.7,2275,376415,16.575166,23179.75,23450.0,23350,ATM+5,PUT,23100,2026-06-11
2026-06-11 10:25:00+05:30,325.95,329.7,325.95,328.9,3770,377715,16.568415,23179.35,23450.0,23350,ATM+5,PUT,23100,2026-06-11
2026-06-11 10:26:00+05:30,326.35,328.9,315.6,316.8,9425,377260,16.305051,23193.15,23450.0,23350,ATM+5,PUT,23100,2026-06-11
2026-06-11 10:27:00+05:30,317.6,317.6,304.5,304.5,12220,375895,16.057046,23207.6,23450.0,23350,ATM+5,PUT,23100,2026-06-11
2026-06-11 10:28:00+05:30,305.6,315.7,304.5,311.45,8840,377845,16.197152,23199.4,23450.0,23350,ATM+5,PUT,23100,2026-06-11
2026-06-11 10:29:00+05:30,313.0,313.9,308.35,313.45,6045,380250,16.400886,23199.5,23450.0,23350,ATM+5,PUT,23100,2026-06-11
2026-06-11 10:30:00+05:30,310.0,322.45,307.35,322.05,8840,380445,16.541086,23188.9,23450.0,23350,ATM+5,PUT,23100,2026-06-11
2026-06-11 10:31:00+05:30,321.4,322.85,311.75,312.75,7865,379535,16.310505,23199.15,23450.0,23350,ATM+5,PUT,23100,2026-06-11
2026-06-11 10:32:00+05:30,312.75,315.5,307.0,307.0,4680,379730,16.06825,23204.0,23450.0,23350,ATM+5,PUT,23100,2026-06-11
2026-06-11 10:33:00+05:30,311.75,316.45,307.0,311.1,2990,377455,16.136393,23198.95,23450.0,23350,ATM+5,PUT,23100,2026-06-11
2026-06-11 10:34:00+05:30,312.85,315.45,311.1,314.8,2210,375180,16.622391,23200.8,23450.0,23350,ATM+5,PUT,23100,2026-06-11
2026-06-11 10:35:00+05:30,313.9,314.8,308.0,312.15,3900,375700,16.403432,23201.4,23450.0,23350,ATM+5,PUT,23100,2026-06-11
2026-06-11 10:36:00+05:30,314.1,320.85,312.15,318.85,6630,375635,16.717533,23196.2,23450.0,23350,ATM+5,PUT,23100,2026-06-11
2026-06-11 10:37:00+05:30,315.0,320.0,314.7,320.0,3185,376220,16.545371,23191.9,23450.0,23350,ATM+5,PUT,23100,2026-06-11
2026-06-11 10:38:00+05:30,317.5,320.0,314.15,314.4,2925,377130,16.474369,23199.1,23450.0,23350,ATM+5,PUT,23100,2026-06-11
2026-06-11 10:39:00+05:30,311.55,314.65,306.85,307.35,5850,377390,16.334123,23207.45,23450.0,23350,ATM+5,PUT,23100,2026-06-11
2026-06-11 10:40:00+05:30,307.1,310.9,303.9,305.0,6695,376155,16.427141,23212.4,23450.0,23350,ATM+5,PUT,23100,2026-06-11
2026-06-11 10:41:00+05:30,304.95,314.0,304.0,314.0,4745,378170,16.722858,23203.45,23450.0,23350,ATM+5,PUT,23100,2026-06-11
2026-06-11 10:42:00+05:30,313.6,316.0,311.15,313.0,5915,377130,16.782065,23205.85,23450.0,23350,ATM+5,PUT,23100,2026-06-11
2026-06-11 10:43:00+05:30,310.85,313.0,307.95,312.6,910,377650,16.49955,23202.1,23450.0,23350,ATM+5,PUT,23100,2026-06-11
2026-06-11 10:44:00+05:30,315.0,317.15,311.7,312.25,3510,378820,16.645869,23204.85,23450.0,23350,ATM+5,PUT,23100,2026-06-11
2026-06-11 10:45:00+05:30,314.65,318.4,310.25,310.25,1430,379015,16.435343,23204.6,23450.0,23350,ATM+5,PUT,23100,2026-06-11
2026-06-11 10:46:00+05:30,310.2,311.15,306.7,311.15,3120,379535,16.654004,23206.6,23450.0,23350,ATM+5,PUT,23100,2026-06-11
2026-06-11 10:47:00+05:30,312.85,312.85,307.0,307.2,1625,379275,16.513669,23210.35,23450.0,23350,ATM+5,PUT,23100,2026-06-11
2026-06-11 10:48:00+05:30,307.55,315.3,305.55,312.0,4355,378495,16.679848,23205.7,23450.0,23350,ATM+5,PUT,23100,2026-06-11
2026-06-11 10:49:00+05:30,311.55,319.6,310.6,319.6,6045,379015,16.638671,23193.75,23450.0,23350,ATM+5,PUT,23100,2026-06-11
2026-06-11 10:50:00+05:30,320.7,325.0,318.75,322.05,11375,378495,16.386529,23186.4,23450.0,23350,ATM+5,PUT,23100,2026-06-11
2026-06-11 10:51:00+05:30,320.25,322.05,313.0,319.45,4225,378560,16.373467,23190.0,23450.0,23350,ATM+5,PUT,23100,2026-06-11
2026-06-11 10:52:00+05:30,319.85,320.05,314.45,319.5,1820,377975,16.246584,23188.05,23450.0,23350,ATM+5,PUT,23100,2026-06-11
2026-06-11 10:53:00+05:30,285.0,292.6,284.3,291.0,53885,2355860,15.912994,23174.9,23400.0,23350,ATM+5,PUT,23100,2026-06-11
2026-06-11 10:54:00+05:30,292.5,294.75,289.9,291.3,45240,2352350,15.929964,23174.7,23400.0,23350,ATM+5,PUT,23100,2026-06-11
2026-06-11 10:55:00+05:30,292.55,295.65,290.95,292.15,53950,2349425,15.917073,23173.2,23400.0,23350,ATM+5,PUT,23100,2026-06-11
2026-06-11 10:56:00+05:30,329.45,329.45,323.45,324.15,5590,373295,16.145848,23179.8,23450.0,23350,ATM+5,PUT,23100,2026-06-11
2026-06-11 10:57:00+05:30,324.45,326.25,323.2,326.25,1300,373100,16.183502,23177.3,23450.0,23350,ATM+5,PUT,23100,2026-06-11
2026-06-11 10:58:00+05:30,326.8,331.25,325.95,331.2,910,373425,16.567905,23175.65,23450.0,23350,ATM+5,PUT,23100,2026-06-11
2026-06-11 10:59:00+05:30,329.55,333.1,324.0,324.0,3055,374270,15.904133,23176.55,23450.0,23350,ATM+5,PUT,23100,2026-06-11
2026-06-11 11:00:00+05:30,289.1,296.4,285.4,296.4,39325,2332330,16.092034,23169.45,23400.0,23350,ATM+5,PUT,23100,2026-06-11
2026-06-11 11:01:00+05:30,295.45,299.0,291.8,297.3,55770,2339740,16.031885,23167.15,23400.0,23350,ATM+5,PUT,23100,2026-06-11
2026-06-11 11:02:00+05:30,297.8,298.6,293.0,295.75,36010,2328170,15.930344,23167.9,23400.0,23350,ATM+5,PUT,23100,2026-06-11
2026-06-11 11:03:00+05:30,333.5,334.8,322.25,322.25,2730,376740,16.004669,23180.45,23450.0,23350,ATM+5,PUT,23100,2026-06-11
2026-06-11 11:04:00+05:30,321.45,324.4,318.15,324.4,10400,376285,16.301943,23181.6,23450.0,23350,ATM+5,PUT,23100,2026-06-11
2026-06-11 11:05:00+05:30,321.2,324.4,307.45,307.6,9100,375570,15.870883,23199.8,23450.0,23350,ATM+5,PUT,23100,2026-06-11
2026-06-11 11:06:00+05:30,307.0,314.85,304.35,305.4,5070,376675,15.949007,23204.2,23450.0,23350,ATM+5,PUT,23100,2026-06-11
2026-06-11 11:07:00+05:30,304.0,317.95,302.55,316.35,9620,375700,16.080107,23190.05,23450.0,23350,ATM+5,PUT,23100,2026-06-11
2026-06-11 11:08:00+05:30,316.05,319.0,310.2,314.0,3900,377065,16.169987,23194.8,23450.0,23350,ATM+5,PUT,23100,2026-06-11
2026-06-11 11:09:00+05:30,314.0,322.35,314.0,314.0,5525,377130,16.086069,23193.55,23450.0,23350,ATM+5,PUT,23100,2026-06-11
2026-06-11 11:10:00+05:30,315.7,319.8,314.0,315.2,3445,377130,16.066686,23191.5,23450.0,23350,ATM+5,PUT,23100,2026-06-11
2026-06-11 11:11:00+05:30,315.75,318.1,312.1,316.65,5395,377390,16.0547,23189.2,23450.0,23350,ATM+5,PUT,23100,2026-06-11
2026-06-11 11:12:00+05:30,317.35,320.25,316.4,317.55,3185,377910,15.993981,23187.0,23450.0,23350,ATM+5,PUT,23100,2026-06-11
2026-06-11 11:13:00+05:30,313.45,319.55,313.45,317.35,6825,379405,15.853068,23185.25,23450.0,23350,ATM+5,PUT,23100,2026-06-11
2026-06-11 11:14:00+05:30,315.0,321.15,315.0,319.65,3120,378885,15.942528,23183.2,23450.0,23350,ATM+5,PUT,23100,2026-06-11
2026-06-11 11:15:00+05:30,318.95,321.7,315.0,315.0,4875,377975,15.826657,23188.25,23450.0,23350,ATM+5,PUT,23100,2026-06-11
2026-06-11 11:16:00+05:30,315.0,320.0,314.55,315.75,910,379080,15.985457,23189.45,23450.0,23350,ATM+5,PUT,23100,2026-06-11
2026-06-11 11:17:00+05:30,315.0,320.0,310.85,313.0,3445,379405,16.019574,23193.95,23450.0,23350,ATM+5,PUT,23100,2026-06-11
2026-06-11 11:18:00+05:30,310.0,313.0,302.7,304.75,8580,379275,15.956907,23205.15,23450.0,23350,ATM+5,PUT,23100,2026-06-11
2026-06-11 11:19:00+05:30,303.0,308.7,300.45,307.2,6305,379730,16.085819,23203.45,23450.0,23350,ATM+5,PUT,23100,2026-06-11
2026-06-11 11:20:00+05:30,310.0,310.0,299.0,299.0,6500,381095,15.882654,23212.55,23450.0,23350,ATM+5,PUT,23100,2026-06-11
2026-06-11 11:21:00+05:30,298.3,299.85,292.95,292.95,6435,382915,15.797912,23220.3,23450.0,23350,ATM+5,PUT,23100,2026-06-11
2026-06-11 11:22:00+05:30,292.65,297.55,292.65,297.55,4745,382980,15.843846,23214.1,23450.0,23350,ATM+5,PUT,23100,2026-06-11
2026-06-11 11:23:00+05:30,299.0,301.25,294.0,301.25,7020,382395,16.137186,23213.05,23450.0,23350,ATM+5,PUT,23100,2026-06-11
2026-06-11 11:24:00+05:30,300.25,301.65,295.1,295.1,6760,384345,15.892709,23218.5,23450.0,23350,ATM+5,PUT,23100,2026-06-11
2026-06-11 11:25:00+05:30,295.75,297.75,293.0,296.7,5915,384865,15.873995,23215.8,23450.0,23350,ATM+5,PUT,23100,2026-06-11
2026-06-11 11:26:00+05:30,333.3,334.45,321.3,321.3,35035,2066285,15.758367,23228.5,23500.0,23350,ATM+5,PUT,23100,2026-06-11
2026-06-11 11:27:00+05:30,322.2,322.2,314.2,314.2,46995,2077855,15.435141,23234.1,23500.0,23350,ATM+5,PUT,23100,2026-06-11
2026-06-11 11:28:00+05:30,314.0,318.0,313.0,314.35,25025,2094560,15.58839,23236.05,23500.0,23350,ATM+5,PUT,23100,2026-06-11
2026-06-11 11:29:00+05:30,315.4,321.65,313.8,314.85,35945,2106910,15.59748,23235.45,23500.0,23350,ATM+5,PUT,23100,2026-06-11
2026-06-11 11:30:00+05:30,314.0,317.55,309.0,316.4,38220,2114060,15.806843,23236.2,23500.0,23350,ATM+5,PUT,23100,2026-06-11
2026-06-11 11:31:00+05:30,315.0,323.8,313.25,321.0,44655,2129335,15.574239,23226.3,23500.0,23350,ATM+5,PUT,23100,2026-06-11
2026-06-11 11:32:00+05:30,321.25,325.75,320.95,322.4,30615,2120690,15.707136,23226.15,23500.0,23350,ATM+5,PUT,23100,2026-06-11
2026-06-11 11:33:00+05:30,322.15,322.4,314.5,318.85,14755,2119845,15.870886,23233.55,23500.0,23350,ATM+5,PUT,23100,2026-06-11
2026-06-11 11:34:00+05:30,318.45,325.45,317.65,325.2,28795,2126410,16.007587,23226.35,23500.0,23350,ATM+5,PUT,23100,2026-06-11
2026-06-11 11:35:00+05:30,325.65,328.0,319.9,319.9,36725,2118480,16.033706,23234.35,23500.0,23350,ATM+5,PUT,23100,2026-06-11
2026-06-11 11:36:00+05:30,282.9,293.0,282.7,291.2,5785,405275,15.725897,23221.65,23450.0,23350,ATM+5,PUT,23100,2026-06-11
2026-06-11 11:37:00+05:30,290.0,291.45,288.65,291.0,7280,404365,15.472686,23218.05,23450.0,23350,ATM+5,PUT,23100,2026-06-11
2026-06-11 11:38:00+05:30,291.55,296.4,290.7,296.4,10075,401895,15.821521,23215.3,23450.0,23350,ATM+5,PUT,23100,2026-06-11
2026-06-11 11:39:00+05:30,296.8,297.5,289.35,290.1,11375,402805,15.70508,23222.95,23450.0,23350,ATM+5,PUT,23100,2026-06-11
2026-06-11 11:40:00+05:30,290.35,292.6,287.35,292.1,4680,403715,15.906296,23223.05,23450.0,23350,ATM+5,PUT,23100,2026-06-11
2026-06-11 11:41:00+05:30,330.65,330.65,321.15,322.0,12350,2100605,15.966896,23230.3,23500.0,23350,ATM+5,PUT,23100,2026-06-11
2026-06-11 11:42:00+05:30,321.7,322.6,307.3,307.3,26715,2101905,15.48376,23244.6,23500.0,23350,ATM+5,PUT,23100,2026-06-11
2026-06-11 11:43:00+05:30,308.45,315.25,307.3,314.15,45045,2122510,15.959962,23241.55,23500.0,23350,ATM+5,PUT,23100,2026-06-11
2026-06-11 11:44:00+05:30,314.8,314.8,302.75,302.75,67470,2157675,15.652264,23253.7,23500.0,23350,ATM+5,PUT,23100,2026-06-11
2026-06-11 11:45:00+05:30,302.7,305.9,298.6,304.35,51480,2173015,15.834572,23254.05,23500.0,23350,ATM+5,PUT,23100,2026-06-11
2026-06-11 11:46:00+05:30,303.05,305.65,300.9,301.15,67080,2215850,15.769894,23257.8,23500.0,23350,ATM+5,PUT,23100,2026-06-11
2026-06-11 11:47:00+05:30,300.8,304.15,288.45,288.85,88335,2241265,15.316633,23269.2,23500.0,23350,ATM+5,PUT,23100,2026-06-11
2026-06-11 11:48:00+05:30,288.55,297.5,287.55,293.7,91325,2284425,15.735149,23268.35,23500.0,23350,ATM+5,PUT,23100,2026-06-11
2026-06-11 11:49:00+05:30,294.05,299.05,292.6,296.35,42835,2292160,15.789079,23265.2,23500.0,23350,ATM+5,PUT,23100,2026-06-11
2026-06-11 11:50:00+05:30,296.35,296.35,291.25,291.75,32045,2310815,15.898504,23273.8,23500.0,23350,ATM+5,PUT,23100,2026-06-11
2026-06-11 11:51:00+05:30,292.0,295.0,290.1,294.7,28795,2329405,15.870249,23268.9,23500.0,23350,ATM+5,PUT,23100,2026-06-11
2026-06-11 11:52:00+05:30,294.45,297.95,292.3,292.35,50830,2340000,15.720154,23270.1,23500.0,23350,ATM+5,PUT,23100,2026-06-11
2026-06-11 11:53:00+05:30,293.3,295.0,291.2,291.75,21450,2349945,15.919881,23274.1,23500.0,23350,ATM+5,PUT,23100,2026-06-11
2026-06-11 11:54:00+05:30,291.1,294.15,287.05,293.5,40950,2362425,16.01635,23272.95,23500.0,23350,ATM+5,PUT,23100,2026-06-11
2026-06-11 11:55:00+05:30,292.0,293.5,289.0,292.35,33865,2387255,15.960202,23273.8,23500.0,23350,ATM+5,PUT,23100,2026-06-11
2026-06-11 11:56:00+05:30,329.9,329.9,314.35,315.45,8385,185835,15.637997,23285.3,23550.0,23350,ATM+5,PUT,23100,2026-06-11
2026-06-11 11:57:00+05:30,316.55,318.75,315.0,316.0,8125,187200,15.669673,23284.95,23550.0,23350,ATM+5,PUT,23100,2026-06-11
2026-06-11 11:58:00+05:30,316.0,316.0,310.1,314.8,6240,190125,15.96209,23290.9,23550.0,23350,ATM+5,PUT,23100,2026-06-11
2026-06-11 11:59:00+05:30,316.0,321.15,314.8,320.6,3510,189865,16.008855,23283.15,23550.0,23350,ATM+5,PUT,23100,2026-06-11
2026-06-11 12:00:00+05:30,318.2,320.6,314.8,320.1,5070,193375,16.056541,23284.55,23550.0,23350,ATM+5,PUT,23100,2026-06-11
2026-06-11 12:01:00+05:30,320.25,320.35,315.45,316.85,5005,194740,16.007764,23288.55,23550.0,23350,ATM+5,PUT,23100,2026-06-11
2026-06-11 12:02:00+05:30,316.0,320.5,315.8,319.0,4355,195130,16.027236,23285.7,23550.0,23350,ATM+5,PUT,23100,2026-06-11
2026-06-11 12:03:00+05:30,319.8,320.0,314.95,316.4,6370,198445,16.063734,23290.0,23550.0,23350,ATM+5,PUT,23100,2026-06-11
2026-06-11 12:04:00+05:30,317.45,321.0,316.4,320.0,4875,200720,16.197712,23286.7,23550.0,23350,ATM+5,PUT,23100,2026-06-11
2026-06-11 12:05:00+05:30,318.85,325.95,317.45,325.8,5915,200720,16.396738,23281.15,23550.0,23350,ATM+5,PUT,23100,2026-06-11
2026-06-11 12:06:00+05:30,322.95,325.8,319.6,321.55,4615,202540,16.03637,23282.1,23550.0,23350,ATM+5,PUT,23100,2026-06-11
2026-06-11 12:07:00+05:30,320.35,321.55,313.7,313.7,13000,208000,15.817364,23290.3,23550.0,23350,ATM+5,PUT,23100,2026-06-11
2026-06-11 12:08:00+05:30,314.2,322.1,313.7,319.05,4355,211640,15.967247,23284.7,23550.0,23350,ATM+5,PUT,23100,2026-06-11
2026-06-11 12:09:00+05:30,319.0,321.35,318.0,321.35,7475,211640,16.098455,23283.25,23550.0,23350,ATM+5,PUT,23100,2026-06-11
2026-06-11 12:10:00+05:30,320.75,325.1,320.75,323.95,1495,219050,16.043414,23278.7,23550.0,23350,ATM+5,PUT,23100,2026-06-11
2026-06-11 12:11:00+05:30,323.95,328.15,320.9,325.05,4030,219050,16.074527,23277.55,23550.0,23350,ATM+5,PUT,23100,2026-06-11
2026-06-11 12:12:00+05:30,324.65,326.95,321.55,321.55,2470,221585,16.120743,23283.25,23550.0,23350,ATM+5,PUT,23100,2026-06-11
2026-06-11 12:13:00+05:30,320.8,322.8,319.6,320.0,1690,222950,16.187164,23286.45,23550.0,23350,ATM+5,PUT,23100,2026-06-11
2026-06-11 12:14:00+05:30,322.0,323.1,318.8,318.8,2275,222950,16.143492,23287.55,23550.0,23350,ATM+5,PUT,23100,2026-06-11
2026-06-11 12:15:00+05:30,317.4,318.8,303.5,307.65,15275,225030,15.955651,23301.1,23550.0,23350,ATM+5,PUT,23100,2026-06-11
2026-06-11 12:16:00+05:30,305.3,312.7,302.8,304.35,3835,225030,15.851427,23304.4,23550.0,23350,ATM+5,PUT,23100,2026-06-11
2026-06-11 12:17:00+05:30,302.4,311.8,300.3,309.6,10270,232180,15.917838,23297.65,23550.0,23350,ATM+5,PUT,23100,2026-06-11
2026-06-11 12:18:00+05:30,309.8,314.0,309.6,312.85,8450,234715,16.014304,23294.3,23550.0,23350,ATM+5,PUT,23100,2026-06-11
2026-06-11 12:19:00+05:30,312.05,316.0,312.05,314.15,2340,234715,15.815764,23289.5,23550.0,23350,ATM+5,PUT,23100,2026-06-11
2026-06-11 12:20:00+05:30,316.05,321.6,314.15,321.15,5460,233545,16.134957,23283.95,23550.0,23350,ATM+5,PUT,23100,2026-06-11
2026-06-11 12:21:00+05:30,319.25,321.7,317.9,318.55,4160,233545,15.821347,23283.2,23550.0,23350,ATM+5,PUT,23100,2026-06-11
2026-06-11 12:22:00+05:30,318.55,318.55,315.85,317.4,1430,235365,15.995317,23287.35,23550.0,23350,ATM+5,PUT,23100,2026-06-11
2026-06-11 12:23:00+05:30,319.7,319.7,312.15,312.15,2405,235365,15.883369,23293.35,23550.0,23350,ATM+5,PUT,23100,2026-06-11
2026-06-11 12:24:00+05:30,315.45,317.2,312.15,314.05,975,236145,15.964248,23291.75,23550.0,23350,ATM+5,PUT,23100,2026-06-11
2026-06-11 12:25:00+05:30,315.5,320.1,314.05,316.65,2210,237640,16.015479,23288.7,23550.0,23350,ATM+5,PUT,23100,2026-06-11
2026-06-11 12:26:00+05:30,317.5,317.5,310.65,315.55,2600,237640,16.176663,23292.65,23550.0,23350,ATM+5,PUT,23100,2026-06-11
2026-06-11 12:27:00+05:30,315.9,315.9,313.35,314.25,2860,239330,16.061571,23292.85,23550.0,23350,ATM+5,PUT,23100,2026-06-11
2026-06-11 12:28:00+05:30,313.65,316.65,308.5,310.3,3835,241345,16.206785,23300.8,23550.0,23350,ATM+5,PUT,23100,2026-06-11
2026-06-11 12:29:00+05:30,312.2,313.4,308.9,312.45,2665,243685,16.205735,23297.6,23550.0,23350,ATM+5,PUT,23100,2026-06-11
2026-06-11 12:30:00+05:30,306.35,312.45,300.3,301.4,9035,245570,15.673957,23305.95,23550.0,23350,ATM+5,PUT,23100,2026-06-11
2026-06-11 12:31:00+05:30,306.15,306.85,295.25,297.6,8970,250185,15.964768,23316.0,23550.0,23350,ATM+5,PUT,23100,2026-06-11
2026-06-11 12:32:00+05:30,296.85,298.3,292.0,292.5,13520,253630,15.734943,23320.1,23550.0,23350,ATM+5,PUT,23100,2026-06-11
2026-06-11 12:33:00+05:30,292.5,296.85,292.5,294.15,5850,254930,15.632693,23316.05,23550.0,23350,ATM+5,PUT,23100,2026-06-11
2026-06-11 12:34:00+05:30,293.7,296.15,292.0,292.0,6045,259285,15.813751,23322.05,23550.0,23350,ATM+5,PUT,23100,2026-06-11
2026-06-11 12:35:00+05:30,290.3,301.45,288.4,298.1,10855,261040,15.83045,23313.15,23550.0,23350,ATM+5,PUT,23100,2026-06-11
2026-06-11 12:36:00+05:30,297.65,301.1,296.3,299.35,2470,261560,15.599564,23307.8,23550.0,23350,ATM+5,PUT,23100,2026-06-11
2026-06-11 12:37:00+05:30,298.65,305.85,298.65,305.35,4355,262470,15.192669,23293.1,23550.0,23350,ATM+5,PUT,23100,2026-06-11
2026-06-11 12:38:00+05:30,304.95,310.8,302.95,308.0,8580,264095,15.498905,23293.65,23550.0,23350,ATM+5,PUT,23100,2026-06-11
2026-06-11 12:39:00+05:30,308.6,308.9,302.95,303.6,5850,262600,15.334626,23297.65,23550.0,23350,ATM+5,PUT,23100,2026-06-11
2026-06-11 12:40:00+05:30,304.55,306.4,303.6,306.35,2405,263510,15.627768,23297.9,23550.0,23350,ATM+5,PUT,23100,2026-06-11
2026-06-11 12:41:00+05:30,304.85,308.65,303.3,308.65,2600,264550,15.669812,23295.15,23550.0,23350,ATM+5,PUT,23100,2026-06-11
2026-06-11 12:42:00+05:30,307.55,311.35,304.8,307.75,2990,265980,15.676602,23296.55,23550.0,23350,ATM+5,PUT,23100,2026-06-11
2026-06-11 12:43:00+05:30,306.95,314.25,306.95,308.25,5915,266825,15.517105,23293.5,23550.0,23350,ATM+5,PUT,23100,2026-06-11
2026-06-11 12:44:00+05:30,309.05,309.85,305.95,305.95,2210,265590,15.466774,23296.1,23550.0,23350,ATM+5,PUT,23100,2026-06-11
2026-06-11 12:45:00+05:30,306.5,309.7,305.95,306.5,1755,266630,15.450041,23295.05,23550.0,23350,ATM+5,PUT,23100,2026-06-11
2026-06-11 12:46:00+05:30,305.0,306.5,298.8,300.8,5395,267995,15.317136,23301.4,23550.0,23350,ATM+5,PUT,23100,2026-06-11
2026-06-11 12:47:00+05:30,299.15,308.75,299.15,306.0,3120,269815,15.275619,23293.25,23550.0,23350,ATM+5,PUT,23100,2026-06-11
2026-06-11 12:48:00+05:30,306.85,314.0,306.0,312.75,2925,270205,15.456765,23286.1,23550.0,23350,ATM+5,PUT,23100,2026-06-11
2026-06-11 12:49:00+05:30,313.1,320.9,311.25,319.65,8515,271310,15.399139,23275.45,23550.0,23350,ATM+5,PUT,23100,2026-06-11
2026-06-11 12:50:00+05:30,319.45,319.8,313.15,314.2,2730,269100,15.342284,23282.4,23550.0,23350,ATM+5,PUT,23100,2026-06-11
2026-06-11 12:51:00+05:30,310.05,317.0,310.05,317.0,2795,268775,15.532515,23281.05,23550.0,23350,ATM+5,PUT,23100,2026-06-11
2026-06-11 12:52:00+05:30,316.7,319.25,315.2,319.25,1300,267930,15.623602,23279.1,23550.0,23350,ATM+5,PUT,23100,2026-06-11
2026-06-11 12:53:00+05:30,315.0,319.25,311.9,313.2,2795,268255,15.403017,23284.65,23550.0,23350,ATM+5,PUT,23100,2026-06-11
2026-06-11 12:54:00+05:30,313.05,313.2,312.75,312.75,325,268970,14.798069,23276.95,23550.0,23350,ATM+5,PUT,23100,2026-06-11
2026-06-11 12:55:00+05:30,312.75,312.75,312.75,312.75,0,268970,14.798069,23276.95,23550.0,23350,ATM+5,PUT,23100,2026-06-11
2026-06-11 12:56:00+05:30,317.5,317.5,310.75,311.15,3445,269555,15.073073,23282.95,23550.0,23350,ATM+5,PUT,23100,2026-06-11
2026-06-11 12:57:00+05:30,314.55,314.55,298.9,298.9,5655,269815,14.967491,23299.0,23550.0,23350,ATM+5,PUT,23100,2026-06-11
2026-06-11 12:58:00+05:30,300.4,300.55,292.95,295.75,10465,272350,14.98455,23303.8,23550.0,23350,ATM+5,PUT,23100,2026-06-11
2026-06-11 12:59:00+05:30,297.35,302.4,290.7,290.7,8710,274560,14.785612,23308.25,23550.0,23350,ATM+5,PUT,23100,2026-06-11
2026-06-11 13:00:00+05:30,289.4,290.7,278.1,280.0,21255,277810,14.797192,23324.15,23550.0,23350,ATM+5,PUT,23100,2026-06-11
2026-06-11 13:01:00+05:30,278.65,289.6,278.65,289.2,10205,275600,15.035401,23314.1,23550.0,23350,ATM+5,PUT,23100,2026-06-11
2026-06-11 13:02:00+05:30,288.75,296.45,287.3,293.0,7150,278720,14.914775,23306.75,23550.0,23350,ATM+5,PUT,23100,2026-06-11
2026-06-11 13:03:00+05:30,291.7,296.55,291.7,296.55,4095,279305,15.092218,23304.15,23550.0,23350,ATM+5,PUT,23100,2026-06-11
2026-06-11 13:04:00+05:30,296.7,299.0,295.0,296.65,2990,280085,14.926503,23301.6,23550.0,23350,ATM+5,PUT,23100,2026-06-11
2026-06-11 13:05:00+05:30,300.0,300.0,296.2,296.2,2925,279955,14.958281,23302.7,23550.0,23350,ATM+5,PUT,23100,2026-06-11
2026-06-11 13:06:00+05:30,295.5,299.35,295.5,297.7,1885,280345,15.026608,23301.5,23550.0,23350,ATM+5,PUT,23100,2026-06-11
2026-06-11 13:07:00+05:30,299.6,301.0,296.3,301.0,3120,281320,15.189344,23299.05,23550.0,23350,ATM+5,PUT,23100,2026-06-11
2026-06-11 13:08:00+05:30,300.75,306.0,300.75,303.15,2795,281450,14.90468,23291.9,23550.0,23350,ATM+5,PUT,23100,2026-06-11
2026-06-11 13:09:00+05:30,303.0,313.65,302.7,312.6,10270,281515,15.063827,23280.65,23550.0,23350,ATM+5,PUT,23100,2026-06-11
2026-06-11 13:10:00+05:30,311.6,314.1,309.4,310.9,3380,285870,15.02381,23282.5,23550.0,23350,ATM+5,PUT,23100,2026-06-11
2026-06-11 13:11:00+05:30,309.45,315.0,309.45,315.0,1950,286390,15.189,23278.95,23550.0,23350,ATM+5,PUT,23100,2026-06-11
2026-06-11 13:12:00+05:30,276.1,288.75,276.0,284.55,113750,2721030,14.83399,23267.45,23500.0,23350,ATM+5,PUT,23100,2026-06-11
2026-06-11 13:13:00+05:30,284.1,289.7,283.9,289.65,77350,2694575,14.860498,23260.35,23500.0,23350,ATM+5,PUT,23100,2026-06-11
2026-06-11 13:14:00+05:30,290.0,290.0,285.75,288.55,54080,2675335,14.688766,23259.45,23500.0,23350,ATM+5,PUT,23100,2026-06-11
2026-06-11 13:15:00+05:30,287.75,289.0,285.55,286.95,99190,2677545,14.583792,23260.25,23500.0,23350,ATM+5,PUT,23100,2026-06-11
2026-06-11 13:16:00+05:30,286.9,291.0,282.0,289.45,65715,2613845,14.484416,23255.2,23500.0,23350,ATM+5,PUT,23100,2026-06-11
2026-06-11 13:17:00+05:30,289.4,294.3,281.95,285.25,113425,2606890,14.621238,23263.25,23500.0,23350,ATM+5,PUT,23100,2026-06-11
2026-06-11 13:18:00+05:30,287.05,291.15,285.25,288.45,44980,2589665,14.281175,23253.75,23500.0,23350,ATM+5,PUT,23100,2026-06-11
2026-06-11 13:19:00+05:30,288.7,292.95,286.6,291.8,31200,2588495,14.647325,23254.1,23500.0,23350,ATM+5,PUT,23100,2026-06-11
2026-06-11 13:20:00+05:30,292.35,300.3,290.3,300.0,109265,2573610,15.218572,23250.4,23500.0,23350,ATM+5,PUT,23100,2026-06-11
2026-06-11 13:21:00+05:30,300.45,308.2,299.85,307.4,104585,2559700,15.153054,23238.8,23500.0,23350,ATM+5,PUT,23100,2026-06-11
2026-06-11 13:22:00+05:30,308.0,312.85,307.4,312.45,100945,2519660,14.917834,23228.4,23500.0,23350,ATM+5,PUT,23100,2026-06-11
2026-06-11 13:23:00+05:30,311.15,312.45,295.05,300.75,76180,2503475,14.831383,23243.8,23500.0,23350,ATM+5,PUT,23100,2026-06-11
2026-06-11 13:24:00+05:30,300.95,305.9,298.35,300.15,33475,2487420,14.443703,23239.3,23500.0,23350,ATM+5,PUT,23100,2026-06-11
2026-06-11 13:25:00+05:30,301.55,310.0,299.95,310.0,59215,2490670,14.989174,23232.8,23500.0,23350,ATM+5,PUT,23100,2026-06-11
2026-06-11 13:26:00+05:30,309.8,317.2,309.8,313.6,58175,2475785,14.794389,23225.1,23500.0,23350,ATM+5,PUT,23100,2026-06-11
2026-06-11 13:27:00+05:30,312.75,313.6,308.05,311.4,44850,2477020,14.974272,23230.6,23500.0,23350,ATM+5,PUT,23100,2026-06-11
2026-06-11 13:28:00+05:30,311.2,312.05,304.75,308.1,31395,2464865,14.874746,23233.9,23500.0,23350,ATM+5,PUT,23100,2026-06-11
2026-06-11 13:29:00+05:30,307.25,308.1,300.75,302.3,22230,2452905,14.929575,23242.9,23500.0,23350,ATM+5,PUT,23100,2026-06-11
2026-06-11 13:30:00+05:30,302.8,302.8,284.15,290.0,68185,2444195,14.709968,23257.5,23500.0,23350,ATM+5,PUT,23100,2026-06-11
2026-06-11 13:31:00+05:30,292.0,297.55,289.8,293.4,33865,2436590,14.997672,23256.7,23500.0,23350,ATM+5,PUT,23100,2026-06-11
2026-06-11 13:32:00+05:30,289.6,293.4,284.05,284.55,28015,2441335,14.529577,23262.8,23500.0,23350,ATM+5,PUT,23100,2026-06-11
2026-06-11 13:33:00+05:30,285.3,289.0,279.9,288.6,49920,2442375,14.657553,23258.75,23500.0,23350,ATM+5,PUT,23100,2026-06-11
2026-06-11 13:34:00+05:30,289.65,299.95,288.6,299.25,67535,2439450,14.673725,23243.65,23500.0,23350,ATM+5,PUT,23100,2026-06-11
2026-06-11 13:35:00+05:30,299.15,300.15,291.6,295.35,31980,2447380,14.658124,23249.0,23500.0,23350,ATM+5,PUT,23100,2026-06-11
2026-06-11 13:36:00+05:30,294.8,296.45,288.0,288.0,13845,2448420,14.427206,23256.3,23500.0,23350,ATM+5,PUT,23100,2026-06-11
2026-06-11 13:37:00+05:30,287.4,295.3,287.4,294.0,13845,2450370,14.670839,23251.1,23500.0,23350,ATM+5,PUT,23100,2026-06-11
2026-06-11 13:38:00+05:30,297.0,304.15,294.0,303.3,40495,2457130,15.002105,23242.4,23500.0,23350,ATM+5,PUT,23100,2026-06-11
2026-06-11 13:39:00+05:30,301.95,312.8,301.95,310.35,80275,2477930,15.027249,23232.7,23500.0,23350,ATM+5,PUT,23100,2026-06-11
2026-06-11 13:40:00+05:30,309.55,312.55,301.8,312.55,33670,2465970,15.259073,23232.75,23500.0,23350,ATM+5,PUT,23100,2026-06-11
2026-06-11 13:41:00+05:30,312.1,314.15,308.9,309.95,43810,2461030,14.750387,23229.5,23500.0,23350,ATM+5,PUT,23100,2026-06-11
2026-06-11 13:42:00+05:30,310.4,310.55,304.4,309.2,26520,2463240,14.687354,23229.7,23500.0,23350,ATM+5,PUT,23100,2026-06-11
2026-06-11 13:43:00+05:30,273.6,280.8,272.0,277.3,15470,531245,14.291883,23219.45,23450.0,23350,ATM+5,PUT,23100,2026-06-11
2026-06-11 13:44:00+05:30,278.25,282.8,271.95,274.5,18135,525850,14.316273,23223.9,23450.0,23350,ATM+5,PUT,23100,2026-06-11
2026-06-11 13:45:00+05:30,275.0,277.65,273.0,277.65,9425,522665,14.444709,23221.15,23450.0,23350,ATM+5,PUT,23100,2026-06-11
2026-06-11 13:46:00+05:30,313.95,319.0,306.8,307.75,33475,2431520,14.386044,23227.7,23500.0,23350,ATM+5,PUT,23100,2026-06-11
2026-06-11 13:47:00+05:30,306.8,307.75,297.0,305.0,45630,2428660,14.478071,23232.75,23500.0,23350,ATM+5,PUT,23100,2026-06-11
2026-06-11 13:48:00+05:30,303.3,306.0,298.3,305.0,16770,2432365,14.418633,23231.95,23500.0,23350,ATM+5,PUT,23100,2026-06-11
2026-06-11 13:49:00+05:30,305.85,311.3,304.2,306.4,24960,2435160,14.446118,23230.35,23500.0,23350,ATM+5,PUT,23100,2026-06-11
2026-06-11 13:50:00+05:30,271.5,275.0,270.05,273.15,11895,523185,14.205417,23224.2,23450.0,23350,ATM+5,PUT,23100,2026-06-11
2026-06-11 13:51:00+05:30,309.0,312.6,305.75,307.0,22100,2423070,14.194242,23226.2,23500.0,23350,ATM+5,PUT,23100,2026-06-11
2026-06-11 13:52:00+05:30,307.7,312.5,302.35,303.35,22360,2425540,14.094456,23229.95,23500.0,23350,ATM+5,PUT,23100,2026-06-11
2026-06-11 13:53:00+05:30,304.75,304.75,299.85,301.8,34320,2424370,14.377917,23235.85,23500.0,23350,ATM+5,PUT,23100,2026-06-11
2026-06-11 13:54:00+05:30,301.15,307.0,300.25,303.0,15275,2414295,14.403457,23234.5,23500.0,23350,ATM+5,PUT,23100,2026-06-11
2026-06-11 13:55:00+05:30,303.0,308.9,300.0,301.05,16380,2413580,14.311694,23236.0,23500.0,23350,ATM+5,PUT,23100,2026-06-11
2026-06-11 13:56:00+05:30,301.45,304.2,297.0,297.0,26260,2415855,14.208798,23240.3,23500.0,23350,ATM+5,PUT,23100,2026-06-11
2026-06-11 13:57:00+05:30,299.8,302.55,293.35,301.8,26650,2412410,14.635454,23239.3,23500.0,23350,ATM+5,PUT,23100,2026-06-11
2026-06-11 13:58:00+05:30,300.0,301.8,290.8,292.7,22880,2411500,14.332268,23248.05,23500.0,23350,ATM+5,PUT,23100,2026-06-11
2026-06-11 13:59:00+05:30,292.8,307.1,292.7,304.25,27300,2411175,14.425348,23233.0,23500.0,23350,ATM+5,PUT,23100,2026-06-11
2026-06-11 14:00:00+05:30,304.65,307.0,296.8,298.45,21060,2420730,14.355169,23240.2,23500.0,23350,ATM+5,PUT,23100,2026-06-11
2026-06-11 14:01:00+05:30,298.7,303.5,297.8,301.35,11310,2424370,14.335569,23235.85,23500.0,23350,ATM+5,PUT,23100,2026-06-11
2026-06-11 14:02:00+05:30,301.1,304.15,300.75,302.7,11310,2428010,14.248699,23232.8,23500.0,23350,ATM+5,PUT,23100,2026-06-11
2026-06-11 14:03:00+05:30,302.6,304.0,299.5,303.1,7020,2429765,14.549786,23236.25,23500.0,23350,ATM+5,PUT,23100,2026-06-11
2026-06-11 14:04:00+05:30,302.9,306.25,299.6,302.05,16185,2431065,14.448072,23236.35,23500.0,23350,ATM+5,PUT,23100,2026-06-11
2026-06-11 14:05:00+05:30,302.4,310.4,301.35,304.4,33865,2427815,14.388337,23232.25,23500.0,23350,ATM+5,PUT,23100,2026-06-11
2026-06-11 14:06:00+05:30,303.0,306.7,300.35,302.65,10985,2423525,14.249582,23232.85,23500.0,23350,ATM+5,PUT,23100,2026-06-11
2026-06-11 14:07:00+05:30,266.15,281.4,266.0,281.4,14820,520260,14.755855,23220.0,23450.0,23350,ATM+5,PUT,23100,2026-06-11
2026-06-11 14:08:00+05:30,278.7,287.4,278.7,286.8,25870,517010,14.61497,23210.05,23450.0,23350,ATM+5,PUT,23100,2026-06-11
2026-06-11 14:09:00+05:30,288.25,291.1,281.85,282.6,36400,505765,14.367964,23212.6,23450.0,23350,ATM+5,PUT,23100,2026-06-11
2026-06-11 14:10:00+05:30,282.9,285.35,277.15,283.95,17420,502905,14.644197,23214.6,23450.0,23350,ATM+5,PUT,23100,2026-06-11
2026-06-11 14:11:00+05:30,284.4,287.8,281.0,281.6,9360,500110,14.30273,23213.1,23450.0,23350,ATM+5,PUT,23100,2026-06-11
2026-06-11 14:12:00+05:30,283.1,286.2,280.0,284.55,13325,498420,14.41357,23210.4,23450.0,23350,ATM+5,PUT,23100,2026-06-11
2026-06-11 14:13:00+05:30,283.9,285.0,272.6,273.6,12220,499980,14.199917,23223.25,23450.0,23350,ATM+5,PUT,23100,2026-06-11
2026-06-11 14:14:00+05:30,273.05,278.25,270.0,278.2,11050,496145,14.426048,23219.8,23450.0,23350,ATM+5,PUT,23100,2026-06-11
2026-06-11 14:15:00+05:30,278.05,281.65,275.0,280.0,8775,496275,14.289849,23215.2,23450.0,23350,ATM+5,PUT,23100,2026-06-11
2026-06-11 14:16:00+05:30,277.9,280.0,274.35,279.2,5915,496080,14.286147,23216.3,23450.0,23350,ATM+5,PUT,23100,2026-06-11
2026-06-11 14:17:00+05:30,280.0,282.1,277.8,279.8,6630,498160,14.20427,23214.25,23450.0,23350,ATM+5,PUT,23100,2026-06-11
2026-06-11 14:18:00+05:30,281.9,287.5,279.8,286.8,10985,496210,14.47733,23208.0,23450.0,23350,ATM+5,PUT,23100,2026-06-11
2026-06-11 14:19:00+05:30,287.55,289.25,280.0,282.4,19695,491595,14.64554,23216.8,23450.0,23350,ATM+5,PUT,23100,2026-06-11
2026-06-11 14:20:00+05:30,277.65,282.4,271.4,273.75,12870,487760,14.202211,23223.0,23450.0,23350,ATM+5,PUT,23100,2026-06-11
2026-06-11 14:21:00+05:30,272.9,276.85,271.4,272.8,7735,487175,13.881351,23219.75,23450.0,23350,ATM+5,PUT,23100,2026-06-11
2026-06-11 14:22:00+05:30,277.9,278.2,272.8,276.5,11245,493220,14.273741,23220.0,23450.0,23350,ATM+5,PUT,23100,2026-06-11
2026-06-11 14:23:00+05:30,276.0,286.0,274.8,285.5,8385,491595,14.436232,23209.25,23450.0,23350,ATM+5,PUT,23100,2026-06-11
2026-06-11 14:24:00+05:30,285.45,287.0,283.5,283.65,20800,482950,14.043806,23206.4,23450.0,23350,ATM+5,PUT,23100,2026-06-11
2026-06-11 14:25:00+05:30,280.8,283.65,277.0,277.25,5265,483405,14.111455,23216.55,23450.0,23350,ATM+5,PUT,23100,2026-06-11
2026-06-11 14:26:00+05:30,314.45,315.15,305.15,307.9,30355,2323685,14.221976,23225.05,23500.0,23350,ATM+5,PUT,23100,2026-06-11
2026-06-11 14:27:00+05:30,307.05,308.75,302.65,306.15,42445,2318225,14.135877,23226.35,23500.0,23350,ATM+5,PUT,23100,2026-06-11
2026-06-11 14:28:00+05:30,302.0,306.15,286.7,286.7,75790,2302820,13.984579,23251.55,23500.0,23350,ATM+5,PUT,23100,2026-06-11
2026-06-11 14:29:00+05:30,286.9,299.75,286.45,297.45,44005,2312960,14.338807,23241.15,23500.0,23350,ATM+5,PUT,23100,2026-06-11
2026-06-11 14:30:00+05:30,298.65,305.6,293.55,294.25,45955,2317315,14.322877,23245.45,23500.0,23350,ATM+5,PUT,23100,2026-06-11
2026-06-11 14:31:00+05:30,295.0,298.9,293.75,297.0,11960,2315040,14.214869,23240.1,23500.0,23350,ATM+5,PUT,23100,2026-06-11
2026-06-11 14:32:00+05:30,299.0,302.65,295.0,295.0,23920,2316470,14.255026,23243.45,23500.0,23350,ATM+5,PUT,23100,2026-06-11
2026-06-11 14:33:00+05:30,297.7,308.85,295.0,308.85,21775,2323620,14.63354,23229.05,23500.0,23350,ATM+5,PUT,23100,2026-06-11
2026-06-11 14:34:00+05:30,307.9,310.65,303.6,306.2,30420,2310230,14.554401,23231.7,23500.0,23350,ATM+5,PUT,23100,2026-06-11
2026-06-11 14:35:00+05:30,306.2,306.6,298.9,304.85,22360,2311595,14.826176,23237.25,23500.0,23350,ATM+5,PUT,23100,2026-06-11
2026-06-11 14:36:00+05:30,268.4,281.0,268.0,281.0,15925,480285,14.271381,23213.3,23450.0,23350,ATM+5,PUT,23100,2026-06-11
2026-06-11 14:37:00+05:30,318.3,329.0,313.1,317.05,113620,2271165,15.273315,23226.05,23500.0,23350,ATM+5,PUT,23100,2026-06-11
2026-06-11 14:38:00+05:30,276.3,285.6,274.55,283.75,13845,450255,14.903063,23218.4,23450.0,23350,ATM+5,PUT,23100,2026-06-11
2026-06-11 14:39:00+05:30,284.8,294.7,283.75,287.35,31980,441935,15.175692,23217.1,23450.0,23350,ATM+5,PUT,23100,2026-06-11
2026-06-11 14:40:00+05:30,288.1,294.45,285.6,291.5,22945,446615,14.986831,23208.25,23450.0,23350,ATM+5,PUT,23100,2026-06-11
2026-06-11 14:41:00+05:30,292.5,298.0,290.0,290.7,24895,440505,15.28844,23213.8,23450.0,23350,ATM+5,PUT,23100,2026-06-11
2026-06-11 14:42:00+05:30,289.45,295.35,288.35,294.9,18980,439790,15.495691,23210.65,23450.0,23350,ATM+5,PUT,23100,2026-06-11
2026-06-11 14:43:00+05:30,294.4,306.75,292.2,306.75,32175,423345,15.771876,23197.3,23450.0,23350,ATM+5,PUT,23100,2026-06-11
2026-06-11 14:44:00+05:30,306.1,307.4,300.9,303.85,16965,424775,15.680451,23200.2,23450.0,23350,ATM+5,PUT,23100,2026-06-11
2026-06-11 14:45:00+05:30,301.65,308.1,301.65,306.45,18590,424970,15.739443,23197.25,23450.0,23350,ATM+5,PUT,23100,2026-06-11
2026-06-11 14:46:00+05:30,306.25,312.6,298.6,312.6,35490,421720,15.99787,23192.0,23450.0,23350,ATM+5,PUT,23100,2026-06-11
2026-06-11 14:47:00+05:30,277.8,294.95,274.7,290.95,296725,2147795,15.568773,23167.1,23400.0,23350,ATM+5,PUT,23100,2026-06-11
2026-06-11 14:48:00+05:30,329.15,331.35,316.15,317.1,17420,379600,15.629918,23180.35,23450.0,23350,ATM+5,PUT,23100,2026-06-11
2026-06-11 14:49:00+05:30,316.45,318.85,308.65,311.7,14105,377780,15.985564,23193.1,23450.0,23350,ATM+5,PUT,23100,2026-06-11
2026-06-11 14:50:00+05:30,277.0,288.0,275.35,288.0,93340,2084615,15.654229,23172.75,23400.0,23350,ATM+5,PUT,23100,2026-06-11
2026-06-11 14:51:00+05:30,285.25,288.6,279.85,286.15,78650,2074995,15.448275,23172.4,23400.0,23350,ATM+5,PUT,23100,2026-06-11
2026-06-11 14:52:00+05:30,285.3,288.45,283.7,287.3,47190,2064790,15.476654,23171.1,23400.0,23350,ATM+5,PUT,23100,2026-06-11
2026-06-11 14:53:00+05:30,287.95,287.95,282.05,283.7,28925,2051075,15.312861,23174.0,23400.0,23350,ATM+5,PUT,23100,2026-06-11
2026-06-11 14:54:00+05:30,282.15,287.8,282.15,284.8,38025,2048410,15.269343,23171.7,23400.0,23350,ATM+5,PUT,23100,2026-06-11
2026-06-11 14:55:00+05:30,285.25,287.7,281.85,283.6,51350,2034110,15.210794,23172.6,23400.0,23350,ATM+5,PUT,23100,2026-06-11
2026-06-11 14:56:00+05:30,282.75,287.9,282.0,287.5,37180,2022410,15.449333,23170.35,23400.0,23350,ATM+5,PUT,23100,2026-06-11
2026-06-11 14:57:00+05:30,286.8,290.7,284.55,287.7,58825,2009020,15.18988,23166.2,23400.0,23350,ATM+5,PUT,23100,2026-06-11
2026-06-11 14:58:00+05:30,287.75,288.05,284.25,285.0,19630,2009215,15.345645,23172.5,23400.0,23350,ATM+5,PUT,23100,2026-06-11
2026-06-11 14:59:00+05:30,319.2,327.0,317.45,322.1,9620,375700,15.91614,23177.05,23450.0,23350,ATM+5,PUT,23100,2026-06-11
2026-06-11 15:00:00+05:30,283.95,295.0,266.7,295.0,192400,1955915,15.086023,23154.0,23400.0,23350,ATM+5,PUT,23100,2026-06-11
2026-06-11 15:01:00+05:30,295.0,302.6,293.6,295.5,145730,1940055,15.077842,23153.15,23400.0,23350,ATM+5,PUT,23100,2026-06-11
2026-06-11 15:02:00+05:30,299.2,305.6,292.6,296.55,95940,1918215,15.577947,23158.8,23400.0,23350,ATM+5,PUT,23100,2026-06-11
2026-06-11 15:03:00+05:30,296.15,302.45,296.15,299.2,41730,1923350,15.807688,23158.25,23400.0,23350,ATM+5,PUT,23100,2026-06-11
2026-06-11 15:04:00+05:30,298.25,303.55,296.35,303.05,36790,1922440,15.274971,23145.0,23400.0,23350,ATM+5,PUT,23100,2026-06-11
2026-06-11 15:05:00+05:30,303.8,308.2,300.3,302.55,86840,1900990,15.405825,23147.55,23400.0,23350,ATM+5,PUT,23100,2026-06-11
2026-06-11 15:06:00+05:30,302.05,309.05,300.0,307.2,70915,1889355,15.297997,23139.35,23400.0,23350,ATM+5,PUT,23100,2026-06-11
2026-06-11 15:07:00+05:30,309.0,309.55,300.65,300.65,59085,1892475,15.251528,23148.1,23400.0,23350,ATM+5,PUT,23100,2026-06-11
2026-06-11 15:08:00+05:30,300.0,303.8,296.65,303.8,54535,1879930,14.727345,23136.4,23400.0,23350,ATM+5,PUT,23100,2026-06-11
2026-06-11 15:09:00+05:30,303.8,303.8,297.55,298.4,21190,1883310,14.713563,23143.85,23400.0,23350,ATM+5,PUT,23100,2026-06-11
2026-06-11 15:10:00+05:30,296.0,298.4,287.7,287.7,43615,1867970,14.178215,23151.75,23400.0,23350,ATM+5,PUT,23100,2026-06-11
2026-06-11 15:11:00+05:30,287.7,294.7,284.5,293.7,39130,1854320,14.241171,23144.1,23400.0,23350,ATM+5,PUT,23100,2026-06-11
2026-06-11 15:12:00+05:30,293.9,297.85,288.1,289.45,28990,1850420,14.346943,23151.55,23400.0,23350,ATM+5,PUT,23100,2026-06-11
2026-06-11 15:13:00+05:30,288.85,289.5,282.8,283.4,37115,1849640,14.463197,23161.85,23400.0,23350,ATM+5,PUT,23100,2026-06-11
2026-06-11 15:14:00+05:30,283.0,288.55,280.55,287.6,29835,1836705,15.164401,23165.8,23400.0,23350,ATM+5,PUT,23100,2026-06-11
2026-06-11 15:15:00+05:30,288.8,296.75,286.9,286.9,108680,1817725,15.13566,23166.4,23400.0,23350,ATM+5,PUT,23100,2026-06-11
2026-06-11 15:16:00+05:30,323.95,324.8,310.35,310.75,12220,352170,15.000432,23180.55,23450.0,23350,ATM+5,PUT,23100,2026-06-11
2026-06-11 15:17:00+05:30,307.6,312.5,306.9,310.3,7865,352040,15.054453,23181.9,23450.0,23350,ATM+5,PUT,23100,2026-06-11
2026-06-11 15:18:00+05:30,309.0,319.75,309.0,318.75,4225,351065,15.88031,23181.15,23450.0,23350,ATM+5,PUT,23100,2026-06-11
2026-06-11 15:19:00+05:30,282.3,288.35,281.85,286.05,36335,1796275,15.431874,23172.0,23400.0,23350,ATM+5,PUT,23100,2026-06-11
2026-06-11 15:20:00+05:30,322.45,323.4,317.15,317.7,11700,350350,15.557412,23178.2,23450.0,23350,ATM+5,PUT,23100,2026-06-11
2026-06-11 15:21:00+05:30,318.5,320.05,312.6,319.7,9230,351715,15.652843,23176.65,23450.0,23350,ATM+5,PUT,23100,2026-06-11
2026-06-11 15:22:00+05:30,282.7,286.5,280.2,286.1,29575,1772030,15.297975,23169.9,23400.0,23350,ATM+5,PUT,23100,2026-06-11
2026-06-11 15:23:00+05:30,286.85,289.1,281.8,282.5,21190,1769820,15.005607,23170.9,23400.0,23350,ATM+5,PUT,23100,2026-06-11
2026-06-11 15:24:00+05:30,282.0,283.0,279.3,281.55,29185,1768130,15.093734,23173.6,23400.0,23350,ATM+5,PUT,23100,2026-06-11
2026-06-11 15:25:00+05:30,281.55,282.0,272.55,272.55,51610,1760785,14.244136,23174.4,23400.0,23350,ATM+5,PUT,23100,2026-06-11
2026-06-11 15:26:00+05:30,306.5,311.2,302.35,303.25,7280,348530,13.900454,23176.6,23450.0,23350,ATM+5,PUT,23100,2026-06-11
2026-06-11 15:27:00+05:30,305.4,307.85,303.0,307.85,4420,347685,14.590844,23179.1,23450.0,23350,ATM+5,PUT,23100,2026-06-11
2026-06-11 15:28:00+05:30,305.7,308.35,305.05,306.6,8385,345865,14.530877,23180.05,23450.0,23350,ATM+5,PUT,23100,2026-06-11
2026-06-11 15:29:00+05:30,305.65,306.6,299.7,303.1,21125,341055,14.652127,23186.55,23450.0,23350,ATM+5,PUT,23100,2026-06-11
2026-06-11 09:15:00+05:30,64.0,71.0,55.15,64.6,1327755,6038500,14.316744,23104.4,23400.0,23400,ATM+6,CALL,23100,2026-06-11
2026-06-11 09:16:00+05:30,64.8,64.8,56.85,57.05,894920,6071195,14.104314,23082.3,23400.0,23400,ATM+6,CALL,23100,2026-06-11
2026-06-11 09:17:00+05:30,57.25,60.35,56.55,60.0,550160,6188910,14.141123,23092.9,23400.0,23400,ATM+6,CALL,23100,2026-06-11
2026-06-11 09:18:00+05:30,60.2,63.45,60.0,60.75,512070,6220630,14.022982,23100.1,23400.0,23400,ATM+6,CALL,23100,2026-06-11
2026-06-11 09:19:00+05:30,61.25,63.75,60.75,63.75,302315,6280950,13.90188,23115.85,23400.0,23400,ATM+6,CALL,23100,2026-06-11
2026-06-11 09:20:00+05:30,52.25,53.75,50.65,53.25,202735,2147405,13.745084,23128.6,23450.0,23400,ATM+6,CALL,23100,2026-06-11
2026-06-11 09:21:00+05:30,53.25,57.75,52.65,56.4,228280,2168270,13.725311,23142.45,23450.0,23400,ATM+6,CALL,23100,2026-06-11
2026-06-11 09:22:00+05:30,56.05,57.4,53.75,55.6,233805,2193620,13.624299,23142.9,23450.0,23400,ATM+6,CALL,23100,2026-06-11
2026-06-11 09:23:00+05:30,55.45,56.75,52.95,54.15,187200,2210650,13.670624,23135.25,23450.0,23400,ATM+6,CALL,23100,2026-06-11
2026-06-11 09:24:00+05:30,66.4,67.3,62.25,62.3,359645,6386120,13.723916,23116.8,23400.0,23400,ATM+6,CALL,23100,2026-06-11
2026-06-11 09:25:00+05:30,61.5,63.0,60.6,60.8,313170,6398730,13.784405,23109.0,23400.0,23400,ATM+6,CALL,23100,2026-06-11
2026-06-11 09:26:00+05:30,60.95,62.6,60.1,61.7,278850,6438510,13.925794,23107.5,23400.0,23400,ATM+6,CALL,23100,2026-06-11
2026-06-11 09:27:00+05:30,61.5,62.9,58.15,60.05,381290,6458400,13.917289,23101.45,23400.0,23400,ATM+6,CALL,23100,2026-06-11
2026-06-11 09:28:00+05:30,60.4,63.25,60.05,62.75,247650,6461325,13.753393,23117.6,23400.0,23400,ATM+6,CALL,23100,2026-06-11
2026-06-11 09:29:00+05:30,63.0,64.8,61.55,63.9,250640,6490705,13.75392,23121.9,23400.0,23400,ATM+6,CALL,23100,2026-06-11
2026-06-11 09:30:00+05:30,63.6,63.9,59.2,60.15,300495,6507475,13.680369,23110.35,23400.0,23400,ATM+6,CALL,23100,2026-06-11
2026-06-11 09:31:00+05:30,60.0,61.85,58.35,61.85,258245,6485960,13.679525,23116.9,23400.0,23400,ATM+6,CALL,23100,2026-06-11
2026-06-11 09:32:00+05:30,62.4,63.45,60.35,60.35,207090,6492200,13.602142,23113.95,23400.0,23400,ATM+6,CALL,23100,2026-06-11
2026-06-11 09:33:00+05:30,60.05,60.35,56.55,57.05,298350,6522750,13.587729,23101.6,23400.0,23400,ATM+6,CALL,23100,2026-06-11
2026-06-11 09:34:00+05:30,56.8,59.45,56.65,58.95,181870,6633900,13.572921,23109.65,23400.0,23400,ATM+6,CALL,23100,2026-06-11
2026-06-11 09:35:00+05:30,58.95,59.2,55.9,56.25,178945,6668220,13.629577,23096.95,23400.0,23400,ATM+6,CALL,23100,2026-06-11
2026-06-11 09:36:00+05:30,56.3,59.05,56.15,59.05,215930,6743555,13.5097,23112.35,23400.0,23400,ATM+6,CALL,23100,2026-06-11
2026-06-11 09:37:00+05:30,59.05,61.25,58.65,60.45,253175,6737835,13.464348,23119.35,23400.0,23400,ATM+6,CALL,23100,2026-06-11
2026-06-11 09:38:00+05:30,49.45,51.7,49.2,51.3,103740,2376465,13.501772,23129.95,23450.0,23400,ATM+6,CALL,23100,2026-06-11
2026-06-11 09:39:00+05:30,51.3,52.75,51.1,51.85,132015,2365415,13.501694,23132.35,23450.0,23400,ATM+6,CALL,23100,2026-06-11
2026-06-11 09:40:00+05:30,63.95,64.0,60.0,60.0,331695,6710340,13.407184,23119.75,23400.0,23400,ATM+6,CALL,23100,2026-06-11
2026-06-11 09:41:00+05:30,60.0,61.15,59.0,60.45,166855,6685250,13.439751,23120.35,23400.0,23400,ATM+6,CALL,23100,2026-06-11
2026-06-11 09:42:00+05:30,60.6,61.0,58.3,59.85,109200,6706505,13.385767,23120.0,23400.0,23400,ATM+6,CALL,23100,2026-06-11
2026-06-11 09:43:00+05:30,49.2,52.95,48.6,52.55,100035,2376140,13.343615,23141.3,23450.0,23400,ATM+6,CALL,23100,2026-06-11
2026-06-11 09:44:00+05:30,53.25,54.0,52.35,53.2,128505,2375295,13.33813,23144.25,23450.0,23400,ATM+6,CALL,23100,2026-06-11
2026-06-11 09:45:00+05:30,53.3,54.7,51.45,53.35,144495,2371200,13.317848,23145.65,23450.0,23400,ATM+6,CALL,23100,2026-06-11
2026-06-11 09:46:00+05:30,53.2,54.85,52.05,54.75,117390,2346825,13.234344,23154.45,23450.0,23400,ATM+6,CALL,23100,2026-06-11
2026-06-11 09:47:00+05:30,54.55,54.85,53.2,53.35,103415,2325115,13.208928,23149.7,23450.0,23400,ATM+6,CALL,23100,2026-06-11
2026-06-11 09:48:00+05:30,53.7,53.95,51.45,51.45,74425,2358850,13.217321,23141.5,23450.0,23400,ATM+6,CALL,23100,2026-06-11
2026-06-11 09:49:00+05:30,51.5,54.45,51.45,54.35,95420,2368470,13.224247,23153.3,23450.0,23400,ATM+6,CALL,23100,2026-06-11
2026-06-11 09:50:00+05:30,54.3,57.9,52.5,57.4,169195,2347410,13.296275,23162.9,23450.0,23400,ATM+6,CALL,23100,2026-06-11
2026-06-11 09:51:00+05:30,56.95,58.9,56.3,58.25,183560,2315625,13.260781,23167.5,23450.0,23400,ATM+6,CALL,23100,2026-06-11
2026-06-11 09:52:00+05:30,57.9,58.9,56.2,58.15,106145,2317185,13.157625,23170.8,23450.0,23400,ATM+6,CALL,23100,2026-06-11
2026-06-11 09:53:00+05:30,58.2,59.65,57.4,58.25,89635,2296125,13.126997,23172.3,23450.0,23400,ATM+6,CALL,23100,2026-06-11
2026-06-11 09:54:00+05:30,58.2,58.25,54.55,54.65,104195,2290275,13.288855,23152.35,23450.0,23400,ATM+6,CALL,23100,2026-06-11
2026-06-11 09:55:00+05:30,54.9,54.95,51.8,52.65,138060,2286700,13.351656,23141.85,23450.0,23400,ATM+6,CALL,23100,2026-06-11
2026-06-11 09:56:00+05:30,52.3,54.35,51.9,51.9,88335,2284100,13.303632,23140.5,23450.0,23400,ATM+6,CALL,23100,2026-06-11
2026-06-11 09:57:00+05:30,51.4,51.9,49.35,49.7,88530,2286635,13.302148,23131.15,23450.0,23400,ATM+6,CALL,23100,2026-06-11
2026-06-11 09:58:00+05:30,60.9,60.9,57.6,57.6,438295,6634290,13.306016,23114.7,23400.0,23400,ATM+6,CALL,23100,2026-06-11
2026-06-11 09:59:00+05:30,58.0,60.05,57.1,57.8,304330,6739070,13.247082,23117.6,23400.0,23400,ATM+6,CALL,23100,2026-06-11
2026-06-11 10:00:00+05:30,47.1,49.95,47.05,49.7,135915,2313285,13.330434,23130.2,23450.0,23400,ATM+6,CALL,23100,2026-06-11
2026-06-11 10:01:00+05:30,50.1,50.65,49.4,49.9,85280,2325960,13.293179,23132.5,23450.0,23400,ATM+6,CALL,23100,2026-06-11
2026-06-11 10:02:00+05:30,61.0,61.2,58.6,58.9,127660,6864390,13.219567,23122.9,23400.0,23400,ATM+6,CALL,23100,2026-06-11
2026-06-11 10:03:00+05:30,59.4,61.05,58.0,58.75,116415,6879015,13.262542,23120.85,23400.0,23400,ATM+6,CALL,23100,2026-06-11
2026-06-11 10:04:00+05:30,58.75,59.5,56.4,56.4,238290,6921785,13.352013,23108.55,23400.0,23400,ATM+6,CALL,23100,2026-06-11
2026-06-11 10:05:00+05:30,56.6,57.9,55.15,57.8,329615,7005830,13.409451,23112.05,23400.0,23400,ATM+6,CALL,23100,2026-06-11
2026-06-11 10:06:00+05:30,46.9,50.95,46.5,50.65,141115,2381015,13.256008,23137.3,23450.0,23400,ATM+6,CALL,23100,2026-06-11
2026-06-11 10:07:00+05:30,50.4,52.95,49.95,52.5,92365,2384330,13.183918,23147.8,23450.0,23400,ATM+6,CALL,23100,2026-06-11
2026-06-11 10:08:00+05:30,52.7,55.5,52.0,55.25,144105,2381080,13.243425,23156.9,23450.0,23400,ATM+6,CALL,23100,2026-06-11
2026-06-11 10:09:00+05:30,55.65,56.0,53.9,53.9,104650,2360215,13.092261,23156.95,23450.0,23400,ATM+6,CALL,23100,2026-06-11
2026-06-11 10:10:00+05:30,53.7,55.65,53.4,54.05,85020,2356380,13.072663,23158.3,23450.0,23400,ATM+6,CALL,23100,2026-06-11
2026-06-11 10:11:00+05:30,53.9,55.85,53.75,55.65,61360,2352155,13.120875,23163.0,23450.0,23400,ATM+6,CALL,23100,2026-06-11
2026-06-11 10:12:00+05:30,55.65,55.95,53.55,53.65,59215,2355665,13.075398,23156.65,23450.0,23400,ATM+6,CALL,23100,2026-06-11
2026-06-11 10:13:00+05:30,53.75,55.1,53.65,54.55,47125,2344615,13.091141,23159.75,23450.0,23400,ATM+6,CALL,23100,2026-06-11
2026-06-11 10:14:00+05:30,54.5,55.6,51.25,51.6,100555,2340715,13.096384,23147.5,23450.0,23400,ATM+6,CALL,23100,2026-06-11
2026-06-11 10:15:00+05:30,52.0,54.35,51.6,53.6,63180,2334735,13.038129,23157.9,23450.0,23400,ATM+6,CALL,23100,2026-06-11
2026-06-11 10:16:00+05:30,54.0,55.7,53.6,54.15,95615,2347085,12.90498,23164.95,23450.0,23400,ATM+6,CALL,23100,2026-06-11
2026-06-11 10:17:00+05:30,54.4,57.1,54.15,56.65,98410,2347475,13.064338,23169.15,23450.0,23400,ATM+6,CALL,23100,2026-06-11
2026-06-11 10:18:00+05:30,56.7,58.1,54.7,57.65,98020,2360800,13.065865,23173.0,23450.0,23400,ATM+6,CALL,23100,2026-06-11
2026-06-11 10:19:00+05:30,46.4,47.8,46.0,47.8,352105,7561905,13.017291,23183.15,23500.0,23400,ATM+6,CALL,23100,2026-06-11
2026-06-11 10:20:00+05:30,47.75,50.6,46.5,50.1,579345,7555080,13.096221,23190.25,23500.0,23400,ATM+6,CALL,23100,2026-06-11
2026-06-11 10:21:00+05:30,49.7,50.1,46.8,47.0,385710,7514585,12.951458,23182.15,23500.0,23400,ATM+6,CALL,23100,2026-06-11
2026-06-11 10:22:00+05:30,47.95,48.3,46.8,47.25,267085,7500675,13.041435,23179.9,23500.0,23400,ATM+6,CALL,23100,2026-06-11
2026-06-11 10:23:00+05:30,47.2,48.85,47.05,47.45,202865,7469540,13.02232,23181.55,23500.0,23400,ATM+6,CALL,23100,2026-06-11
2026-06-11 10:24:00+05:30,47.75,47.95,46.45,47.35,277355,7468045,13.059115,23179.75,23500.0,23400,ATM+6,CALL,23100,2026-06-11
2026-06-11 10:25:00+05:30,47.25,47.85,46.15,46.4,140400,7385235,12.958069,23179.35,23500.0,23400,ATM+6,CALL,23100,2026-06-11
2026-06-11 10:26:00+05:30,46.6,50.05,46.25,49.7,324740,7371845,12.977705,23193.15,23500.0,23400,ATM+6,CALL,23100,2026-06-11
2026-06-11 10:27:00+05:30,49.35,53.5,49.35,53.2,609245,7309380,12.983057,23207.6,23500.0,23400,ATM+6,CALL,23100,2026-06-11
2026-06-11 10:28:00+05:30,53.2,53.95,49.85,50.95,405730,7332910,12.953923,23199.4,23500.0,23400,ATM+6,CALL,23100,2026-06-11
2026-06-11 10:29:00+05:30,50.8,52.8,50.6,51.3,217165,7324850,12.992039,23199.5,23500.0,23400,ATM+6,CALL,23100,2026-06-11
2026-06-11 10:30:00+05:30,51.7,53.1,47.9,48.65,482820,7353905,12.973868,23188.9,23500.0,23400,ATM+6,CALL,23100,2026-06-11
2026-06-11 10:31:00+05:30,48.5,50.05,47.65,49.7,292760,7318545,12.820507,23199.15,23500.0,23400,ATM+6,CALL,23100,2026-06-11
2026-06-11 10:32:00+05:30,49.55,52.0,48.65,51.05,210080,7363590,12.843862,23204.0,23500.0,23400,ATM+6,CALL,23100,2026-06-11
2026-06-11 10:33:00+05:30,50.65,51.05,48.65,50.05,142610,7373275,12.86794,23198.95,23500.0,23400,ATM+6,CALL,23100,2026-06-11
2026-06-11 10:34:00+05:30,49.7,50.5,49.2,49.9,90285,7383870,12.801581,23200.8,23500.0,23400,ATM+6,CALL,23100,2026-06-11
2026-06-11 10:35:00+05:30,50.05,51.95,49.85,50.0,169715,7385235,12.7977,23201.4,23500.0,23400,ATM+6,CALL,23100,2026-06-11
2026-06-11 10:36:00+05:30,50.05,50.05,48.35,49.35,209430,7390240,12.864587,23196.2,23500.0,23400,ATM+6,CALL,23100,2026-06-11
2026-06-11 10:37:00+05:30,49.3,50.3,48.15,48.8,141180,7384650,12.917544,23191.9,23500.0,23400,ATM+6,CALL,23100,2026-06-11
2026-06-11 10:38:00+05:30,48.6,50.65,48.6,50.35,120120,7357350,12.902951,23199.1,23500.0,23400,ATM+6,CALL,23100,2026-06-11
2026-06-11 10:39:00+05:30,50.4,52.7,50.0,51.85,182910,7344935,12.846665,23207.45,23500.0,23400,ATM+6,CALL,23100,2026-06-11
2026-06-11 10:40:00+05:30,51.9,53.0,50.85,53.0,233870,7336355,12.840507,23212.4,23500.0,23400,ATM+6,CALL,23100,2026-06-11
2026-06-11 10:41:00+05:30,52.75,53.0,50.55,50.55,212615,7334145,12.81042,23203.45,23500.0,23400,ATM+6,CALL,23100,2026-06-11
2026-06-11 10:42:00+05:30,50.75,51.5,49.65,51.4,162825,7355790,12.842433,23205.85,23500.0,23400,ATM+6,CALL,23100,2026-06-11
2026-06-11 10:43:00+05:30,51.45,52.0,50.4,50.7,85475,7352865,12.866148,23202.1,23500.0,23400,ATM+6,CALL,23100,2026-06-11
2026-06-11 10:44:00+05:30,50.7,51.5,49.65,51.2,113620,7353645,12.848979,23204.85,23500.0,23400,ATM+6,CALL,23100,2026-06-11
2026-06-11 10:45:00+05:30,50.95,51.2,48.9,51.05,141245,7356960,12.839714,23204.6,23500.0,23400,ATM+6,CALL,23100,2026-06-11
2026-06-11 10:46:00+05:30,50.85,52.15,50.0,50.15,140790,7331805,12.683732,23206.6,23500.0,23400,ATM+6,CALL,23100,2026-06-11
2026-06-11 10:47:00+05:30,50.3,51.7,49.8,51.55,117845,7345650,12.740728,23210.35,23500.0,23400,ATM+6,CALL,23100,2026-06-11
2026-06-11 10:48:00+05:30,51.8,52.5,49.45,50.35,200135,7313670,12.7329,23205.7,23500.0,23400,ATM+6,CALL,23100,2026-06-11
2026-06-11 10:49:00+05:30,50.4,50.55,48.3,48.3,146900,7318870,12.821105,23193.75,23500.0,23400,ATM+6,CALL,23100,2026-06-11
2026-06-11 10:50:00+05:30,48.25,48.35,46.3,46.4,324545,7243795,12.795259,23186.4,23500.0,23400,ATM+6,CALL,23100,2026-06-11
2026-06-11 10:51:00+05:30,46.65,49.55,46.4,47.9,166400,7230925,12.876758,23190.0,23500.0,23400,ATM+6,CALL,23100,2026-06-11
2026-06-11 10:52:00+05:30,48.0,49.2,47.05,47.2,129025,7230665,12.847634,23188.05,23500.0,23400,ATM+6,CALL,23100,2026-06-11
2026-06-11 10:53:00+05:30,59.15,59.15,55.4,55.5,110825,2288065,12.810263,23174.9,23450.0,23400,ATM+6,CALL,23100,2026-06-11
2026-06-11 10:54:00+05:30,55.6,57.1,54.7,56.3,79365,2280590,12.904616,23174.7,23450.0,23400,ATM+6,CALL,23100,2026-06-11
2026-06-11 10:55:00+05:30,55.85,56.65,54.45,55.55,67925,2285010,12.865598,23173.2,23450.0,23400,ATM+6,CALL,23100,2026-06-11
2026-06-11 10:56:00+05:30,44.45,45.8,43.9,45.35,122720,7231380,12.850158,23179.8,23500.0,23400,ATM+6,CALL,23100,2026-06-11
2026-06-11 10:57:00+05:30,45.4,45.65,44.0,44.65,135005,7272460,12.832602,23177.3,23500.0,23400,ATM+6,CALL,23100,2026-06-11
2026-06-11 10:58:00+05:30,44.25,45.25,43.7,43.85,124605,7296380,12.779932,23175.65,23500.0,23400,ATM+6,CALL,23100,2026-06-11
2026-06-11 10:59:00+05:30,43.8,45.15,42.65,44.9,152815,7310485,12.884225,23176.55,23500.0,23400,ATM+6,CALL,23100,2026-06-11
2026-06-11 11:00:00+05:30,56.1,57.4,53.85,54.1,39065,2310945,12.815409,23169.45,23450.0,23400,ATM+6,CALL,23100,2026-06-11
2026-06-11 11:01:00+05:30,53.8,55.65,52.95,54.0,109525,2301520,12.869532,23167.15,23450.0,23400,ATM+6,CALL,23100,2026-06-11
2026-06-11 11:02:00+05:30,54.3,55.0,53.4,53.6,91975,2305160,12.804995,23167.9,23450.0,23400,ATM+6,CALL,23100,2026-06-11
2026-06-11 11:03:00+05:30,42.65,45.35,42.35,45.35,161590,7328165,12.839633,23180.45,23500.0,23400,ATM+6,CALL,23100,2026-06-11
2026-06-11 11:04:00+05:30,45.55,46.7,44.75,45.0,283530,7298720,12.768411,23181.6,23500.0,23400,ATM+6,CALL,23100,2026-06-11
2026-06-11 11:05:00+05:30,45.5,48.95,45.0,48.5,299845,7282470,12.696486,23199.8,23500.0,23400,ATM+6,CALL,23100,2026-06-11
2026-06-11 11:06:00+05:30,48.55,49.6,46.85,49.2,280735,7294950,12.659002,23204.2,23500.0,23400,ATM+6,CALL,23100,2026-06-11
2026-06-11 11:07:00+05:30,49.6,50.2,45.9,45.9,245830,7328880,12.655173,23190.05,23500.0,23400,ATM+6,CALL,23100,2026-06-11
2026-06-11 11:08:00+05:30,46.0,47.8,45.25,46.8,140270,7342140,12.635612,23194.8,23500.0,23400,ATM+6,CALL,23100,2026-06-11
2026-06-11 11:09:00+05:30,46.55,46.8,43.85,46.05,170235,7355985,12.581728,23193.55,23500.0,23400,ATM+6,CALL,23100,2026-06-11
2026-06-11 11:10:00+05:30,46.0,46.4,44.65,46.35,106730,7372560,12.672566,23191.5,23500.0,23400,ATM+6,CALL,23100,2026-06-11
2026-06-11 11:11:00+05:30,45.85,46.7,45.1,45.35,117845,7397520,12.616208,23189.2,23500.0,23400,ATM+6,CALL,23100,2026-06-11
2026-06-11 11:12:00+05:30,45.55,45.7,44.45,45.25,69875,7414290,12.663414,23187.0,23500.0,23400,ATM+6,CALL,23100,2026-06-11
2026-06-11 11:13:00+05:30,45.35,46.55,44.7,45.5,255450,7428785,12.74036,23185.25,23500.0,23400,ATM+6,CALL,23100,2026-06-11
2026-06-11 11:14:00+05:30,45.45,46.2,44.2,45.05,89115,7462975,12.741633,23183.2,23500.0,23400,ATM+6,CALL,23100,2026-06-11
2026-06-11 11:15:00+05:30,44.9,46.45,44.35,45.85,128440,7457125,12.704433,23188.25,23500.0,23400,ATM+6,CALL,23100,2026-06-11
2026-06-11 11:16:00+05:30,45.65,46.4,44.8,45.75,77220,7449260,12.661688,23189.45,23500.0,23400,ATM+6,CALL,23100,2026-06-11
2026-06-11 11:17:00+05:30,45.7,47.05,44.75,46.4,151645,7416500,12.619683,23193.95,23500.0,23400,ATM+6,CALL,23100,2026-06-11
2026-06-11 11:18:00+05:30,46.55,49.35,45.95,48.85,186420,7407335,12.60417,23205.15,23500.0,23400,ATM+6,CALL,23100,2026-06-11
2026-06-11 11:19:00+05:30,49.0,50.0,47.75,48.15,190385,7403760,12.570457,23203.45,23500.0,23400,ATM+6,CALL,23100,2026-06-11
2026-06-11 11:20:00+05:30,48.05,50.9,47.45,50.45,222365,7391670,12.586712,23212.55,23500.0,23400,ATM+6,CALL,23100,2026-06-11
2026-06-11 11:21:00+05:30,50.7,53.45,50.45,52.85,327470,7381465,12.643061,23220.3,23500.0,23400,ATM+6,CALL,23100,2026-06-11
2026-06-11 11:22:00+05:30,52.5,52.95,50.85,51.0,290160,7348900,12.60819,23214.1,23500.0,23400,ATM+6,CALL,23100,2026-06-11
2026-06-11 11:23:00+05:30,50.9,53.0,50.25,50.55,253890,7367555,12.587101,23213.05,23500.0,23400,ATM+6,CALL,23100,2026-06-11
2026-06-11 11:24:00+05:30,50.6,52.3,49.8,52.15,213980,7383090,12.617725,23218.5,23500.0,23400,ATM+6,CALL,23100,2026-06-11
2026-06-11 11:25:00+05:30,52.5,53.35,51.45,51.6,268060,7311720,12.63171,23215.8,23500.0,23400,ATM+6,CALL,23100,2026-06-11
2026-06-11 11:26:00+05:30,40.95,44.2,40.8,43.95,187525,1893320,12.714635,23228.5,23550.0,23400,ATM+6,CALL,23100,2026-06-11
2026-06-11 11:27:00+05:30,44.7,46.9,43.95,46.35,309855,1829230,12.855604,23234.1,23550.0,23400,ATM+6,CALL,23100,2026-06-11
2026-06-11 11:28:00+05:30,46.35,46.5,44.5,45.1,122655,1841320,12.65646,23236.05,23550.0,23400,ATM+6,CALL,23100,2026-06-11
2026-06-11 11:29:00+05:30,45.05,45.75,43.45,45.45,84760,1851265,12.714897,23235.45,23550.0,23400,ATM+6,CALL,23100,2026-06-11
2026-06-11 11:30:00+05:30,45.65,47.25,44.35,44.5,180050,1846195,12.582735,23236.2,23550.0,23400,ATM+6,CALL,23100,2026-06-11
2026-06-11 11:31:00+05:30,44.7,45.5,42.55,43.1,103480,1861990,12.673491,23226.3,23550.0,23400,ATM+6,CALL,23100,2026-06-11
2026-06-11 11:32:00+05:30,43.15,43.3,41.75,42.7,162565,1872065,12.629553,23226.15,23550.0,23400,ATM+6,CALL,23100,2026-06-11
2026-06-11 11:33:00+05:30,42.95,45.5,42.7,44.75,67210,1834755,12.685104,23233.55,23550.0,23400,ATM+6,CALL,23100,2026-06-11
2026-06-11 11:34:00+05:30,44.35,44.75,42.4,42.4,63570,1837810,12.589569,23226.35,23550.0,23400,ATM+6,CALL,23100,2026-06-11
2026-06-11 11:35:00+05:30,42.65,44.35,41.45,44.35,67080,1840540,12.618012,23234.35,23550.0,23400,ATM+6,CALL,23100,2026-06-11
2026-06-11 11:36:00+05:30,55.6,56.1,52.0,52.05,179595,7215650,12.53019,23221.65,23500.0,23400,ATM+6,CALL,23100,2026-06-11
2026-06-11 11:37:00+05:30,51.9,53.15,51.9,52.05,120640,7224620,12.631151,23218.05,23500.0,23400,ATM+6,CALL,23100,2026-06-11
2026-06-11 11:38:00+05:30,52.1,52.6,50.4,50.4,187655,7229105,12.522164,23215.3,23500.0,23400,ATM+6,CALL,23100,2026-06-11
2026-06-11 11:39:00+05:30,50.65,52.5,49.7,52.1,250120,7243925,12.502368,23222.95,23500.0,23400,ATM+6,CALL,23100,2026-06-11
2026-06-11 11:40:00+05:30,52.15,53.2,51.55,51.8,162110,7249645,12.467002,23223.05,23500.0,23400,ATM+6,CALL,23100,2026-06-11
2026-06-11 11:41:00+05:30,40.85,43.2,40.5,42.85,59345,1869595,12.548333,23230.3,23550.0,23400,ATM+6,CALL,23100,2026-06-11
2026-06-11 11:42:00+05:30,42.7,46.9,42.45,46.25,123045,1862900,12.578996,23244.6,23550.0,23400,ATM+6,CALL,23100,2026-06-11
2026-06-11 11:43:00+05:30,46.55,46.55,44.85,45.6,73515,1848275,12.584339,23241.55,23550.0,23400,ATM+6,CALL,23100,2026-06-11
2026-06-11 11:44:00+05:30,45.5,48.9,45.3,48.9,137150,1846650,12.644476,23253.7,23550.0,23400,ATM+6,CALL,23100,2026-06-11
2026-06-11 11:45:00+05:30,49.5,50.75,48.2,49.15,186225,1842880,12.664662,23254.05,23550.0,23400,ATM+6,CALL,23100,2026-06-11
2026-06-11 11:46:00+05:30,49.0,50.45,48.75,50.3,74815,1850095,12.695012,23257.8,23550.0,23400,ATM+6,CALL,23100,2026-06-11
2026-06-11 11:47:00+05:30,50.65,54.35,49.1,54.25,201175,1849445,12.824562,23269.2,23550.0,23400,ATM+6,CALL,23100,2026-06-11
2026-06-11 11:48:00+05:30,54.45,54.85,50.95,52.7,180375,1825655,12.676772,23268.35,23550.0,23400,ATM+6,CALL,23100,2026-06-11
2026-06-11 11:49:00+05:30,52.45,52.7,50.3,51.75,122135,1819740,12.658554,23265.2,23550.0,23400,ATM+6,CALL,23100,2026-06-11
2026-06-11 11:50:00+05:30,52.0,54.05,51.75,53.5,102960,1829035,12.615659,23273.8,23550.0,23400,ATM+6,CALL,23100,2026-06-11
2026-06-11 11:51:00+05:30,53.7,54.6,52.65,52.65,136175,1828385,12.658725,23268.9,23550.0,23400,ATM+6,CALL,23100,2026-06-11
2026-06-11 11:52:00+05:30,52.5,53.55,51.6,53.5,75660,1823120,12.720918,23270.1,23550.0,23400,ATM+6,CALL,23100,2026-06-11
2026-06-11 11:53:00+05:30,53.25,53.7,52.6,53.25,54015,1838070,12.582377,23274.1,23550.0,23400,ATM+6,CALL,23100,2026-06-11
2026-06-11 11:54:00+05:30,53.6,55.3,52.45,53.1,90545,1827475,12.598805,23272.95,23550.0,23400,ATM+6,CALL,23100,2026-06-11
2026-06-11 11:55:00+05:30,53.45,55.15,53.1,53.45,69940,1816620,12.614805,23273.8,23550.0,23400,ATM+6,CALL,23100,2026-06-11
2026-06-11 11:56:00+05:30,42.2,47.25,41.5,46.2,267670,4838340,12.804093,23285.3,23600.0,23400,ATM+6,CALL,23100,2026-06-11
2026-06-11 11:57:00+05:30,46.4,46.4,44.65,45.7,168415,4831970,12.754941,23284.95,23600.0,23400,ATM+6,CALL,23100,2026-06-11
2026-06-11 11:58:00+05:30,45.8,47.65,45.2,45.75,213590,4830020,12.604429,23290.9,23600.0,23400,ATM+6,CALL,23100,2026-06-11
2026-06-11 11:59:00+05:30,45.75,45.85,43.85,44.0,154310,4835350,12.600878,23283.15,23600.0,23400,ATM+6,CALL,23100,2026-06-11
2026-06-11 12:00:00+05:30,44.7,46.3,44.0,44.35,98280,4842500,12.607132,23284.55,23600.0,23400,ATM+6,CALL,23100,2026-06-11
2026-06-11 12:01:00+05:30,44.15,46.65,44.15,46.0,88140,4844515,12.699068,23288.55,23600.0,23400,ATM+6,CALL,23100,2026-06-11
2026-06-11 12:02:00+05:30,45.8,46.4,44.85,45.4,99385,4847895,12.704154,23285.7,23600.0,23400,ATM+6,CALL,23100,2026-06-11
2026-06-11 12:03:00+05:30,45.1,46.8,44.9,46.25,125970,4835675,12.692024,23290.0,23600.0,23400,ATM+6,CALL,23100,2026-06-11
2026-06-11 12:04:00+05:30,46.0,46.25,44.65,44.95,95615,4847830,12.626045,23286.7,23600.0,23400,ATM+6,CALL,23100,2026-06-11
2026-06-11 12:05:00+05:30,45.1,45.5,42.2,43.25,187590,4809155,12.568196,23281.15,23600.0,23400,ATM+6,CALL,23100,2026-06-11
2026-06-11 12:06:00+05:30,43.55,44.55,42.55,44.35,108225,4800900,12.676986,23282.1,23600.0,23400,ATM+6,CALL,23100,2026-06-11
2026-06-11 12:07:00+05:30,44.1,46.65,44.1,46.5,145535,4810000,12.717284,23290.3,23600.0,23400,ATM+6,CALL,23100,2026-06-11
2026-06-11 12:08:00+05:30,46.6,46.6,44.0,45.0,86775,4812730,12.688434,23284.7,23600.0,23400,ATM+6,CALL,23100,2026-06-11
2026-06-11 12:09:00+05:30,44.8,45.25,43.8,43.8,74295,4817670,12.583477,23283.25,23600.0,23400,ATM+6,CALL,23100,2026-06-11
2026-06-11 12:10:00+05:30,43.95,44.15,42.85,43.35,114985,4825665,12.648817,23278.7,23600.0,23400,ATM+6,CALL,23100,2026-06-11
2026-06-11 12:11:00+05:30,43.25,43.9,41.85,42.25,132470,4816370,12.545626,23277.55,23600.0,23400,ATM+6,CALL,23100,2026-06-11
2026-06-11 12:12:00+05:30,42.15,43.25,41.6,43.05,70720,4818450,12.495687,23283.25,23600.0,23400,ATM+6,CALL,23100,2026-06-11
2026-06-11 12:13:00+05:30,43.55,44.2,42.35,43.7,81380,4809610,12.491314,23286.45,23600.0,23400,ATM+6,CALL,23100,2026-06-11
2026-06-11 12:14:00+05:30,43.35,44.35,42.4,44.35,58630,4817605,12.541293,23287.55,23600.0,23400,ATM+6,CALL,23100,2026-06-11
2026-06-11 12:15:00+05:30,44.2,48.4,44.2,47.7,272285,4818710,12.576122,23301.1,23600.0,23400,ATM+6,CALL,23100,2026-06-11
2026-06-11 12:16:00+05:30,47.7,48.6,45.05,48.15,216125,4818580,12.540096,23304.4,23600.0,23400,ATM+6,CALL,23100,2026-06-11
2026-06-11 12:17:00+05:30,48.35,49.1,45.35,45.8,226005,4817020,12.448526,23297.65,23600.0,23400,ATM+6,CALL,23100,2026-06-11
2026-06-11 12:18:00+05:30,45.65,46.1,44.55,44.9,124930,4820400,12.432242,23294.3,23600.0,23400,ATM+6,CALL,23100,2026-06-11
2026-06-11 12:19:00+05:30,44.85,45.2,43.65,43.75,156780,4832945,12.422769,23289.5,23600.0,23400,ATM+6,CALL,23100,2026-06-11
2026-06-11 12:20:00+05:30,43.6,44.5,42.25,42.4,122005,4818905,12.405972,23283.95,23600.0,23400,ATM+6,CALL,23100,2026-06-11
2026-06-11 12:21:00+05:30,42.6,43.3,41.7,42.9,427765,5095350,12.487129,23283.2,23600.0,23400,ATM+6,CALL,23100,2026-06-11
2026-06-11 12:22:00+05:30,42.85,44.3,42.75,43.7,170560,5088590,12.476013,23287.35,23600.0,23400,ATM+6,CALL,23100,2026-06-11
2026-06-11 12:23:00+05:30,43.55,45.55,43.1,45.1,105235,5084755,12.485749,23293.35,23600.0,23400,ATM+6,CALL,23100,2026-06-11
2026-06-11 12:24:00+05:30,44.95,45.1,43.55,45.0,74295,5088655,12.517197,23291.75,23600.0,23400,ATM+6,CALL,23100,2026-06-11
2026-06-11 12:25:00+05:30,44.85,45.0,43.1,43.95,55445,5088655,12.473316,23288.7,23600.0,23400,ATM+6,CALL,23100,2026-06-11
2026-06-11 12:26:00+05:30,44.0,46.15,43.95,44.75,97240,5087680,12.465513,23292.65,23600.0,23400,ATM+6,CALL,23100,2026-06-11
2026-06-11 12:27:00+05:30,44.65,45.6,44.4,45.25,59670,5087745,12.520496,23292.85,23600.0,23400,ATM+6,CALL,23100,2026-06-11
2026-06-11 12:28:00+05:30,45.5,47.1,44.4,46.6,89635,5087420,12.468222,23300.8,23600.0,23400,ATM+6,CALL,23100,2026-06-11
2026-06-11 12:29:00+05:30,46.2,47.45,45.55,46.05,105885,5105815,12.490348,23297.6,23600.0,23400,ATM+6,CALL,23100,2026-06-11
2026-06-11 12:30:00+05:30,46.2,50.05,46.05,48.85,273910,5112640,12.591788,23305.95,23600.0,23400,ATM+6,CALL,23100,2026-06-11
2026-06-11 12:31:00+05:30,48.25,51.55,47.55,50.95,261430,5135715,12.556824,23316.0,23600.0,23400,ATM+6,CALL,23100,2026-06-11
2026-06-11 12:32:00+05:30,50.9,53.15,50.65,52.0,292435,5124340,12.562278,23320.1,23600.0,23400,ATM+6,CALL,23100,2026-06-11
2026-06-11 12:33:00+05:30,51.8,52.1,50.75,51.65,163605,5119725,12.636164,23316.05,23600.0,23400,ATM+6,CALL,23100,2026-06-11
2026-06-11 12:34:00+05:30,51.75,52.05,50.0,52.05,191880,5135650,12.515556,23322.05,23600.0,23400,ATM+6,CALL,23100,2026-06-11
2026-06-11 12:35:00+05:30,52.5,53.45,46.75,48.55,241670,5144815,12.366095,23313.15,23600.0,23400,ATM+6,CALL,23100,2026-06-11
2026-06-11 12:36:00+05:30,48.45,49.1,46.8,47.5,97435,5130125,12.391622,23307.8,23600.0,23400,ATM+6,CALL,23100,2026-06-11
2026-06-11 12:37:00+05:30,47.55,48.35,45.45,45.9,132860,5140525,12.600095,23293.1,23600.0,23400,ATM+6,CALL,23100,2026-06-11
2026-06-11 12:38:00+05:30,46.4,46.8,44.5,45.0,130780,5132140,12.479821,23293.65,23600.0,23400,ATM+6,CALL,23100,2026-06-11
2026-06-11 12:39:00+05:30,44.7,47.6,44.7,47.25,91000,5139095,12.638943,23297.65,23600.0,23400,ATM+6,CALL,23100,2026-06-11
2026-06-11 12:40:00+05:30,47.35,47.45,45.95,46.5,60450,5137145,12.545382,23297.9,23600.0,23400,ATM+6,CALL,23100,2026-06-11
2026-06-11 12:41:00+05:30,46.5,47.35,45.5,45.85,54470,5140070,12.543318,23295.15,23600.0,23400,ATM+6,CALL,23100,2026-06-11
2026-06-11 12:42:00+05:30,46.15,47.2,44.75,46.05,70135,5147155,12.530467,23296.55,23600.0,23400,ATM+6,CALL,23100,2026-06-11
2026-06-11 12:43:00+05:30,46.0,46.7,43.75,45.45,110370,5142605,12.541814,23293.5,23600.0,23400,ATM+6,CALL,23100,2026-06-11
2026-06-11 12:44:00+05:30,45.7,47.0,45.3,46.45,91130,5142995,12.591414,23296.1,23600.0,23400,ATM+6,CALL,23100,2026-06-11
2026-06-11 12:45:00+05:30,46.3,46.85,45.5,46.5,48230,5143710,12.626306,23295.05,23600.0,23400,ATM+6,CALL,23100,2026-06-11
2026-06-11 12:46:00+05:30,47.1,49.5,46.5,48.35,117390,5143320,12.672439,23301.4,23600.0,23400,ATM+6,CALL,23100,2026-06-11
2026-06-11 12:47:00+05:30,48.5,49.3,45.5,46.0,94445,5144490,12.617279,23293.25,23600.0,23400,ATM+6,CALL,23100,2026-06-11
2026-06-11 12:48:00+05:30,46.35,46.5,44.4,44.4,84565,5146700,12.617145,23286.1,23600.0,23400,ATM+6,CALL,23100,2026-06-11
2026-06-11 12:49:00+05:30,44.55,45.25,41.3,41.75,190255,5149755,12.573885,23275.45,23600.0,23400,ATM+6,CALL,23100,2026-06-11
2026-06-11 12:50:00+05:30,41.85,44.4,41.65,44.35,104585,5149495,12.710399,23282.4,23600.0,23400,ATM+6,CALL,23100,2026-06-11
2026-06-11 12:51:00+05:30,44.25,46.05,43.4,43.45,107055,5143645,12.637917,23281.05,23600.0,23400,ATM+6,CALL,23100,2026-06-11
2026-06-11 12:52:00+05:30,43.4,43.9,42.65,43.15,64870,5142085,12.653351,23279.1,23600.0,23400,ATM+6,CALL,23100,2026-06-11
2026-06-11 12:53:00+05:30,43.45,45.3,43.15,44.45,61685,5145205,12.666048,23284.65,23600.0,23400,ATM+6,CALL,23100,2026-06-11
2026-06-11 12:54:00+05:30,44.2,44.95,44.0,44.95,23595,5144360,12.930807,23276.95,23600.0,23400,ATM+6,CALL,23100,2026-06-11
2026-06-11 12:55:00+05:30,44.95,44.95,44.95,44.95,0,5144360,12.930808,23276.95,23600.0,23400,ATM+6,CALL,23100,2026-06-11
2026-06-11 12:56:00+05:30,43.2,45.4,43.2,43.75,149045,5137860,12.629153,23282.95,23600.0,23400,ATM+6,CALL,23100,2026-06-11
2026-06-11 12:57:00+05:30,43.8,48.5,43.75,48.15,142220,5132205,12.724477,23299.0,23600.0,23400,ATM+6,CALL,23100,2026-06-11
2026-06-11 12:58:00+05:30,48.3,50.35,48.1,49.4,222365,5121675,12.739904,23303.8,23600.0,23400,ATM+6,CALL,23100,2026-06-11
2026-06-11 12:59:00+05:30,48.9,51.5,47.55,51.25,224900,5135390,12.830688,23308.25,23600.0,23400,ATM+6,CALL,23100,2026-06-11
2026-06-11 13:00:00+05:30,51.0,55.35,51.0,54.25,466310,5136950,12.725917,23324.15,23600.0,23400,ATM+6,CALL,23100,2026-06-11
2026-06-11 13:01:00+05:30,54.35,55.15,50.5,50.7,177190,5116930,12.609098,23314.1,23600.0,23400,ATM+6,CALL,23100,2026-06-11
2026-06-11 13:02:00+05:30,51.35,51.35,47.85,49.5,192270,5110365,12.67477,23306.75,23600.0,23400,ATM+6,CALL,23100,2026-06-11
2026-06-11 13:03:00+05:30,49.35,49.5,47.85,48.1,75270,5097755,12.585016,23304.15,23600.0,23400,ATM+6,CALL,23100,2026-06-11
2026-06-11 13:04:00+05:30,48.2,48.6,47.3,47.55,84500,5100940,12.591057,23301.6,23600.0,23400,ATM+6,CALL,23100,2026-06-11
2026-06-11 13:05:00+05:30,47.15,48.55,46.95,48.15,84370,5099575,12.631975,23302.7,23600.0,23400,ATM+6,CALL,23100,2026-06-11
2026-06-11 13:06:00+05:30,48.0,48.95,47.15,47.8,65260,5106465,12.62473,23301.5,23600.0,23400,ATM+6,CALL,23100,2026-06-11
2026-06-11 13:07:00+05:30,47.9,48.6,47.05,47.1,53040,5116735,12.610078,23299.05,23600.0,23400,ATM+6,CALL,23100,2026-06-11
2026-06-11 13:08:00+05:30,46.95,47.2,45.3,45.85,103350,5113680,12.655228,23291.9,23600.0,23400,ATM+6,CALL,23100,2026-06-11
2026-06-11 13:09:00+05:30,46.25,46.25,42.85,43.0,153075,5121220,12.610524,23280.65,23600.0,23400,ATM+6,CALL,23100,2026-06-11
2026-06-11 13:10:00+05:30,43.45,44.25,42.7,43.65,115635,5114850,12.641995,23282.5,23600.0,23400,ATM+6,CALL,23100,2026-06-11
2026-06-11 13:11:00+05:30,43.9,44.05,41.75,42.65,122720,5111665,12.614043,23278.95,23600.0,23400,ATM+6,CALL,23100,2026-06-11
2026-06-11 13:12:00+05:30,54.9,55.0,50.8,52.5,128375,1896375,12.758958,23267.45,23550.0,23400,ATM+6,CALL,23100,2026-06-11
2026-06-11 13:13:00+05:30,52.0,52.5,49.6,49.6,75270,1895335,12.627064,23260.35,23550.0,23400,ATM+6,CALL,23100,2026-06-11
2026-06-11 13:14:00+05:30,49.7,50.7,49.4,50.1,138385,1885390,12.710028,23259.45,23550.0,23400,ATM+6,CALL,23100,2026-06-11
2026-06-11 13:15:00+05:30,50.5,50.75,49.75,49.9,137930,1812200,12.666083,23260.25,23550.0,23400,ATM+6,CALL,23100,2026-06-11
2026-06-11 13:16:00+05:30,51.0,51.9,48.8,48.95,119470,1807130,12.696022,23255.2,23550.0,23400,ATM+6,CALL,23100,2026-06-11
2026-06-11 13:17:00+05:30,48.7,50.75,47.2,50.6,236210,1789970,12.665267,23263.25,23550.0,23400,ATM+6,CALL,23100,2026-06-11
2026-06-11 13:18:00+05:30,49.8,50.6,47.65,49.1,58565,1813890,12.754833,23253.75,23550.0,23400,ATM+6,CALL,23100,2026-06-11
2026-06-11 13:19:00+05:30,48.8,49.9,47.3,47.45,47125,1814150,12.554636,23254.1,23550.0,23400,ATM+6,CALL,23100,2026-06-11
2026-06-11 13:20:00+05:30,47.75,47.8,45.0,45.3,169000,1806545,12.402782,23250.4,23550.0,23400,ATM+6,CALL,23100,2026-06-11
2026-06-11 13:21:00+05:30,45.1,45.3,41.95,42.25,157040,1813955,12.345303,23238.8,23550.0,23400,ATM+6,CALL,23100,2026-06-11
2026-06-11 13:22:00+05:30,42.1,42.25,41.15,41.25,86385,1814085,12.494964,23228.4,23550.0,23400,ATM+6,CALL,23100,2026-06-11
2026-06-11 13:23:00+05:30,41.55,45.8,41.2,44.45,604955,1808820,12.48066,23243.8,23550.0,23400,ATM+6,CALL,23100,2026-06-11
2026-06-11 13:24:00+05:30,44.7,45.4,43.3,45.3,98085,2165670,12.703065,23239.3,23550.0,23400,ATM+6,CALL,23100,2026-06-11
2026-06-11 13:25:00+05:30,45.25,45.4,42.1,42.1,70395,2173080,12.487882,23232.8,23550.0,23400,ATM+6,CALL,23100,2026-06-11
2026-06-11 13:26:00+05:30,42.1,42.1,40.35,40.95,70655,2167425,12.546999,23225.1,23550.0,23400,ATM+6,CALL,23100,2026-06-11
2026-06-11 13:27:00+05:30,41.35,42.65,40.95,41.5,58370,2162095,12.473309,23230.6,23550.0,23400,ATM+6,CALL,23100,2026-06-11
2026-06-11 13:28:00+05:30,41.55,43.3,40.95,42.45,48880,2156700,12.50476,23233.9,23550.0,23400,ATM+6,CALL,23100,2026-06-11
2026-06-11 13:29:00+05:30,42.65,44.5,42.45,44.3,63570,2153840,12.492212,23242.9,23550.0,23400,ATM+6,CALL,23100,2026-06-11
2026-06-11 13:30:00+05:30,44.4,49.65,44.3,47.6,140465,2148965,12.490058,23257.5,23550.0,23400,ATM+6,CALL,23100,2026-06-11
2026-06-11 13:31:00+05:30,47.0,47.6,45.3,46.85,98995,2152605,12.425349,23256.7,23550.0,23400,ATM+6,CALL,23100,2026-06-11
2026-06-11 13:32:00+05:30,48.25,49.4,46.85,49.2,86060,2146040,12.531776,23262.8,23550.0,23400,ATM+6,CALL,23100,2026-06-11
2026-06-11 13:33:00+05:30,49.0,49.85,47.2,47.2,112645,2144350,12.41234,23258.75,23550.0,23400,ATM+6,CALL,23100,2026-06-11
2026-06-11 13:34:00+05:30,46.65,47.2,43.85,43.85,97695,2145910,12.422906,23243.65,23550.0,23400,ATM+6,CALL,23100,2026-06-11
2026-06-11 13:35:00+05:30,43.85,46.15,43.8,45.55,75335,2143765,12.483898,23249.0,23550.0,23400,ATM+6,CALL,23100,2026-06-11
2026-06-11 13:36:00+05:30,45.3,47.75,44.95,47.4,65975,2147990,12.505033,23256.3,23550.0,23400,ATM+6,CALL,23100,2026-06-11
2026-06-11 13:37:00+05:30,47.6,47.6,45.45,46.2,56095,2141035,12.506091,23251.1,23550.0,23400,ATM+6,CALL,23100,2026-06-11
2026-06-11 13:38:00+05:30,45.1,46.2,43.2,43.4,59865,2138825,12.405556,23242.4,23550.0,23400,ATM+6,CALL,23100,2026-06-11
2026-06-11 13:39:00+05:30,43.75,43.75,41.25,41.65,90675,2137070,12.448188,23232.7,23550.0,23400,ATM+6,CALL,23100,2026-06-11
2026-06-11 13:40:00+05:30,42.15,43.95,41.4,41.4,55900,2134990,12.416988,23232.75,23550.0,23400,ATM+6,CALL,23100,2026-06-11
2026-06-11 13:41:00+05:30,41.55,42.05,40.75,41.75,46670,2131415,12.545902,23229.5,23550.0,23400,ATM+6,CALL,23100,2026-06-11
2026-06-11 13:42:00+05:30,41.85,43.0,41.65,41.9,31330,2128230,12.560135,23229.7,23550.0,23400,ATM+6,CALL,23100,2026-06-11
2026-06-11 13:43:00+05:30,53.65,54.45,50.6,51.6,236470,6541925,12.660305,23219.45,23500.0,23400,ATM+6,CALL,23100,2026-06-11
2026-06-11 13:44:00+05:30,51.45,53.0,49.65,52.3,330005,6630975,12.615479,23223.9,23500.0,23400,ATM+6,CALL,23100,2026-06-11
2026-06-11 13:45:00+05:30,52.3,52.5,51.2,51.35,125190,6641895,12.586393,23221.15,23500.0,23400,ATM+6,CALL,23100,2026-06-11
2026-06-11 13:46:00+05:30,39.7,41.85,38.85,41.85,92170,2142010,12.609888,23227.7,23550.0,23400,ATM+6,CALL,23100,2026-06-11
2026-06-11 13:47:00+05:30,41.75,44.15,41.75,42.0,98280,2137850,12.49741,23232.75,23550.0,23400,ATM+6,CALL,23100,2026-06-11
2026-06-11 13:48:00+05:30,42.2,43.55,41.5,41.5,44070,2138110,12.457637,23231.95,23550.0,23400,ATM+6,CALL,23100,2026-06-11
2026-06-11 13:49:00+05:30,41.9,42.35,40.9,41.75,58175,2139150,12.531207,23230.35,23550.0,23400,ATM+6,CALL,23100,2026-06-11
2026-06-11 13:50:00+05:30,53.85,53.85,52.25,52.95,107835,6737770,12.685712,23224.2,23500.0,23400,ATM+6,CALL,23100,2026-06-11
2026-06-11 13:51:00+05:30,41.55,42.1,40.15,41.55,52715,2139865,12.616484,23226.2,23550.0,23400,ATM+6,CALL,23100,2026-06-11
2026-06-11 13:52:00+05:30,41.65,42.7,40.35,42.65,68965,2145195,12.65533,23229.95,23550.0,23400,ATM+6,CALL,23100,2026-06-11
2026-06-11 13:53:00+05:30,42.45,43.7,42.15,43.0,66430,2130245,12.544048,23235.85,23550.0,23400,ATM+6,CALL,23100,2026-06-11
2026-06-11 13:54:00+05:30,43.15,43.45,42.0,42.55,33540,2127190,12.525541,23234.5,23550.0,23400,ATM+6,CALL,23100,2026-06-11
2026-06-11 13:55:00+05:30,42.6,43.4,41.7,43.35,36725,2129010,12.584589,23236.0,23550.0,23400,ATM+6,CALL,23100,2026-06-11
2026-06-11 13:56:00+05:30,43.05,44.45,42.75,43.9,50505,2138370,12.538387,23240.3,23550.0,23400,ATM+6,CALL,23100,2026-06-11
2026-06-11 13:57:00+05:30,44.0,44.95,42.75,43.15,59540,2136810,12.474992,23239.3,23550.0,23400,ATM+6,CALL,23100,2026-06-11
2026-06-11 13:58:00+05:30,43.45,45.5,43.15,45.0,64935,2139280,12.465537,23248.05,23550.0,23400,ATM+6,CALL,23100,2026-06-11
2026-06-11 13:59:00+05:30,44.45,45.0,41.15,42.05,62660,2141880,12.508225,23233.0,23550.0,23400,ATM+6,CALL,23100,2026-06-11
2026-06-11 14:00:00+05:30,41.95,44.1,41.4,43.7,45760,2142855,12.520624,23240.2,23550.0,23400,ATM+6,CALL,23100,2026-06-11
2026-06-11 14:01:00+05:30,43.3,43.7,42.4,42.7,27690,2135380,12.514932,23235.85,23550.0,23400,ATM+6,CALL,23100,2026-06-11
2026-06-11 14:02:00+05:30,42.5,43.0,41.95,42.95,49790,2139085,12.626716,23232.8,23550.0,23400,ATM+6,CALL,23100,2026-06-11
2026-06-11 14:03:00+05:30,42.9,43.75,42.35,42.35,22880,2143960,12.463471,23236.25,23550.0,23400,ATM+6,CALL,23100,2026-06-11
2026-06-11 14:04:00+05:30,42.5,43.3,41.9,42.6,48880,2132585,12.492356,23236.35,23550.0,23400,ATM+6,CALL,23100,2026-06-11
2026-06-11 14:05:00+05:30,42.45,42.85,40.35,42.25,76830,2135380,12.558112,23232.25,23550.0,23400,ATM+6,CALL,23100,2026-06-11
2026-06-11 14:06:00+05:30,42.15,42.75,41.5,42.45,41145,2139345,12.567884,23232.85,23550.0,23400,ATM+6,CALL,23100,2026-06-11
2026-06-11 14:07:00+05:30,54.35,54.35,49.5,49.75,251290,6734260,12.457309,23220.0,23500.0,23400,ATM+6,CALL,23100,2026-06-11
2026-06-11 14:08:00+05:30,49.85,50.2,47.15,47.15,301080,6782295,12.432276,23210.05,23500.0,23400,ATM+6,CALL,23100,2026-06-11
2026-06-11 14:09:00+05:30,47.1,49.45,46.45,49.2,304590,6761690,12.601078,23212.6,23500.0,23400,ATM+6,CALL,23100,2026-06-11
2026-06-11 14:10:00+05:30,49.5,51.25,48.6,49.45,262600,6784765,12.575544,23214.6,23500.0,23400,ATM+6,CALL,23100,2026-06-11
2026-06-11 14:11:00+05:30,49.3,49.85,47.75,49.1,204685,6820320,12.577636,23213.1,23500.0,23400,ATM+6,CALL,23100,2026-06-11
2026-06-11 14:12:00+05:30,49.5,49.85,47.55,48.5,136695,6821685,12.583561,23210.4,23500.0,23400,ATM+6,CALL,23100,2026-06-11
2026-06-11 14:13:00+05:30,48.5,51.9,48.2,51.3,254280,6819670,12.548451,23223.25,23500.0,23400,ATM+6,CALL,23100,2026-06-11
2026-06-11 14:14:00+05:30,51.75,52.45,50.1,50.75,241995,6796660,12.583521,23219.8,23500.0,23400,ATM+6,CALL,23100,2026-06-11
2026-06-11 14:15:00+05:30,50.75,51.2,49.45,50.45,105495,6794320,12.678387,23215.2,23500.0,23400,ATM+6,CALL,23100,2026-06-11
2026-06-11 14:16:00+05:30,50.65,51.7,50.05,50.35,81185,6788600,12.637311,23216.3,23500.0,23400,ATM+6,CALL,23100,2026-06-11
2026-06-11 14:17:00+05:30,50.15,50.35,49.0,49.3,92560,6794190,12.574596,23214.25,23500.0,23400,ATM+6,CALL,23100,2026-06-11
2026-06-11 14:18:00+05:30,49.4,49.4,46.8,47.1,222625,6806540,12.491815,23208.0,23500.0,23400,ATM+6,CALL,23100,2026-06-11
2026-06-11 14:19:00+05:30,47.25,50.0,46.7,50.0,156325,6816745,12.586199,23216.8,23500.0,23400,ATM+6,CALL,23100,2026-06-11
2026-06-11 14:20:00+05:30,49.8,51.75,49.4,51.0,215670,6821295,12.528107,23223.0,23500.0,23400,ATM+6,CALL,23100,2026-06-11
2026-06-11 14:21:00+05:30,50.95,52.5,50.75,51.8,164190,6848270,12.710863,23219.75,23500.0,23400,ATM+6,CALL,23100,2026-06-11
2026-06-11 14:22:00+05:30,50.8,52.2,50.8,51.55,114660,6825260,12.67646,23220.0,23500.0,23400,ATM+6,CALL,23100,2026-06-11
2026-06-11 14:23:00+05:30,51.55,52.4,48.1,48.15,134290,6839755,12.584913,23209.25,23500.0,23400,ATM+6,CALL,23100,2026-06-11
2026-06-11 14:24:00+05:30,48.15,49.15,47.95,48.7,134030,6847165,12.728135,23206.4,23500.0,23400,ATM+6,CALL,23100,2026-06-11
2026-06-11 14:25:00+05:30,48.8,51.05,48.7,51.0,108420,6839300,12.713218,23216.55,23500.0,23400,ATM+6,CALL,23100,2026-06-11
2026-06-11 14:26:00+05:30,39.6,41.7,39.35,41.25,42770,1876940,12.642094,23225.05,23550.0,23400,ATM+6,CALL,23100,2026-06-11
2026-06-11 14:27:00+05:30,41.05,41.9,40.85,41.65,56160,1868165,12.659003,23226.35,23550.0,23400,ATM+6,CALL,23100,2026-06-11
2026-06-11 14:28:00+05:30,42.6,45.95,41.65,45.95,172250,1866280,12.512339,23251.55,23550.0,23400,ATM+6,CALL,23100,2026-06-11
2026-06-11 14:29:00+05:30,45.9,46.1,43.15,43.15,113945,1868620,12.455953,23241.15,23550.0,23400,ATM+6,CALL,23100,2026-06-11
2026-06-11 14:30:00+05:30,42.8,44.35,41.35,44.15,93600,1875965,12.46333,23245.45,23550.0,23400,ATM+6,CALL,23100,2026-06-11
2026-06-11 14:31:00+05:30,44.2,44.2,42.4,42.6,56030,1887340,12.418664,23240.1,23550.0,23400,ATM+6,CALL,23100,2026-06-11
2026-06-11 14:32:00+05:30,42.25,43.2,41.35,43.2,39130,1899560,12.403785,23243.45,23550.0,23400,ATM+6,CALL,23100,2026-06-11
2026-06-11 14:33:00+05:30,43.15,43.2,39.85,40.0,64935,1899235,12.388287,23229.05,23550.0,23400,ATM+6,CALL,23100,2026-06-11
2026-06-11 14:34:00+05:30,39.9,41.45,39.6,40.85,30550,1890720,12.426468,23231.7,23550.0,23400,ATM+6,CALL,23100,2026-06-11
2026-06-11 14:35:00+05:30,40.7,42.7,40.7,41.05,39585,1897805,12.307061,23237.25,23550.0,23400,ATM+6,CALL,23100,2026-06-11
2026-06-11 14:36:00+05:30,53.0,53.0,49.1,49.1,259025,6940050,12.595846,23213.3,23500.0,23400,ATM+6,CALL,23100,2026-06-11
2026-06-11 14:37:00+05:30,38.0,39.15,36.25,38.8,201565,1906060,12.31811,23226.05,23550.0,23400,ATM+6,CALL,23100,2026-06-11
2026-06-11 14:38:00+05:30,50.65,51.0,47.9,48.4,216645,6958965,12.375808,23218.4,23500.0,23400,ATM+6,CALL,23100,2026-06-11
2026-06-11 14:39:00+05:30,48.25,48.45,45.05,47.15,501800,7057310,12.26786,23217.1,23500.0,23400,ATM+6,CALL,23100,2026-06-11
2026-06-11 14:40:00+05:30,47.05,47.45,44.95,45.55,250380,7081880,12.32324,23208.25,23500.0,23400,ATM+6,CALL,23100,2026-06-11
2026-06-11 14:41:00+05:30,45.3,45.8,43.65,45.35,256750,7100405,12.149545,23213.8,23500.0,23400,ATM+6,CALL,23100,2026-06-11
2026-06-11 14:42:00+05:30,45.6,45.8,43.7,44.25,227955,7113340,12.105947,23210.65,23500.0,23400,ATM+6,CALL,23100,2026-06-11
2026-06-11 14:43:00+05:30,44.2,45.25,40.75,40.9,361530,7157410,12.059374,23197.3,23500.0,23400,ATM+6,CALL,23100,2026-06-11
2026-06-11 14:44:00+05:30,40.95,42.45,40.6,42.25,324285,7179185,12.148216,23200.2,23500.0,23400,ATM+6,CALL,23100,2026-06-11
2026-06-11 14:45:00+05:30,42.8,42.8,41.45,41.85,177710,7223255,12.178882,23197.25,23500.0,23400,ATM+6,CALL,23100,2026-06-11
2026-06-11 14:46:00+05:30,41.8,43.65,40.9,41.0,299065,7230730,12.214315,23192.0,23500.0,23400,ATM+6,CALL,23100,2026-06-11
2026-06-11 14:47:00+05:30,50.95,51.5,46.6,47.4,523250,2224040,12.332726,23167.1,23450.0,23400,ATM+6,CALL,23100,2026-06-11
2026-06-11 14:48:00+05:30,37.45,40.4,37.15,40.05,381810,7246655,12.40312,23180.35,23500.0,23400,ATM+6,CALL,23100,2026-06-11
2026-06-11 14:49:00+05:30,40.4,41.65,40.0,41.2,300690,7241715,12.212723,23193.1,23500.0,23400,ATM+6,CALL,23100,2026-06-11
2026-06-11 14:50:00+05:30,51.85,52.0,48.45,48.45,150280,2211300,12.300437,23172.75,23450.0,23400,ATM+6,CALL,23100,2026-06-11
2026-06-11 14:51:00+05:30,48.6,50.4,48.3,48.35,57720,2205840,12.299588,23172.4,23450.0,23400,ATM+6,CALL,23100,2026-06-11
2026-06-11 14:52:00+05:30,48.5,49.4,47.2,47.7,65585,2207985,12.261516,23171.1,23450.0,23400,ATM+6,CALL,23100,2026-06-11
2026-06-11 14:53:00+05:30,47.8,48.85,47.45,48.45,60970,2212990,12.268405,23174.0,23450.0,23400,ATM+6,CALL,23100,2026-06-11
2026-06-11 14:54:00+05:30,48.25,48.45,47.35,48.05,69745,2200705,12.287222,23171.7,23450.0,23400,ATM+6,CALL,23100,2026-06-11
2026-06-11 14:55:00+05:30,47.8,49.0,47.35,48.3,60905,2201680,12.291991,23172.6,23450.0,23400,ATM+6,CALL,23100,2026-06-11
2026-06-11 14:56:00+05:30,48.15,48.55,46.9,46.95,50440,2193360,12.198919,23170.35,23450.0,23400,ATM+6,CALL,23100,2026-06-11
2026-06-11 14:57:00+05:30,47.25,47.95,46.25,46.95,191360,2174380,12.314424,23166.2,23450.0,23400,ATM+6,CALL,23100,2026-06-11
2026-06-11 14:58:00+05:30,46.95,47.75,46.75,47.75,76505,2169700,12.234025,23172.5,23450.0,23400,ATM+6,CALL,23100,2026-06-11
2026-06-11 14:59:00+05:30,37.9,38.45,35.9,38.05,382590,7499895,12.245191,23177.05,23500.0,23400,ATM+6,CALL,23100,2026-06-11
2026-06-11 15:00:00+05:30,48.8,52.75,45.15,45.15,329030,2171650,12.438329,23154.0,23450.0,23400,ATM+6,CALL,23100,2026-06-11
2026-06-11 15:01:00+05:30,45.2,45.8,43.45,44.45,394160,2152280,12.378526,23153.15,23450.0,23400,ATM+6,CALL,23100,2026-06-11
2026-06-11 15:02:00+05:30,44.3,45.85,42.3,45.2,154115,2129855,12.315661,23158.8,23450.0,23400,ATM+6,CALL,23100,2026-06-11
2026-06-11 15:03:00+05:30,45.5,45.5,43.75,45.2,70395,2130765,12.331574,23158.25,23450.0,23400,ATM+6,CALL,23100,2026-06-11
2026-06-11 15:04:00+05:30,45.0,45.8,44.4,44.7,78845,2132325,12.631405,23145.0,23450.0,23400,ATM+6,CALL,23100,2026-06-11
2026-06-11 15:05:00+05:30,44.65,44.75,43.0,44.1,240890,2166580,12.491209,23147.55,23450.0,23400,ATM+6,CALL,23100,2026-06-11
2026-06-11 15:06:00+05:30,44.2,44.5,42.55,42.65,135200,2172690,12.534805,23139.35,23450.0,23400,ATM+6,CALL,23100,2026-06-11
2026-06-11 15:07:00+05:30,42.5,44.8,42.5,44.8,159770,2198820,12.562712,23148.1,23450.0,23400,ATM+6,CALL,23100,2026-06-11
2026-06-11 15:08:00+05:30,44.7,45.75,44.4,44.4,171470,2203955,12.829707,23136.4,23450.0,23400,ATM+6,CALL,23100,2026-06-11
2026-06-11 15:09:00+05:30,44.3,46.25,44.3,45.7,117195,2243215,12.787746,23143.85,23450.0,23400,ATM+6,CALL,23100,2026-06-11
2026-06-11 15:10:00+05:30,45.85,47.9,45.7,47.9,138255,2264795,12.83567,23151.75,23450.0,23400,ATM+6,CALL,23100,2026-06-11
2026-06-11 15:11:00+05:30,48.0,48.85,46.9,46.95,151255,2282800,12.932723,23144.1,23450.0,23400,ATM+6,CALL,23100,2026-06-11
2026-06-11 15:12:00+05:30,46.85,48.9,46.4,48.6,62725,2280330,12.925587,23151.55,23450.0,23400,ATM+6,CALL,23100,2026-06-11
2026-06-11 15:13:00+05:30,48.5,50.3,48.5,49.9,103155,2269605,12.793337,23161.85,23450.0,23400,ATM+6,CALL,23100,2026-06-11
2026-06-11 15:14:00+05:30,49.95,50.95,49.6,49.85,102050,2259725,12.678426,23165.8,23450.0,23400,ATM+6,CALL,23100,2026-06-11
2026-06-11 15:15:00+05:30,49.65,50.65,47.35,49.45,210795,2191670,12.616446,23166.4,23450.0,23400,ATM+6,CALL,23100,2026-06-11
2026-06-11 15:16:00+05:30,39.35,41.8,39.1,41.45,522015,7359495,12.599521,23180.55,23500.0,23400,ATM+6,CALL,23100,2026-06-11
2026-06-11 15:17:00+05:30,41.35,42.0,41.1,41.65,348595,7356960,12.589882,23181.9,23500.0,23400,ATM+6,CALL,23100,2026-06-11
2026-06-11 15:18:00+05:30,41.45,42.2,41.0,41.0,274495,7351890,12.529468,23181.15,23500.0,23400,ATM+6,CALL,23100,2026-06-11
2026-06-11 15:19:00+05:30,51.45,51.75,49.7,50.4,119925,2176980,12.572838,23172.0,23450.0,23400,ATM+6,CALL,23100,2026-06-11
2026-06-11 15:20:00+05:30,40.25,41.15,39.7,39.75,531505,7484685,12.451253,23178.2,23500.0,23400,ATM+6,CALL,23100,2026-06-11
2026-06-11 15:21:00+05:30,39.95,41.6,39.75,40.0,326495,7511140,12.524175,23176.65,23500.0,23400,ATM+6,CALL,23100,2026-06-11
2026-06-11 15:22:00+05:30,49.8,51.9,49.8,49.9,142090,2087475,12.577234,23169.9,23450.0,23400,ATM+6,CALL,23100,2026-06-11
2026-06-11 15:23:00+05:30,49.7,51.2,49.1,50.55,102440,2098330,12.624766,23170.9,23450.0,23400,ATM+6,CALL,23100,2026-06-11
2026-06-11 15:24:00+05:30,50.4,51.4,50.1,51.35,89700,2105740,12.641073,23173.6,23450.0,23400,ATM+6,CALL,23100,2026-06-11
2026-06-11 15:25:00+05:30,51.1,53.5,50.85,53.5,175110,2101710,12.863108,23174.4,23450.0,23400,ATM+6,CALL,23100,2026-06-11
2026-06-11 15:26:00+05:30,42.15,43.15,41.0,42.5,423930,7438340,12.843855,23176.6,23500.0,23400,ATM+6,CALL,23100,2026-06-11
2026-06-11 15:27:00+05:30,42.4,43.1,42.05,42.65,338195,7439575,12.797503,23179.1,23500.0,23400,ATM+6,CALL,23100,2026-06-11
2026-06-11 15:28:00+05:30,42.65,43.3,42.5,43.2,528190,7441330,12.841416,23180.05,23500.0,23400,ATM+6,CALL,23100,2026-06-11
2026-06-11 15:29:00+05:30,43.05,43.85,43.0,43.2,486265,7392450,12.669827,23186.55,23500.0,23400,ATM+6,CALL,23100,2026-06-11
2026-06-11 09:15:00+05:30,330.0,349.5,327.05,341.65,288340,2276950,16.069221,23104.4,23400.0,23400,ATM+6,PUT,23100,2026-06-11
2026-06-11 09:16:00+05:30,344.85,365.95,341.65,364.6,208325,2189525,16.812949,23082.3,23400.0,23400,ATM+6,PUT,23100,2026-06-11
2026-06-11 09:17:00+05:30,364.8,375.0,364.05,364.05,104520,2177890,17.535991,23092.9,23400.0,23400,ATM+6,PUT,23100,2026-06-11
2026-06-11 09:18:00+05:30,362.65,364.05,347.1,353.8,78845,2171455,17.007351,23100.1,23400.0,23400,ATM+6,PUT,23100,2026-06-11
2026-06-11 09:19:00+05:30,352.2,353.8,342.15,345.2,80015,2159040,17.248556,23115.85,23400.0,23400,ATM+6,PUT,23100,2026-06-11
2026-06-11 09:20:00+05:30,382.65,388.95,369.5,370.75,9295,378690,17.150156,23128.6,23450.0,23400,ATM+6,PUT,23100,2026-06-11
2026-06-11 09:21:00+05:30,371.6,371.6,359.35,361.8,7410,375440,17.24473,23142.45,23450.0,23400,ATM+6,PUT,23100,2026-06-11
2026-06-11 09:22:00+05:30,362.05,368.15,358.0,359.7,8840,375440,17.062806,23142.9,23450.0,23400,ATM+6,PUT,23100,2026-06-11
2026-06-11 09:23:00+05:30,361.05,366.35,355.6,365.65,10855,376350,17.116575,23135.25,23450.0,23400,ATM+6,PUT,23100,2026-06-11
2026-06-11 09:24:00+05:30,326.8,341.0,324.2,338.9,86515,2169310,16.685733,23116.8,23400.0,23400,ATM+6,PUT,23100,2026-06-11
2026-06-11 09:25:00+05:30,342.75,343.2,336.1,343.2,132015,2098200,16.569524,23109.0,23400.0,23400,ATM+6,PUT,23100,2026-06-11
2026-06-11 09:26:00+05:30,342.85,347.0,338.0,341.0,51935,2096705,16.23672,23107.5,23400.0,23400,ATM+6,PUT,23100,2026-06-11
2026-06-11 09:27:00+05:30,341.2,354.65,338.65,347.5,80145,2085070,16.465251,23101.45,23400.0,23400,ATM+6,PUT,23100,2026-06-11
2026-06-11 09:28:00+05:30,347.4,347.5,334.95,336.1,47450,2075580,16.462132,23117.6,23400.0,23400,ATM+6,PUT,23100,2026-06-11
2026-06-11 09:29:00+05:30,335.6,338.05,328.5,334.2,34645,2070640,16.572769,23121.9,23400.0,23400,ATM+6,PUT,23100,2026-06-11
2026-06-11 09:30:00+05:30,334.25,348.5,333.0,347.05,40495,2072070,17.059804,23110.35,23400.0,23400,ATM+6,PUT,23100,2026-06-11
2026-06-11 09:31:00+05:30,346.85,352.15,338.9,338.9,43420,2071875,16.697946,23116.9,23400.0,23400,ATM+6,PUT,23100,2026-06-11
2026-06-11 09:32:00+05:30,338.3,341.15,329.7,341.15,31330,2061800,16.718435,23113.95,23400.0,23400,ATM+6,PUT,23100,2026-06-11
2026-06-11 09:33:00+05:30,341.9,355.2,341.15,354.5,52975,2064660,17.19765,23101.6,23400.0,23400,ATM+6,PUT,23100,2026-06-11
2026-06-11 09:34:00+05:30,353.95,354.5,342.6,345.0,29120,2055365,16.805709,23109.65,23400.0,23400,ATM+6,PUT,23100,2026-06-11
2026-06-11 09:35:00+05:30,345.8,358.45,345.0,358.45,44525,2054130,17.26898,23096.95,23400.0,23400,ATM+6,PUT,23100,2026-06-11
2026-06-11 09:36:00+05:30,357.7,358.45,343.3,344.9,34905,2049580,16.98783,23112.35,23400.0,23400,ATM+6,PUT,23100,2026-06-11
2026-06-11 09:37:00+05:30,344.5,345.1,336.0,339.65,21905,2056210,16.948698,23119.35,23400.0,23400,ATM+6,PUT,23100,2026-06-11
2026-06-11 09:38:00+05:30,378.55,378.65,364.0,369.3,6695,376350,17.113369,23129.95,23450.0,23400,ATM+6,PUT,23100,2026-06-11
2026-06-11 09:39:00+05:30,367.9,369.3,360.0,366.45,4615,373750,16.996276,23132.35,23450.0,23400,ATM+6,PUT,23100,2026-06-11
2026-06-11 09:40:00+05:30,325.0,337.0,324.3,337.0,21580,2081040,16.712619,23119.75,23400.0,23400,ATM+6,PUT,23100,2026-06-11
2026-06-11 09:41:00+05:30,336.05,338.4,332.7,335.15,27950,2081170,16.568997,23120.35,23400.0,23400,ATM+6,PUT,23100,2026-06-11
2026-06-11 09:42:00+05:30,334.85,341.15,333.0,337.25,28535,2078115,16.756684,23120.0,23400.0,23400,ATM+6,PUT,23100,2026-06-11
2026-06-11 09:43:00+05:30,374.15,375.25,355.9,355.9,6890,375180,16.567792,23141.3,23450.0,23400,ATM+6,PUT,23100,2026-06-11
2026-06-11 09:44:00+05:30,353.95,356.6,351.55,355.35,3640,374140,16.729734,23144.25,23450.0,23400,ATM+6,PUT,23100,2026-06-11
2026-06-11 09:45:00+05:30,354.15,358.85,348.7,352.75,5265,375050,16.564611,23145.65,23450.0,23400,ATM+6,PUT,23100,2026-06-11
2026-06-11 09:46:00+05:30,353.05,356.0,348.65,349.65,4355,376350,16.886081,23154.45,23450.0,23400,ATM+6,PUT,23100,2026-06-11
2026-06-11 09:47:00+05:30,348.4,355.95,348.4,355.95,6110,376090,17.188764,23149.7,23450.0,23400,ATM+6,PUT,23100,2026-06-11
2026-06-11 09:48:00+05:30,353.15,359.6,352.1,359.1,3120,376025,16.918101,23141.5,23450.0,23400,ATM+6,PUT,23100,2026-06-11
2026-06-11 09:49:00+05:30,358.0,359.1,350.6,351.65,4940,376220,17.009778,23153.3,23450.0,23400,ATM+6,PUT,23100,2026-06-11
2026-06-11 09:50:00+05:30,351.5,357.15,338.8,338.8,15665,374920,16.388394,23162.9,23450.0,23400,ATM+6,PUT,23100,2026-06-11
2026-06-11 09:51:00+05:30,343.85,343.9,337.05,338.25,7995,371215,16.658806,23167.5,23450.0,23400,ATM+6,PUT,23100,2026-06-11
2026-06-11 09:52:00+05:30,339.35,344.8,336.65,339.35,10075,370565,16.999067,23170.8,23450.0,23400,ATM+6,PUT,23100,2026-06-11
2026-06-11 09:53:00+05:30,338.6,341.35,335.0,337.75,7280,366535,16.943267,23172.3,23450.0,23400,ATM+6,PUT,23100,2026-06-11
2026-06-11 09:54:00+05:30,337.75,349.0,337.75,349.0,7995,364065,16.674457,23152.35,23450.0,23400,ATM+6,PUT,23100,2026-06-11
2026-06-11 09:55:00+05:30,350.05,359.4,349.0,355.55,13910,364260,16.580928,23141.85,23450.0,23400,ATM+6,PUT,23100,2026-06-11
2026-06-11 09:56:00+05:30,355.55,360.7,349.95,360.7,5200,365170,17.015969,23140.5,23450.0,23400,ATM+6,PUT,23100,2026-06-11
2026-06-11 09:57:00+05:30,359.95,368.0,359.35,366.4,6305,363935,16.914338,23131.15,23450.0,23400,ATM+6,PUT,23100,2026-06-11
2026-06-11 09:58:00+05:30,327.95,338.85,327.95,337.85,68510,2132065,16.455829,23114.7,23400.0,23400,ATM+6,PUT,23100,2026-06-11
2026-06-11 09:59:00+05:30,337.0,341.9,331.8,336.9,46150,2116790,16.565782,23117.6,23400.0,23400,ATM+6,PUT,23100,2026-06-11
2026-06-11 10:00:00+05:30,372.3,376.4,363.7,368.4,2860,358800,17.054534,23130.2,23450.0,23400,ATM+6,PUT,23100,2026-06-11
2026-06-11 10:01:00+05:30,364.85,368.4,361.95,364.0,2275,357825,16.767397,23132.5,23450.0,23400,ATM+6,PUT,23100,2026-06-11
2026-06-11 10:02:00+05:30,327.2,336.0,326.1,334.65,18980,2102360,16.712103,23122.9,23400.0,23400,ATM+6,PUT,23100,2026-06-11
2026-06-11 10:03:00+05:30,332.95,339.15,326.0,335.9,19045,2106975,16.695857,23120.85,23400.0,23400,ATM+6,PUT,23100,2026-06-11
2026-06-11 10:04:00+05:30,336.3,345.65,333.2,345.65,57590,2108470,16.815917,23108.55,23400.0,23400,ATM+6,PUT,23100,2026-06-11
2026-06-11 10:05:00+05:30,344.5,348.1,338.65,340.15,42250,2126475,16.506008,23112.05,23400.0,23400,ATM+6,PUT,23100,2026-06-11
2026-06-11 10:06:00+05:30,379.1,379.1,359.15,360.35,3835,364455,16.749758,23137.3,23450.0,23400,ATM+6,PUT,23100,2026-06-11
2026-06-11 10:07:00+05:30,363.15,363.35,349.55,349.55,3445,365560,16.407518,23147.8,23450.0,23400,ATM+6,PUT,23100,2026-06-11
2026-06-11 10:08:00+05:30,351.65,353.7,341.45,343.0,6955,366340,16.398806,23156.9,23450.0,23400,ATM+6,PUT,23100,2026-06-11
2026-06-11 10:09:00+05:30,340.0,344.8,338.0,343.45,10010,366600,16.449313,23156.95,23450.0,23400,ATM+6,PUT,23100,2026-06-11
2026-06-11 10:10:00+05:30,343.45,345.0,336.1,345.0,1950,368355,16.705632,23158.3,23450.0,23400,ATM+6,PUT,23100,2026-06-11
2026-06-11 10:11:00+05:30,342.55,345.0,336.45,338.35,10270,368485,16.364829,23163.0,23450.0,23400,ATM+6,PUT,23100,2026-06-11
2026-06-11 10:12:00+05:30,337.35,345.7,336.9,345.7,5655,369460,16.66021,23156.65,23450.0,23400,ATM+6,PUT,23100,2026-06-11
2026-06-11 10:13:00+05:30,343.85,345.7,339.0,339.0,2730,371540,16.198438,23159.75,23450.0,23400,ATM+6,PUT,23100,2026-06-11
2026-06-11 10:14:00+05:30,340.5,352.0,338.3,352.0,5590,372125,16.644219,23147.5,23450.0,23400,ATM+6,PUT,23100,2026-06-11
2026-06-11 10:15:00+05:30,348.0,352.0,340.0,340.55,2600,371865,16.224675,23157.9,23450.0,23400,ATM+6,PUT,23100,2026-06-11
2026-06-11 10:16:00+05:30,340.35,340.55,333.0,337.35,5330,370565,16.405896,23164.95,23450.0,23400,ATM+6,PUT,23100,2026-06-11
2026-06-11 10:17:00+05:30,336.55,337.35,331.0,331.0,5070,370890,16.059954,23169.15,23450.0,23400,ATM+6,PUT,23100,2026-06-11
2026-06-11 10:18:00+05:30,331.95,335.25,327.0,328.05,3055,371865,16.034761,23173.0,23450.0,23400,ATM+6,PUT,23100,2026-06-11
2026-06-11 10:19:00+05:30,367.8,368.4,358.15,358.6,26585,1922700,16.230552,23183.15,23500.0,23400,ATM+6,PUT,23100,2026-06-11
2026-06-11 10:20:00+05:30,358.0,364.3,354.1,354.5,35685,1928420,16.339628,23190.25,23500.0,23400,ATM+6,PUT,23100,2026-06-11
2026-06-11 10:21:00+05:30,356.05,365.35,354.5,365.35,28990,1927900,16.866744,23182.15,23500.0,23400,ATM+6,PUT,23100,2026-06-11
2026-06-11 10:22:00+05:30,362.0,368.35,361.1,365.35,41665,1944215,16.697276,23179.9,23500.0,23400,ATM+6,PUT,23100,2026-06-11
2026-06-11 10:23:00+05:30,366.3,366.5,360.9,362.1,18005,1946685,16.480974,23181.55,23500.0,23400,ATM+6,PUT,23100,2026-06-11
2026-06-11 10:24:00+05:30,364.0,370.0,362.1,367.65,10725,1942980,16.929137,23179.75,23500.0,23400,ATM+6,PUT,23100,2026-06-11
2026-06-11 10:25:00+05:30,366.3,369.0,364.0,367.55,18005,1948310,16.889158,23179.35,23500.0,23400,ATM+6,PUT,23100,2026-06-11
2026-06-11 10:26:00+05:30,367.9,367.9,353.85,354.2,33345,1951300,16.529567,23193.15,23500.0,23400,ATM+6,PUT,23100,2026-06-11
2026-06-11 10:27:00+05:30,355.95,356.45,341.9,341.9,59605,1963195,16.32067,23207.6,23500.0,23400,ATM+6,PUT,23100,2026-06-11
2026-06-11 10:28:00+05:30,343.0,354.05,341.8,349.05,38545,1962350,16.459049,23199.4,23500.0,23400,ATM+6,PUT,23100,2026-06-11
2026-06-11 10:29:00+05:30,352.0,352.45,346.25,350.0,16185,1970540,16.565185,23199.5,23500.0,23400,ATM+6,PUT,23100,2026-06-11
2026-06-11 10:30:00+05:30,347.45,361.6,345.0,359.0,27495,1977950,16.715705,23188.9,23500.0,23400,ATM+6,PUT,23100,2026-06-11
2026-06-11 10:31:00+05:30,359.75,362.95,349.2,351.2,33020,1976910,16.664743,23199.15,23500.0,23400,ATM+6,PUT,23100,2026-06-11
2026-06-11 10:32:00+05:30,350.9,353.75,345.0,345.8,9815,1975220,16.463309,23204.0,23500.0,23400,ATM+6,PUT,23100,2026-06-11
2026-06-11 10:33:00+05:30,349.0,354.9,345.8,349.8,15080,1976325,16.507103,23198.95,23500.0,23400,ATM+6,PUT,23100,2026-06-11
2026-06-11 10:34:00+05:30,350.5,352.5,349.8,352.5,2535,1973855,16.920193,23200.8,23500.0,23400,ATM+6,PUT,23100,2026-06-11
2026-06-11 10:35:00+05:30,352.0,352.5,346.05,350.0,19890,1976065,16.708075,23201.4,23500.0,23400,ATM+6,PUT,23100,2026-06-11
2026-06-11 10:36:00+05:30,352.7,359.4,350.0,355.65,19045,1973855,16.911443,23196.2,23500.0,23400,ATM+6,PUT,23100,2026-06-11
2026-06-11 10:37:00+05:30,354.6,360.0,352.2,358.4,11245,1974765,16.880933,23191.9,23500.0,23400,ATM+6,PUT,23100,2026-06-11
2026-06-11 10:38:00+05:30,358.8,358.8,352.0,353.4,8775,1981005,16.892514,23199.1,23500.0,23400,ATM+6,PUT,23100,2026-06-11
2026-06-11 10:39:00+05:30,350.0,353.4,343.75,345.75,13195,1982305,16.712369,23207.45,23500.0,23400,ATM+6,PUT,23100,2026-06-11
2026-06-11 10:40:00+05:30,345.3,349.35,340.2,343.15,14495,1987115,16.80106,23212.4,23500.0,23400,ATM+6,PUT,23100,2026-06-11
2026-06-11 10:41:00+05:30,343.0,351.6,341.8,351.6,12480,1988350,17.023946,23203.45,23500.0,23400,ATM+6,PUT,23100,2026-06-11
2026-06-11 10:42:00+05:30,350.0,354.0,348.0,348.6,28210,1995175,16.890626,23205.85,23500.0,23400,ATM+6,PUT,23100,2026-06-11
2026-06-11 10:43:00+05:30,348.9,352.75,346.5,351.9,6435,2003105,16.959277,23202.1,23500.0,23400,ATM+6,PUT,23100,2026-06-11
2026-06-11 10:44:00+05:30,352.0,355.55,348.1,348.75,12415,2003365,16.83581,23204.85,23500.0,23400,ATM+6,PUT,23100,2026-06-11
2026-06-11 10:45:00+05:30,349.0,356.4,348.75,349.1,16120,2003235,16.854357,23204.6,23500.0,23400,ATM+6,PUT,23100,2026-06-11
2026-06-11 10:46:00+05:30,349.75,350.0,342.5,350.0,13130,2011555,17.089436,23206.6,23500.0,23400,ATM+6,PUT,23100,2026-06-11
2026-06-11 10:47:00+05:30,350.0,350.6,345.0,345.5,13650,2017600,16.899485,23210.35,23500.0,23400,ATM+6,PUT,23100,2026-06-11
2026-06-11 10:48:00+05:30,344.75,353.7,342.2,349.05,25350,2016950,16.930309,23205.7,23500.0,23400,ATM+6,PUT,23100,2026-06-11
2026-06-11 10:49:00+05:30,349.75,358.0,349.05,358.0,16445,2020590,16.984489,23193.75,23500.0,23400,ATM+6,PUT,23100,2026-06-11
2026-06-11 10:50:00+05:30,359.0,363.0,356.85,360.7,39130,2010515,16.720757,23186.4,23500.0,23400,ATM+6,PUT,23100,2026-06-11
2026-06-11 10:51:00+05:30,360.0,360.7,352.15,358.85,20020,2017730,16.797438,23190.0,23500.0,23400,ATM+6,PUT,23100,2026-06-11
2026-06-11 10:52:00+05:30,358.0,358.85,352.55,358.35,13195,2023645,16.600148,23188.05,23500.0,23400,ATM+6,PUT,23100,2026-06-11
2026-06-11 10:53:00+05:30,320.85,329.1,319.5,326.7,9035,378495,16.057116,23174.9,23450.0,23400,ATM+6,PUT,23100,2026-06-11
2026-06-11 10:54:00+05:30,329.0,330.9,325.7,327.55,8125,377000,16.129892,23174.7,23450.0,23400,ATM+6,PUT,23100,2026-06-11
2026-06-11 10:55:00+05:30,328.05,332.05,326.85,328.1,5525,375635,16.080194,23173.2,23450.0,23400,ATM+6,PUT,23100,2026-06-11
2026-06-11 10:56:00+05:30,368.0,368.4,361.9,362.7,13130,2017210,16.433427,23179.8,23500.0,23400,ATM+6,PUT,23100,2026-06-11
2026-06-11 10:57:00+05:30,363.65,368.25,362.35,364.15,10595,2018835,16.39491,23177.3,23500.0,23400,ATM+6,PUT,23100,2026-06-11
2026-06-11 10:58:00+05:30,365.8,370.0,362.8,370.0,14170,2023385,16.8902,23175.65,23500.0,23400,ATM+6,PUT,23100,2026-06-11
2026-06-11 10:59:00+05:30,368.0,372.0,362.05,363.45,8840,2018510,16.26284,23176.55,23500.0,23400,ATM+6,PUT,23100,2026-06-11
2026-06-11 11:00:00+05:30,323.0,333.45,320.85,333.45,2665,374400,16.361367,23169.45,23450.0,23400,ATM+6,PUT,23100,2026-06-11
2026-06-11 11:01:00+05:30,334.7,335.0,328.0,334.3,8840,375570,16.284777,23167.15,23450.0,23400,ATM+6,PUT,23100,2026-06-11
2026-06-11 11:02:00+05:30,334.3,334.3,330.7,332.2,7540,377390,16.124697,23167.9,23450.0,23400,ATM+6,PUT,23100,2026-06-11
2026-06-11 11:03:00+05:30,372.0,374.0,361.25,361.3,10660,2012790,16.339606,23180.45,23500.0,23400,ATM+6,PUT,23100,2026-06-11
2026-06-11 11:04:00+05:30,360.0,363.0,356.05,361.35,18980,2009930,16.434395,23181.6,23500.0,23400,ATM+6,PUT,23100,2026-06-11
2026-06-11 11:05:00+05:30,359.05,361.35,344.0,346.0,33930,2012075,16.198491,23199.8,23500.0,23400,ATM+6,PUT,23100,2026-06-11
2026-06-11 11:06:00+05:30,344.0,353.2,342.2,344.45,20540,2012010,16.363349,23204.2,23500.0,23400,ATM+6,PUT,23100,2026-06-11
2026-06-11 11:07:00+05:30,341.05,355.0,340.0,355.0,28405,2019030,16.410251,23190.05,23500.0,23400,ATM+6,PUT,23100,2026-06-11
2026-06-11 11:08:00+05:30,354.35,357.5,347.25,350.55,12155,2022735,16.302008,23194.8,23500.0,23400,ATM+6,PUT,23100,2026-06-11
2026-06-11 11:09:00+05:30,353.9,362.0,350.55,353.55,17680,2022930,16.522698,23193.55,23500.0,23400,ATM+6,PUT,23100,2026-06-11
2026-06-11 11:10:00+05:30,353.6,358.0,351.9,352.55,6955,2025530,16.264486,23191.5,23500.0,23400,ATM+6,PUT,23100,2026-06-11
2026-06-11 11:11:00+05:30,353.3,356.65,350.2,355.45,9490,2022995,16.396102,23189.2,23500.0,23400,ATM+6,PUT,23100,2026-06-11
2026-06-11 11:12:00+05:30,354.3,359.0,354.0,356.1,10400,2025270,16.297933,23187.0,23500.0,23400,ATM+6,PUT,23100,2026-06-11
2026-06-11 11:13:00+05:30,356.6,358.25,352.0,357.0,7800,2026180,16.259797,23185.25,23500.0,23400,ATM+6,PUT,23100,2026-06-11
2026-06-11 11:14:00+05:30,355.95,360.4,352.95,357.85,5330,2025855,16.192639,23183.2,23500.0,23400,ATM+6,PUT,23100,2026-06-11
2026-06-11 11:15:00+05:30,358.1,358.3,352.9,354.2,4745,2025335,16.194604,23188.25,23500.0,23400,ATM+6,PUT,23100,2026-06-11
2026-06-11 11:16:00+05:30,353.6,358.7,353.45,354.75,9685,2027480,16.344899,23189.45,23500.0,23400,ATM+6,PUT,23100,2026-06-11
2026-06-11 11:17:00+05:30,354.85,358.0,348.85,351.35,11505,2025530,16.328325,23193.95,23500.0,23400,ATM+6,PUT,23100,2026-06-11
2026-06-11 11:18:00+05:30,351.1,352.5,340.2,341.75,16640,2024750,16.162341,23205.15,23500.0,23400,ATM+6,PUT,23100,2026-06-11
2026-06-11 11:19:00+05:30,341.05,346.5,338.5,345.0,26975,2031770,16.374554,23203.45,23500.0,23400,ATM+6,PUT,23100,2026-06-11
2026-06-11 11:20:00+05:30,346.0,347.6,336.0,337.1,24375,2038075,16.224598,23212.55,23500.0,23400,ATM+6,PUT,23100,2026-06-11
2026-06-11 11:21:00+05:30,336.7,337.45,329.0,330.0,49530,2049515,16.056347,23220.3,23500.0,23400,ATM+6,PUT,23100,2026-06-11
2026-06-11 11:22:00+05:30,330.7,335.8,330.0,334.8,16575,2045485,16.102117,23214.1,23500.0,23400,ATM+6,PUT,23100,2026-06-11
2026-06-11 11:23:00+05:30,336.25,339.0,331.15,339.0,14950,2053415,16.457322,23213.05,23500.0,23400,ATM+6,PUT,23100,2026-06-11
2026-06-11 11:24:00+05:30,338.05,340.4,332.6,332.6,14040,2058745,16.194969,23218.5,23500.0,23400,ATM+6,PUT,23100,2026-06-11
2026-06-11 11:25:00+05:30,331.7,334.3,330.0,334.0,9750,2063230,16.145006,23215.8,23500.0,23400,ATM+6,PUT,23100,2026-06-11
2026-06-11 11:26:00+05:30,373.3,373.3,359.9,360.95,2470,158080,16.137253,23228.5,23550.0,23400,ATM+6,PUT,23100,2026-06-11
2026-06-11 11:27:00+05:30,355.0,360.95,351.7,352.95,2795,157950,15.718845,23234.1,23550.0,23400,ATM+6,PUT,23100,2026-06-11
2026-06-11 11:28:00+05:30,352.6,354.55,350.0,351.85,1170,158600,15.754486,23236.05,23550.0,23400,ATM+6,PUT,23100,2026-06-11
2026-06-11 11:29:00+05:30,358.9,358.9,351.85,354.6,1300,158340,16.002236,23235.45,23550.0,23400,ATM+6,PUT,23100,2026-06-11
2026-06-11 11:30:00+05:30,351.0,354.6,347.15,354.15,2535,158275,16.013079,23236.2,23550.0,23400,ATM+6,PUT,23100,2026-06-11
2026-06-11 11:31:00+05:30,352.2,360.85,352.2,358.05,5590,157950,15.652428,23226.3,23550.0,23400,ATM+6,PUT,23100,2026-06-11
2026-06-11 11:32:00+05:30,361.55,362.95,358.05,360.15,3640,158795,15.869256,23226.15,23550.0,23400,ATM+6,PUT,23100,2026-06-11
2026-06-11 11:33:00+05:30,359.35,360.15,353.8,354.75,3185,158210,15.872878,23233.55,23550.0,23400,ATM+6,PUT,23100,2026-06-11
2026-06-11 11:34:00+05:30,357.9,360.65,354.75,360.65,1690,158730,15.94065,23226.35,23550.0,23400,ATM+6,PUT,23100,2026-06-11
2026-06-11 11:35:00+05:30,365.0,366.3,359.6,359.6,1495,158925,16.45242,23234.35,23550.0,23400,ATM+6,PUT,23100,2026-06-11
2026-06-11 11:36:00+05:30,320.1,329.2,319.9,327.7,19435,2111655,15.92881,23221.65,23500.0,23400,ATM+6,PUT,23100,2026-06-11
2026-06-11 11:37:00+05:30,325.3,328.8,325.3,328.25,16965,2117505,15.725727,23218.05,23500.0,23400,ATM+6,PUT,23100,2026-06-11
2026-06-11 11:38:00+05:30,328.25,333.0,327.4,332.6,32630,2113345,15.974294,23215.3,23500.0,23400,ATM+6,PUT,23100,2026-06-11
2026-06-11 11:39:00+05:30,332.9,334.9,326.85,327.9,26585,2097875,16.044251,23222.95,23500.0,23400,ATM+6,PUT,23100,2026-06-11
2026-06-11 11:40:00+05:30,328.55,330.0,324.0,328.45,6175,2096640,16.108064,23223.05,23500.0,23400,ATM+6,PUT,23100,2026-06-11
2026-06-11 11:41:00+05:30,368.8,369.15,360.0,360.8,3250,160030,16.272053,23230.3,23550.0,23400,ATM+6,PUT,23100,2026-06-11
2026-06-11 11:42:00+05:30,361.3,361.55,344.8,344.8,5265,160095,15.675517,23244.6,23550.0,23400,ATM+6,PUT,23100,2026-06-11
2026-06-11 11:43:00+05:30,346.85,350.3,344.8,350.25,1300,161200,16.019704,23241.55,23550.0,23400,ATM+6,PUT,23100,2026-06-11
2026-06-11 11:44:00+05:30,349.0,350.25,340.0,340.8,5785,160810,15.945405,23253.7,23550.0,23400,ATM+6,PUT,23100,2026-06-11
2026-06-11 11:45:00+05:30,337.55,342.6,334.85,339.75,6240,162175,15.86266,23254.05,23550.0,23400,ATM+6,PUT,23100,2026-06-11
2026-06-11 11:46:00+05:30,339.75,341.95,337.75,337.75,3315,162565,15.933813,23257.8,23550.0,23400,ATM+6,PUT,23100,2026-06-11
2026-06-11 11:47:00+05:30,337.6,340.95,326.2,326.2,11050,164905,15.577067,23269.2,23550.0,23400,ATM+6,PUT,23100,2026-06-11
2026-06-11 11:48:00+05:30,323.85,334.0,323.85,328.35,5135,168610,15.737134,23268.35,23550.0,23400,ATM+6,PUT,23100,2026-06-11
2026-06-11 11:49:00+05:30,329.85,335.35,328.35,333.1,10010,171080,15.997366,23265.2,23550.0,23400,ATM+6,PUT,23100,2026-06-11
2026-06-11 11:50:00+05:30,332.85,333.1,327.15,328.3,10335,179335,16.123996,23273.8,23550.0,23400,ATM+6,PUT,23100,2026-06-11
2026-06-11 11:51:00+05:30,327.9,330.55,325.9,330.55,7475,180115,16.004475,23268.9,23550.0,23400,ATM+6,PUT,23100,2026-06-11
2026-06-11 11:52:00+05:30,331.0,334.2,328.4,328.6,5265,180895,15.892027,23270.1,23550.0,23400,ATM+6,PUT,23100,2026-06-11
2026-06-11 11:53:00+05:30,329.45,330.5,327.25,328.75,5135,182520,16.192968,23274.1,23550.0,23400,ATM+6,PUT,23100,2026-06-11
2026-06-11 11:54:00+05:30,327.9,331.65,323.2,330.0,5135,184210,16.239152,23272.95,23550.0,23400,ATM+6,PUT,23100,2026-06-11
2026-06-11 11:55:00+05:30,327.0,330.0,323.85,328.55,2535,185120,16.152959,23273.8,23550.0,23400,ATM+6,PUT,23100,2026-06-11
2026-06-11 11:56:00+05:30,368.0,369.5,351.4,352.1,11700,627770,15.713215,23285.3,23600.0,23400,ATM+6,PUT,23100,2026-06-11
2026-06-11 11:57:00+05:30,355.45,357.95,352.1,353.0,10855,633685,15.782948,23284.95,23600.0,23400,ATM+6,PUT,23100,2026-06-11
2026-06-11 11:58:00+05:30,354.6,354.6,347.0,352.35,15925,637520,16.17352,23290.9,23600.0,23400,ATM+6,PUT,23100,2026-06-11
2026-06-11 11:59:00+05:30,353.0,359.7,352.35,359.7,7800,639405,16.358802,23283.15,23600.0,23400,ATM+6,PUT,23100,2026-06-11
2026-06-11 12:00:00+05:30,356.9,359.7,352.9,358.35,15730,651365,16.323925,23284.55,23600.0,23400,ATM+6,PUT,23100,2026-06-11
2026-06-11 12:01:00+05:30,358.05,358.35,352.05,354.6,4095,652145,16.234013,23288.55,23600.0,23400,ATM+6,PUT,23100,2026-06-11
2026-06-11 12:02:00+05:30,353.55,358.0,353.25,357.0,5720,652080,16.270553,23285.7,23600.0,23400,ATM+6,PUT,23100,2026-06-11
2026-06-11 12:03:00+05:30,357.15,357.75,351.45,354.15,3900,652080,16.298253,23290.0,23600.0,23400,ATM+6,PUT,23100,2026-06-11
2026-06-11 12:04:00+05:30,355.55,358.45,354.15,358.45,1950,651885,16.501276,23286.7,23600.0,23400,ATM+6,PUT,23100,2026-06-11
2026-06-11 12:05:00+05:30,355.95,364.7,355.15,362.25,9945,650130,16.479788,23281.15,23600.0,23400,ATM+6,PUT,23100,2026-06-11
2026-06-11 12:06:00+05:30,361.35,363.05,357.4,358.75,5525,651365,16.181612,23282.1,23600.0,23400,ATM+6,PUT,23100,2026-06-11
2026-06-11 12:07:00+05:30,358.4,359.4,351.15,351.8,9685,654875,16.076005,23290.3,23600.0,23400,ATM+6,PUT,23100,2026-06-11
2026-06-11 12:08:00+05:30,350.5,359.0,350.5,358.0,3900,655655,16.304011,23284.7,23600.0,23400,ATM+6,PUT,23100,2026-06-11
2026-06-11 12:09:00+05:30,357.0,360.0,356.2,359.45,2015,655980,16.347066,23283.25,23600.0,23400,ATM+6,PUT,23100,2026-06-11
2026-06-11 12:10:00+05:30,359.0,363.0,358.1,362.4,5850,655590,16.309753,23278.7,23600.0,23400,ATM+6,PUT,23100,2026-06-11
2026-06-11 12:11:00+05:30,360.75,366.0,360.35,364.0,4420,654680,16.391903,23277.55,23600.0,23400,ATM+6,PUT,23100,2026-06-11
2026-06-11 12:12:00+05:30,360.85,365.0,358.65,358.65,3055,655005,16.264191,23283.25,23600.0,23400,ATM+6,PUT,23100,2026-06-11
2026-06-11 12:13:00+05:30,358.0,361.4,355.4,358.7,5200,656955,16.515153,23286.45,23600.0,23400,ATM+6,PUT,23100,2026-06-11
2026-06-11 12:14:00+05:30,358.7,360.4,356.0,356.0,5070,658840,16.314773,23287.55,23600.0,23400,ATM+6,PUT,23100,2026-06-11
2026-06-11 12:15:00+05:30,355.0,356.0,341.35,343.85,29900,665080,16.06254,23301.1,23600.0,23400,ATM+6,PUT,23100,2026-06-11
2026-06-11 12:16:00+05:30,341.05,350.95,339.4,339.5,8775,669890,15.855678,23304.4,23600.0,23400,ATM+6,PUT,23100,2026-06-11
2026-06-11 12:17:00+05:30,340.25,348.0,336.75,346.85,14625,669890,16.119186,23297.65,23600.0,23400,ATM+6,PUT,23100,2026-06-11
2026-06-11 12:18:00+05:30,347.55,351.5,346.85,350.15,15405,678730,16.213698,23294.3,23600.0,23400,ATM+6,PUT,23100,2026-06-11
2026-06-11 12:19:00+05:30,349.0,355.95,349.0,355.95,8775,681395,16.461169,23289.5,23600.0,23400,ATM+6,PUT,23100,2026-06-11
2026-06-11 12:20:00+05:30,355.9,359.6,352.55,358.45,12480,683930,16.302564,23283.95,23600.0,23400,ATM+6,PUT,23100,2026-06-11
2026-06-11 12:21:00+05:30,359.05,360.3,355.8,356.3,13260,683930,16.015782,23283.2,23600.0,23400,ATM+6,PUT,23100,2026-06-11
2026-06-11 12:22:00+05:30,358.95,358.95,353.0,355.05,11310,689195,16.204588,23287.35,23600.0,23400,ATM+6,PUT,23100,2026-06-11
2026-06-11 12:23:00+05:30,356.85,357.45,349.2,350.95,12415,689195,16.229534,23293.35,23600.0,23400,ATM+6,PUT,23100,2026-06-11
2026-06-11 12:24:00+05:30,351.6,355.55,350.35,351.45,12740,695370,16.161527,23291.75,23600.0,23400,ATM+6,PUT,23100,2026-06-11
2026-06-11 12:25:00+05:30,351.4,356.85,351.4,354.65,2340,695370,16.267696,23288.7,23600.0,23400,ATM+6,PUT,23100,2026-06-11
2026-06-11 12:26:00+05:30,354.95,354.95,347.85,354.0,4485,694395,16.498885,23292.65,23600.0,23400,ATM+6,PUT,23100,2026-06-11
2026-06-11 12:27:00+05:30,353.25,354.05,350.4,350.4,1170,693940,16.136547,23292.85,23600.0,23400,ATM+6,PUT,23100,2026-06-11
2026-06-11 12:28:00+05:30,350.65,354.0,346.15,347.7,3965,694265,16.450108,23300.8,23600.0,23400,ATM+6,PUT,23100,2026-06-11
2026-06-11 12:29:00+05:30,348.55,350.35,345.25,350.15,16445,696215,16.468595,23297.6,23600.0,23400,ATM+6,PUT,23100,2026-06-11
2026-06-11 12:30:00+05:30,349.0,350.15,337.5,340.85,18980,692445,16.120998,23305.95,23600.0,23400,ATM+6,PUT,23100,2026-06-11
2026-06-11 12:31:00+05:30,343.9,344.2,331.35,333.6,16445,693225,16.107468,23316.0,23600.0,23400,ATM+6,PUT,23100,2026-06-11
2026-06-11 12:32:00+05:30,333.2,334.15,327.35,329.35,20020,696150,15.968277,23320.1,23600.0,23400,ATM+6,PUT,23100,2026-06-11
2026-06-11 12:33:00+05:30,330.0,333.0,329.35,329.7,9750,694330,15.711331,23316.05,23600.0,23400,ATM+6,PUT,23100,2026-06-11
2026-06-11 12:34:00+05:30,331.1,332.8,328.0,328.0,9165,696215,15.971576,23322.05,23600.0,23400,ATM+6,PUT,23100,2026-06-11
2026-06-11 12:35:00+05:30,326.1,340.05,325.2,336.0,28925,702585,16.150511,23313.15,23600.0,23400,ATM+6,PUT,23100,2026-06-11
2026-06-11 12:36:00+05:30,333.0,338.55,333.0,336.35,5850,709280,15.794399,23307.8,23600.0,23400,ATM+6,PUT,23100,2026-06-11
2026-06-11 12:37:00+05:30,335.0,343.0,335.0,343.0,12220,709475,15.375201,23293.1,23600.0,23400,ATM+6,PUT,23100,2026-06-11
2026-06-11 12:38:00+05:30,342.3,346.7,339.9,346.7,11700,707395,15.81378,23293.65,23600.0,23400,ATM+6,PUT,23100,2026-06-11
2026-06-11 12:39:00+05:30,343.65,346.7,340.0,340.0,1820,703560,15.410342,23297.65,23600.0,23400,ATM+6,PUT,23100,2026-06-11
2026-06-11 12:40:00+05:30,340.0,344.1,340.0,343.2,1690,703495,15.769993,23297.9,23600.0,23400,ATM+6,PUT,23100,2026-06-11
2026-06-11 12:41:00+05:30,343.85,345.25,340.45,344.55,9425,703950,15.702876,23295.15,23600.0,23400,ATM+6,PUT,23100,2026-06-11
2026-06-11 12:42:00+05:30,345.75,349.0,342.65,345.45,4745,699530,15.906164,23296.55,23600.0,23400,ATM+6,PUT,23100,2026-06-11
2026-06-11 12:43:00+05:30,345.95,352.1,345.0,346.35,25415,698945,15.768401,23293.5,23600.0,23400,ATM+6,PUT,23100,2026-06-11
2026-06-11 12:44:00+05:30,346.0,346.4,342.55,344.0,7930,693355,15.719579,23296.1,23600.0,23400,ATM+6,PUT,23100,2026-06-11
2026-06-11 12:45:00+05:30,344.6,347.15,343.7,344.0,5395,694850,15.63931,23295.05,23600.0,23400,ATM+6,PUT,23100,2026-06-11
2026-06-11 12:46:00+05:30,342.0,344.0,335.85,338.6,8580,695565,15.554834,23301.4,23600.0,23400,ATM+6,PUT,23100,2026-06-11
2026-06-11 12:47:00+05:30,337.55,346.1,337.55,344.4,3185,698165,15.54357,23293.25,23600.0,23400,ATM+6,PUT,23100,2026-06-11
2026-06-11 12:48:00+05:30,344.25,352.0,343.65,350.2,5785,700440,15.605974,23286.1,23600.0,23400,ATM+6,PUT,23100,2026-06-11
2026-06-11 12:49:00+05:30,349.45,358.75,348.2,358.25,14300,698360,15.628544,23275.45,23600.0,23400,ATM+6,PUT,23100,2026-06-11
2026-06-11 12:50:00+05:30,356.0,358.25,350.45,350.45,6695,696995,15.3383,23282.4,23600.0,23400,ATM+6,PUT,23100,2026-06-11
2026-06-11 12:51:00+05:30,350.0,355.25,347.0,355.25,4875,697645,15.753287,23281.05,23600.0,23400,ATM+6,PUT,23100,2026-06-11
2026-06-11 12:52:00+05:30,355.0,357.0,352.8,357.0,2210,696735,15.788234,23279.1,23600.0,23400,ATM+6,PUT,23100,2026-06-11
2026-06-11 12:53:00+05:30,352.7,357.0,349.9,349.9,3770,695565,15.461298,23284.65,23600.0,23400,ATM+6,PUT,23100,2026-06-11
2026-06-11 12:54:00+05:30,352.0,352.1,349.9,350.05,2730,695110,14.847576,23276.95,23600.0,23400,ATM+6,PUT,23100,2026-06-11
2026-06-11 12:55:00+05:30,350.05,350.05,350.05,350.05,0,695110,14.847577,23276.95,23600.0,23400,ATM+6,PUT,23100,2026-06-11
2026-06-11 12:56:00+05:30,356.8,356.8,347.55,351.5,7670,695045,15.501053,23282.95,23600.0,23400,ATM+6,PUT,23100,2026-06-11
2026-06-11 12:57:00+05:30,352.15,352.15,335.75,335.75,9815,695565,15.072098,23299.0,23600.0,23400,ATM+6,PUT,23100,2026-06-11
2026-06-11 12:58:00+05:30,336.6,337.45,329.65,332.6,12220,692965,15.109945,23303.8,23600.0,23400,ATM+6,PUT,23100,2026-06-11
2026-06-11 12:59:00+05:30,334.2,338.5,326.85,327.05,7280,695240,14.86342,23308.25,23600.0,23400,ATM+6,PUT,23100,2026-06-11
2026-06-11 13:00:00+05:30,327.75,327.75,312.9,316.95,34450,691730,15.004464,23324.15,23600.0,23400,ATM+6,PUT,23100,2026-06-11
2026-06-11 13:01:00+05:30,315.0,325.9,313.0,325.9,16055,696345,15.189767,23314.1,23600.0,23400,ATM+6,PUT,23100,2026-06-11
2026-06-11 13:02:00+05:30,324.2,333.15,324.05,328.3,17940,695240,14.882315,23306.75,23600.0,23400,ATM+6,PUT,23100,2026-06-11
2026-06-11 13:03:00+05:30,330.0,333.95,328.3,333.1,11830,695760,15.193483,23304.15,23600.0,23400,ATM+6,PUT,23100,2026-06-11
2026-06-11 13:04:00+05:30,333.0,336.0,332.0,336.0,4940,697320,15.305977,23301.6,23600.0,23400,ATM+6,PUT,23100,2026-06-11
2026-06-11 13:05:00+05:30,336.0,337.3,333.0,333.45,4680,698555,15.119756,23302.7,23600.0,23400,ATM+6,PUT,23100,2026-06-11
2026-06-11 13:06:00+05:30,332.0,336.0,332.0,332.85,2535,700180,14.962286,23301.5,23600.0,23400,ATM+6,PUT,23100,2026-06-11
2026-06-11 13:07:00+05:30,336.05,337.45,332.6,336.85,4095,700895,15.20047,23299.05,23600.0,23400,ATM+6,PUT,23100,2026-06-11
2026-06-11 13:08:00+05:30,337.7,343.7,336.85,340.95,9750,697515,15.07805,23291.9,23600.0,23400,ATM+6,PUT,23100,2026-06-11
2026-06-11 13:09:00+05:30,340.0,351.45,340.0,350.3,5720,698945,15.191129,23280.65,23600.0,23400,ATM+6,PUT,23100,2026-06-11
2026-06-11 13:10:00+05:30,348.8,351.65,346.95,348.6,17420,697320,15.155846,23282.5,23600.0,23400,ATM+6,PUT,23100,2026-06-11
2026-06-11 13:11:00+05:30,347.0,354.0,347.0,350.0,9100,693940,15.018732,23278.95,23600.0,23400,ATM+6,PUT,23100,2026-06-11
2026-06-11 13:12:00+05:30,312.2,324.55,312.2,320.0,9945,283660,14.855449,23267.45,23550.0,23400,ATM+6,PUT,23100,2026-06-11
2026-06-11 13:13:00+05:30,321.7,326.1,319.2,326.05,8840,281385,14.954057,23260.35,23550.0,23400,ATM+6,PUT,23100,2026-06-11
2026-06-11 13:14:00+05:30,325.35,326.05,322.0,323.65,2925,279175,14.627714,23259.45,23550.0,23400,ATM+6,PUT,23100,2026-06-11
2026-06-11 13:15:00+05:30,323.9,325.0,321.6,323.4,1690,279695,14.664121,23260.25,23550.0,23400,ATM+6,PUT,23100,2026-06-11
2026-06-11 13:16:00+05:30,320.0,326.4,319.2,325.1,4030,279630,14.448916,23255.2,23550.0,23400,ATM+6,PUT,23100,2026-06-11
2026-06-11 13:17:00+05:30,325.35,331.55,318.0,318.0,14495,277485,14.319771,23263.25,23550.0,23400,ATM+6,PUT,23100,2026-06-11
2026-06-11 13:18:00+05:30,323.95,327.95,318.0,325.55,5200,274105,14.38264,23253.75,23550.0,23400,ATM+6,PUT,23100,2026-06-11
2026-06-11 13:19:00+05:30,327.0,329.3,322.0,329.3,2795,274235,14.818549,23254.1,23550.0,23400,ATM+6,PUT,23100,2026-06-11
2026-06-11 13:20:00+05:30,328.0,337.65,327.3,336.35,10725,273130,15.287476,23250.4,23550.0,23400,ATM+6,PUT,23100,2026-06-11
2026-06-11 13:21:00+05:30,338.8,346.4,336.35,346.4,8775,269880,15.457789,23238.8,23550.0,23400,ATM+6,PUT,23100,2026-06-11
2026-06-11 13:22:00+05:30,346.0,350.25,345.0,350.05,11570,269295,15.01103,23228.4,23550.0,23400,ATM+6,PUT,23100,2026-06-11
2026-06-11 13:23:00+05:30,348.4,350.5,332.75,337.95,7345,266695,14.938954,23243.8,23550.0,23400,ATM+6,PUT,23100,2026-06-11
2026-06-11 13:24:00+05:30,337.95,343.0,337.95,339.55,4550,266500,14.748739,23239.3,23550.0,23400,ATM+6,PUT,23100,2026-06-11
2026-06-11 13:25:00+05:30,341.9,346.4,339.55,346.4,1950,267215,14.972343,23232.8,23550.0,23400,ATM+6,PUT,23100,2026-06-11
2026-06-11 13:26:00+05:30,350.4,355.15,346.4,353.6,9945,264550,15.134281,23225.1,23550.0,23400,ATM+6,PUT,23100,2026-06-11
2026-06-11 13:27:00+05:30,351.55,353.6,345.45,349.65,5655,264810,15.152559,23230.6,23550.0,23400,ATM+6,PUT,23100,2026-06-11
2026-06-11 13:28:00+05:30,349.6,350.95,342.3,343.75,3185,263120,14.770269,23233.9,23550.0,23400,ATM+6,PUT,23100,2026-06-11
2026-06-11 13:29:00+05:30,344.4,344.85,338.15,339.55,5200,261560,15.045036,23242.9,23550.0,23400,ATM+6,PUT,23100,2026-06-11
2026-06-11 13:30:00+05:30,339.65,339.65,321.0,325.1,6695,261560,14.640103,23257.5,23550.0,23400,ATM+6,PUT,23100,2026-06-11
2026-06-11 13:31:00+05:30,327.6,333.95,325.1,331.45,3770,261690,15.259365,23256.7,23550.0,23400,ATM+6,PUT,23100,2026-06-11
2026-06-11 13:32:00+05:30,326.05,331.45,320.6,323.0,4615,261430,14.829935,23262.8,23550.0,23400,ATM+6,PUT,23100,2026-06-11
2026-06-11 13:33:00+05:30,323.2,325.95,316.3,325.95,4680,260260,14.831624,23258.75,23550.0,23400,ATM+6,PUT,23100,2026-06-11
2026-06-11 13:34:00+05:30,328.95,337.0,325.95,336.65,4095,259480,14.790869,23243.65,23550.0,23400,ATM+6,PUT,23100,2026-06-11
2026-06-11 13:35:00+05:30,336.8,336.8,329.8,331.25,4485,257920,14.632763,23249.0,23550.0,23400,ATM+6,PUT,23100,2026-06-11
2026-06-11 13:36:00+05:30,332.55,333.15,324.0,324.0,1950,255320,14.428874,23256.3,23550.0,23400,ATM+6,PUT,23100,2026-06-11
2026-06-11 13:37:00+05:30,326.65,331.65,324.0,330.55,2600,255320,14.726494,23251.1,23550.0,23400,ATM+6,PUT,23100,2026-06-11
2026-06-11 13:38:00+05:30,333.6,342.2,330.55,340.85,2925,255775,15.152421,23242.4,23550.0,23400,ATM+6,PUT,23100,2026-06-11
2026-06-11 13:39:00+05:30,339.65,350.6,339.65,350.6,10270,254865,15.437251,23232.7,23550.0,23400,ATM+6,PUT,23100,2026-06-11
2026-06-11 13:40:00+05:30,346.2,350.6,340.0,349.5,1560,251420,15.320846,23232.75,23550.0,23400,ATM+6,PUT,23100,2026-06-11
2026-06-11 13:41:00+05:30,349.65,351.75,348.0,348.0,2535,251290,14.884984,23229.5,23550.0,23400,ATM+6,PUT,23100,2026-06-11
2026-06-11 13:42:00+05:30,348.15,348.3,344.1,348.3,3055,251745,14.936062,23229.7,23550.0,23400,ATM+6,PUT,23100,2026-06-11
2026-06-11 13:43:00+05:30,310.1,317.55,307.55,314.9,56095,2456610,14.511675,23219.45,23500.0,23400,ATM+6,PUT,23100,2026-06-11
2026-06-11 13:44:00+05:30,314.85,319.45,307.55,311.05,48750,2439320,14.444657,23223.9,23500.0,23400,ATM+6,PUT,23100,2026-06-11
2026-06-11 13:45:00+05:30,311.2,314.85,309.6,314.85,22165,2433015,14.638489,23221.15,23500.0,23400,ATM+6,PUT,23100,2026-06-11
2026-06-11 13:46:00+05:30,352.15,357.75,345.05,345.05,5200,247325,14.399353,23227.7,23550.0,23400,ATM+6,PUT,23100,2026-06-11
2026-06-11 13:47:00+05:30,344.3,345.05,335.2,343.0,5265,245245,14.600323,23232.75,23550.0,23400,ATM+6,PUT,23100,2026-06-11
2026-06-11 13:48:00+05:30,343.25,343.75,337.55,343.75,1755,246285,14.617661,23231.95,23550.0,23400,ATM+6,PUT,23100,2026-06-11
2026-06-11 13:49:00+05:30,346.0,346.0,342.4,344.6,1430,246675,14.578112,23230.35,23550.0,23400,ATM+6,PUT,23100,2026-06-11
2026-06-11 13:50:00+05:30,307.3,312.0,306.4,311.5,25675,2425670,14.519087,23224.2,23500.0,23400,ATM+6,PUT,23100,2026-06-11
2026-06-11 13:51:00+05:30,346.7,351.75,344.0,344.05,3445,246480,14.155244,23226.2,23550.0,23400,ATM+6,PUT,23100,2026-06-11
2026-06-11 13:52:00+05:30,344.95,350.15,342.0,342.0,2795,245115,14.248712,23229.95,23550.0,23400,ATM+6,PUT,23100,2026-06-11
2026-06-11 13:53:00+05:30,342.1,342.1,337.0,338.1,845,244790,14.313508,23235.85,23550.0,23400,ATM+6,PUT,23100,2026-06-11
2026-06-11 13:54:00+05:30,342.1,342.1,338.1,339.6,650,244595,14.368747,23234.5,23550.0,23400,ATM+6,PUT,23100,2026-06-11
2026-06-11 13:55:00+05:30,342.0,345.15,338.25,338.25,1560,244140,14.344409,23236.0,23550.0,23400,ATM+6,PUT,23100,2026-06-11
2026-06-11 13:56:00+05:30,339.65,341.4,336.0,336.0,2210,244400,14.455033,23240.3,23550.0,23400,ATM+6,PUT,23100,2026-06-11
2026-06-11 13:57:00+05:30,336.35,339.95,332.7,339.15,2860,244400,14.723869,23239.3,23550.0,23400,ATM+6,PUT,23100,2026-06-11
2026-06-11 13:58:00+05:30,338.55,339.15,328.3,328.3,2600,242905,14.24254,23248.05,23550.0,23400,ATM+6,PUT,23100,2026-06-11
2026-06-11 13:59:00+05:30,331.2,344.65,328.3,342.7,2925,242580,14.594571,23233.0,23550.0,23400,ATM+6,PUT,23100,2026-06-11
2026-06-11 14:00:00+05:30,341.85,344.8,336.45,336.45,2145,241800,14.499322,23240.2,23550.0,23400,ATM+6,PUT,23100,2026-06-11
2026-06-11 14:01:00+05:30,336.0,336.8,336.0,336.5,650,241800,14.135923,23235.85,23550.0,23400,ATM+6,PUT,23100,2026-06-11
2026-06-11 14:02:00+05:30,339.55,341.5,336.5,339.45,2340,241670,14.209658,23232.8,23550.0,23400,ATM+6,PUT,23100,2026-06-11
2026-06-11 14:03:00+05:30,339.4,340.9,337.6,340.45,1625,241605,14.618107,23236.25,23550.0,23400,ATM+6,PUT,23100,2026-06-11
2026-06-11 14:04:00+05:30,341.3,343.4,337.35,342.0,5005,240045,14.800545,23236.35,23550.0,23400,ATM+6,PUT,23100,2026-06-11
2026-06-11 14:05:00+05:30,339.75,348.4,338.3,342.55,5330,236665,14.517152,23232.25,23550.0,23400,ATM+6,PUT,23100,2026-06-11
2026-06-11 14:06:00+05:30,342.65,344.35,338.8,339.85,780,236535,14.261918,23232.85,23550.0,23400,ATM+6,PUT,23100,2026-06-11
2026-06-11 14:07:00+05:30,302.6,317.25,302.6,317.25,36725,2420860,14.819203,23220.0,23500.0,23400,ATM+6,PUT,23100,2026-06-11
2026-06-11 14:08:00+05:30,316.9,325.1,315.95,325.1,76570,2398305,14.889726,23210.05,23500.0,23400,ATM+6,PUT,23100,2026-06-11
2026-06-11 14:09:00+05:30,325.65,330.0,318.4,319.35,67210,2376465,14.46992,23212.6,23500.0,23400,ATM+6,PUT,23100,2026-06-11
2026-06-11 14:10:00+05:30,318.1,322.75,313.3,320.95,44395,2367625,14.799832,23214.6,23500.0,23400,ATM+6,PUT,23100,2026-06-11
2026-06-11 14:11:00+05:30,321.0,325.0,317.8,319.85,34385,2370030,14.564741,23213.1,23500.0,23400,ATM+6,PUT,23100,2026-06-11
2026-06-11 14:12:00+05:30,319.0,323.55,317.8,320.65,43355,2367105,14.438004,23210.4,23500.0,23400,ATM+6,PUT,23100,2026-06-11
2026-06-11 14:13:00+05:30,320.6,322.15,309.45,311.0,35880,2352675,14.406682,23223.25,23500.0,23400,ATM+6,PUT,23100,2026-06-11
2026-06-11 14:14:00+05:30,309.45,315.3,306.9,314.95,36465,2340585,14.562887,23219.8,23500.0,23400,ATM+6,PUT,23100,2026-06-11
2026-06-11 14:15:00+05:30,314.05,318.45,311.95,315.1,23400,2336295,14.218433,23215.2,23500.0,23400,ATM+6,PUT,23100,2026-06-11
2026-06-11 14:16:00+05:30,314.85,316.7,311.0,316.05,14105,2339870,14.409111,23216.3,23500.0,23400,ATM+6,PUT,23100,2026-06-11
2026-06-11 14:17:00+05:30,316.25,318.65,315.0,317.6,13195,2341170,14.415616,23214.25,23500.0,23400,ATM+6,PUT,23100,2026-06-11
2026-06-11 14:18:00+05:30,317.6,324.05,317.6,324.05,23270,2339415,14.620322,23208.0,23500.0,23400,ATM+6,PUT,23100,2026-06-11
2026-06-11 14:19:00+05:30,323.55,327.55,314.0,314.0,40040,2336230,14.228412,23216.8,23500.0,23400,ATM+6,PUT,23100,2026-06-11
2026-06-11 14:20:00+05:30,314.7,315.2,307.2,310.3,32110,2330315,14.316552,23223.0,23500.0,23400,ATM+6,PUT,23100,2026-06-11
2026-06-11 14:21:00+05:30,310.3,313.8,307.6,309.85,16250,2327260,14.013164,23219.75,23500.0,23400,ATM+6,PUT,23100,2026-06-11
2026-06-11 14:22:00+05:30,314.5,314.6,309.05,312.4,8970,2326545,14.309413,23220.0,23500.0,23400,ATM+6,PUT,23100,2026-06-11
2026-06-11 14:23:00+05:30,312.55,324.1,311.5,323.2,22100,2324465,14.630396,23209.25,23500.0,23400,ATM+6,PUT,23100,2026-06-11
2026-06-11 14:24:00+05:30,323.65,324.55,321.0,321.7,20670,2322775,14.237203,23206.4,23500.0,23400,ATM+6,PUT,23100,2026-06-11
2026-06-11 14:25:00+05:30,321.75,322.0,314.35,314.35,15990,2323360,14.250049,23216.55,23500.0,23400,ATM+6,PUT,23100,2026-06-11
2026-06-11 14:26:00+05:30,352.95,355.55,342.4,342.4,2210,218270,13.877354,23225.05,23550.0,23400,ATM+6,PUT,23100,2026-06-11
2026-06-11 14:27:00+05:30,345.25,346.75,342.15,342.2,5915,214305,13.971787,23226.35,23550.0,23400,ATM+6,PUT,23100,2026-06-11
2026-06-11 14:28:00+05:30,339.3,342.2,323.65,323.65,7215,213590,14.031707,23251.55,23550.0,23400,ATM+6,PUT,23100,2026-06-11
2026-06-11 14:29:00+05:30,323.7,335.0,322.3,335.0,2795,212095,14.433068,23241.15,23550.0,23400,ATM+6,PUT,23100,2026-06-11
2026-06-11 14:30:00+05:30,338.6,343.3,331.45,331.45,10400,208000,14.395773,23245.45,23550.0,23400,ATM+6,PUT,23100,2026-06-11
2026-06-11 14:31:00+05:30,335.35,335.65,331.45,335.25,2860,207870,14.373834,23240.1,23550.0,23400,ATM+6,PUT,23100,2026-06-11
2026-06-11 14:32:00+05:30,335.55,340.2,333.35,335.0,3705,206440,14.62653,23243.45,23550.0,23400,ATM+6,PUT,23100,2026-06-11
2026-06-11 14:33:00+05:30,336.1,347.4,335.0,347.4,11245,204230,14.810051,23229.05,23550.0,23400,ATM+6,PUT,23100,2026-06-11
2026-06-11 14:34:00+05:30,346.35,348.25,342.4,344.3,2405,199225,14.685256,23231.7,23550.0,23400,ATM+6,PUT,23100,2026-06-11
2026-06-11 14:35:00+05:30,344.25,344.55,337.65,343.8,2145,198055,15.094112,23237.25,23550.0,23400,ATM+6,PUT,23100,2026-06-11
2026-06-11 14:36:00+05:30,304.1,318.1,303.5,318.1,40625,2310555,14.405763,23213.3,23500.0,23400,ATM+6,PUT,23100,2026-06-11
2026-06-11 14:37:00+05:30,358.3,368.6,351.95,353.5,7995,194285,15.246768,23226.05,23550.0,23400,ATM+6,PUT,23100,2026-06-11
2026-06-11 14:38:00+05:30,313.8,323.65,310.8,321.95,39455,2265445,15.215827,23218.4,23500.0,23400,ATM+6,PUT,23100,2026-06-11
2026-06-11 14:39:00+05:30,321.85,333.15,321.85,324.9,73775,2246075,15.430013,23217.1,23500.0,23400,ATM+6,PUT,23100,2026-06-11
2026-06-11 14:40:00+05:30,324.2,332.8,323.5,329.75,39455,2234830,15.269667,23208.25,23500.0,23400,ATM+6,PUT,23100,2026-06-11
2026-06-11 14:41:00+05:30,330.3,335.55,327.0,328.0,71760,2203240,15.509553,23213.8,23500.0,23400,ATM+6,PUT,23100,2026-06-11
2026-06-11 14:42:00+05:30,328.15,333.85,325.1,333.4,54080,2190370,15.842955,23210.65,23500.0,23400,ATM+6,PUT,23100,2026-06-11
2026-06-11 14:43:00+05:30,332.8,345.0,329.85,345.0,96590,2151045,16.057702,23197.3,23500.0,23400,ATM+6,PUT,23100,2026-06-11
2026-06-11 14:44:00+05:30,344.4,347.45,338.45,341.9,83915,2126995,15.950633,23200.2,23500.0,23400,ATM+6,PUT,23100,2026-06-11
2026-06-11 14:45:00+05:30,339.2,346.65,338.8,345.25,47775,2114060,16.082013,23197.25,23500.0,23400,ATM+6,PUT,23100,2026-06-11
2026-06-11 14:46:00+05:30,345.45,351.6,336.85,350.05,60125,2110420,16.190515,23192.0,23500.0,23400,ATM+6,PUT,23100,2026-06-11
2026-06-11 14:47:00+05:30,314.95,331.35,311.65,331.35,86450,378950,16.141183,23167.1,23450.0,23400,ATM+6,PUT,23100,2026-06-11
2026-06-11 14:48:00+05:30,369.9,370.5,355.0,357.3,58175,2051400,16.056711,23180.35,23500.0,23400,ATM+6,PUT,23100,2026-06-11
2026-06-11 14:49:00+05:30,355.45,357.4,347.15,349.45,38935,2040090,16.213712,23193.1,23500.0,23400,ATM+6,PUT,23100,2026-06-11
2026-06-11 14:50:00+05:30,313.3,325.7,311.7,325.7,25480,381030,15.96969,23172.75,23450.0,23400,ATM+6,PUT,23100,2026-06-11
2026-06-11 14:51:00+05:30,324.1,325.7,316.9,323.25,11700,382265,15.68893,23172.4,23450.0,23400,ATM+6,PUT,23100,2026-06-11
2026-06-11 14:52:00+05:30,322.25,326.25,320.35,326.1,8515,382655,15.891544,23171.1,23450.0,23400,ATM+6,PUT,23100,2026-06-11
2026-06-11 14:53:00+05:30,323.4,326.1,320.15,322.15,11635,382915,15.693612,23174.0,23450.0,23400,ATM+6,PUT,23100,2026-06-11
2026-06-11 14:54:00+05:30,319.45,325.55,319.45,323.15,6175,381095,15.628586,23171.7,23450.0,23400,ATM+6,PUT,23100,2026-06-11
2026-06-11 14:55:00+05:30,322.95,325.65,319.0,321.1,10205,381030,15.481053,23172.6,23450.0,23400,ATM+6,PUT,23100,2026-06-11
2026-06-11 14:56:00+05:30,320.35,326.0,319.75,326.0,16250,377650,15.828499,23170.35,23450.0,23400,ATM+6,PUT,23100,2026-06-11
2026-06-11 14:57:00+05:30,324.05,328.55,323.0,325.25,10400,377910,15.438752,23166.2,23450.0,23400,ATM+6,PUT,23100,2026-06-11
2026-06-11 14:58:00+05:30,325.7,326.4,321.35,322.0,8450,378105,15.570219,23172.5,23450.0,23400,ATM+6,PUT,23100,2026-06-11
2026-06-11 14:59:00+05:30,357.9,367.4,357.0,362.3,39390,1984775,16.346949,23177.05,23500.0,23400,ATM+6,PUT,23100,2026-06-11
2026-06-11 15:00:00+05:30,316.9,333.75,304.0,333.0,33800,372580,15.328057,23154.0,23450.0,23400,ATM+6,PUT,23100,2026-06-11
2026-06-11 15:01:00+05:30,333.65,341.15,331.1,333.9,35230,369265,15.35927,23153.15,23450.0,23400,ATM+6,PUT,23100,2026-06-11
2026-06-11 15:02:00+05:30,335.6,344.8,330.6,334.85,21125,368420,15.899119,23158.8,23450.0,23400,ATM+6,PUT,23100,2026-06-11
2026-06-11 15:03:00+05:30,333.65,340.35,333.65,336.6,9750,367965,16.04378,23158.25,23450.0,23400,ATM+6,PUT,23100,2026-06-11
2026-06-11 15:04:00+05:30,337.3,341.55,335.15,341.55,5785,368485,15.54703,23145.0,23450.0,23400,ATM+6,PUT,23100,2026-06-11
2026-06-11 15:05:00+05:30,341.75,347.0,339.0,342.05,15275,364130,15.803854,23147.55,23450.0,23400,ATM+6,PUT,23100,2026-06-11
2026-06-11 15:06:00+05:30,340.45,347.95,337.55,346.65,14690,360100,15.653678,23139.35,23450.0,23400,ATM+6,PUT,23100,2026-06-11
2026-06-11 15:07:00+05:30,348.45,348.45,340.0,340.0,7865,358215,15.626449,23148.1,23450.0,23400,ATM+6,PUT,23100,2026-06-11
2026-06-11 15:08:00+05:30,337.55,341.6,334.7,341.6,6695,357370,14.849644,23136.4,23450.0,23400,ATM+6,PUT,23100,2026-06-11
2026-06-11 15:09:00+05:30,341.85,341.95,335.6,336.3,2600,357370,14.877866,23143.85,23450.0,23400,ATM+6,PUT,23100,2026-06-11
2026-06-11 15:10:00+05:30,332.05,336.3,325.2,325.2,5590,357825,14.293866,23151.75,23450.0,23400,ATM+6,PUT,23100,2026-06-11
2026-06-11 15:11:00+05:30,324.1,332.5,321.95,332.5,12415,356525,14.473932,23144.1,23450.0,23400,ATM+6,PUT,23100,2026-06-11
2026-06-11 15:12:00+05:30,332.75,335.1,326.45,326.45,4355,359255,14.418118,23151.55,23450.0,23400,ATM+6,PUT,23100,2026-06-11
2026-06-11 15:13:00+05:30,326.05,327.6,319.4,319.5,9035,357045,14.489952,23161.85,23450.0,23400,ATM+6,PUT,23100,2026-06-11
2026-06-11 15:14:00+05:30,319.55,326.35,317.25,324.35,7800,359580,15.323957,23165.8,23450.0,23400,ATM+6,PUT,23100,2026-06-11
2026-06-11 15:15:00+05:30,325.85,334.4,324.05,324.05,19955,354315,15.338549,23166.4,23450.0,23400,ATM+6,PUT,23100,2026-06-11
2026-06-11 15:16:00+05:30,363.7,364.7,349.35,350.0,51220,1893645,15.28233,23180.55,23500.0,23400,ATM+6,PUT,23100,2026-06-11
2026-06-11 15:17:00+05:30,345.35,351.45,345.35,349.05,42900,1884805,15.289193,23181.9,23500.0,23400,ATM+6,PUT,23100,2026-06-11
2026-06-11 15:18:00+05:30,348.8,358.75,348.0,357.9,41080,1885715,16.20785,23181.15,23500.0,23400,ATM+6,PUT,23100,2026-06-11
2026-06-11 15:19:00+05:30,322.0,325.25,318.75,323.4,3770,351000,15.694703,23172.0,23450.0,23400,ATM+6,PUT,23100,2026-06-11
2026-06-11 15:20:00+05:30,362.2,362.6,356.85,357.9,17810,1887535,15.970781,23178.2,23500.0,23400,ATM+6,PUT,23100,2026-06-11
2026-06-11 15:21:00+05:30,358.4,359.25,352.3,359.25,27560,1874275,15.994259,23176.65,23500.0,23400,ATM+6,PUT,23100,2026-06-11
2026-06-11 15:22:00+05:30,321.15,323.55,319.05,323.05,9425,351780,15.502742,23169.9,23450.0,23400,ATM+6,PUT,23100,2026-06-11
2026-06-11 15:23:00+05:30,323.9,327.3,318.55,319.25,6175,351455,15.176246,23170.9,23450.0,23400,ATM+6,PUT,23100,2026-06-11
2026-06-11 15:24:00+05:30,318.55,320.7,317.15,317.9,6890,352625,15.238339,23173.6,23450.0,23400,ATM+6,PUT,23100,2026-06-11
2026-06-11 15:25:00+05:30,317.7,319.1,309.8,310.25,11310,351325,14.48435,23174.4,23450.0,23400,ATM+6,PUT,23100,2026-06-11
2026-06-11 15:26:00+05:30,345.75,349.75,340.1,340.1,26130,1852240,13.799606,23176.6,23500.0,23400,ATM+6,PUT,23100,2026-06-11
2026-06-11 15:27:00+05:30,343.5,346.1,340.1,344.3,19565,1851980,14.516473,23179.1,23500.0,23400,ATM+6,PUT,23100,2026-06-11
2026-06-11 15:28:00+05:30,343.6,346.65,343.1,345.0,25220,1850160,14.680205,23180.05,23500.0,23400,ATM+6,PUT,23100,2026-06-11
2026-06-11 15:29:00+05:30,343.7,345.0,339.1,340.85,57070,1845480,14.764568,23186.55,23500.0,23400,ATM+6,PUT,23100,2026-06-11
2026-06-11 09:15:00+05:30,51.05,58.55,45.05,53.35,493155,2079480,14.400095,23104.4,23450.0,23450,ATM+7,CALL,23100,2026-06-11
2026-06-11 09:16:00+05:30,53.25,53.5,46.55,47.1,350220,2117245,14.229743,23082.3,23450.0,23450,ATM+7,CALL,23100,2026-06-11
2026-06-11 09:17:00+05:30,46.9,50.5,46.7,50.5,237055,2105610,14.368497,23092.9,23450.0,23450,ATM+7,CALL,23100,2026-06-11
2026-06-11 09:18:00+05:30,50.15,52.25,49.4,50.15,218530,2107170,14.139028,23100.1,23450.0,23450,ATM+7,CALL,23100,2026-06-11
2026-06-11 09:19:00+05:30,50.1,52.5,49.95,52.5,180050,2121145,13.999776,23115.85,23450.0,23450,ATM+7,CALL,23100,2026-06-11
2026-06-11 09:20:00+05:30,42.6,43.6,41.1,43.4,584740,6795880,13.835196,23128.6,23500.0,23450,ATM+7,CALL,23100,2026-06-11
2026-06-11 09:21:00+05:30,43.15,47.25,42.85,46.5,639405,6868615,13.868344,23142.45,23500.0,23450,ATM+7,CALL,23100,2026-06-11
2026-06-11 09:22:00+05:30,45.85,46.85,43.6,44.7,507520,6834295,13.636754,23142.9,23500.0,23450,ATM+7,CALL,23100,2026-06-11
2026-06-11 09:23:00+05:30,45.1,46.05,43.05,43.65,390325,6871475,13.701644,23135.25,23500.0,23450,ATM+7,CALL,23100,2026-06-11
2026-06-11 09:24:00+05:30,54.3,55.05,50.8,51.0,208130,2217995,13.804401,23116.8,23450.0,23450,ATM+7,CALL,23100,2026-06-11
2026-06-11 09:25:00+05:30,50.35,51.35,49.4,49.7,116740,2225795,13.858556,23109.0,23450.0,23450,ATM+7,CALL,23100,2026-06-11
2026-06-11 09:26:00+05:30,49.65,51.05,48.95,50.35,124995,2236780,13.976135,23107.5,23450.0,23450,ATM+7,CALL,23100,2026-06-11
2026-06-11 09:27:00+05:30,50.05,51.3,47.45,49.2,138255,2258230,13.999188,23101.45,23450.0,23450,ATM+7,CALL,23100,2026-06-11
2026-06-11 09:28:00+05:30,49.3,51.7,49.2,51.25,143585,2292355,13.816327,23117.6,23450.0,23450,ATM+7,CALL,23100,2026-06-11
2026-06-11 09:29:00+05:30,51.65,52.8,50.45,52.0,121160,2307500,13.789868,23121.9,23450.0,23450,ATM+7,CALL,23100,2026-06-11
2026-06-11 09:30:00+05:30,52.0,52.25,48.25,48.9,118950,2325050,13.732909,23110.35,23450.0,23450,ATM+7,CALL,23100,2026-06-11
2026-06-11 09:31:00+05:30,48.9,50.55,47.65,50.55,91650,2313220,13.755909,23116.9,23450.0,23450,ATM+7,CALL,23100,2026-06-11
2026-06-11 09:32:00+05:30,51.3,51.5,49.0,49.0,126685,2329145,13.65202,23113.95,23450.0,23450,ATM+7,CALL,23100,2026-06-11
2026-06-11 09:33:00+05:30,48.95,49.0,46.2,46.5,100750,2320435,13.675505,23101.6,23450.0,23450,ATM+7,CALL,23100,2026-06-11
2026-06-11 09:34:00+05:30,46.25,48.35,46.25,48.15,97240,2337140,13.66571,23109.65,23450.0,23450,ATM+7,CALL,23100,2026-06-11
2026-06-11 09:35:00+05:30,47.7,48.15,45.6,45.6,127075,2344290,13.687638,23096.95,23450.0,23450,ATM+7,CALL,23100,2026-06-11
2026-06-11 09:36:00+05:30,46.0,48.05,45.6,48.05,66235,2395640,13.58493,23112.35,23450.0,23450,ATM+7,CALL,23100,2026-06-11
2026-06-11 09:37:00+05:30,48.0,49.95,47.75,49.5,115505,2376660,13.573342,23119.35,23450.0,23450,ATM+7,CALL,23100,2026-06-11
2026-06-11 09:38:00+05:30,40.05,41.9,39.7,41.45,282035,7682935,13.571514,23129.95,23500.0,23450,ATM+7,CALL,23100,2026-06-11
2026-06-11 09:39:00+05:30,41.4,42.65,41.4,42.0,271700,7682220,13.582377,23132.35,23500.0,23450,ATM+7,CALL,23100,2026-06-11
2026-06-11 09:40:00+05:30,52.2,52.3,48.95,48.95,78845,2366260,13.500798,23119.75,23450.0,23450,ATM+7,CALL,23100,2026-06-11
2026-06-11 09:41:00+05:30,48.85,49.9,48.55,49.6,89310,2373410,13.562516,23120.35,23450.0,23450,ATM+7,CALL,23100,2026-06-11
2026-06-11 09:42:00+05:30,49.0,49.6,47.7,48.9,65325,2366845,13.490223,23120.0,23450.0,23450,ATM+7,CALL,23100,2026-06-11
2026-06-11 09:43:00+05:30,39.5,42.75,39.2,42.7,228215,7675850,13.448951,23141.3,23500.0,23450,ATM+7,CALL,23100,2026-06-11
2026-06-11 09:44:00+05:30,42.7,43.6,42.55,43.05,276510,7642700,13.418911,23144.25,23500.0,23450,ATM+7,CALL,23100,2026-06-11
2026-06-11 09:45:00+05:30,43.05,44.15,41.5,43.15,267280,7626580,13.396769,23145.65,23500.0,23450,ATM+7,CALL,23100,2026-06-11
2026-06-11 09:46:00+05:30,43.2,44.4,42.0,44.25,215605,7644975,13.308919,23154.45,23500.0,23450,ATM+7,CALL,23100,2026-06-11
2026-06-11 09:47:00+05:30,44.15,44.25,42.95,43.2,256360,7644845,13.301806,23149.7,23500.0,23450,ATM+7,CALL,23100,2026-06-11
2026-06-11 09:48:00+05:30,43.1,43.6,41.65,41.65,186485,7617025,13.316556,23141.5,23500.0,23450,ATM+7,CALL,23100,2026-06-11
2026-06-11 09:49:00+05:30,41.85,44.1,41.65,44.0,178750,7605715,13.310566,23153.3,23500.0,23450,ATM+7,CALL,23100,2026-06-11
2026-06-11 09:50:00+05:30,44.1,47.15,42.6,47.0,686595,7567820,13.427588,23162.9,23500.0,23450,ATM+7,CALL,23100,2026-06-11
2026-06-11 09:51:00+05:30,45.9,47.7,45.7,47.25,491920,7442175,13.338171,23167.5,23500.0,23450,ATM+7,CALL,23100,2026-06-11
2026-06-11 09:52:00+05:30,47.0,47.65,45.4,47.15,292240,7422610,13.240702,23170.8,23500.0,23450,ATM+7,CALL,23100,2026-06-11
2026-06-11 09:53:00+05:30,47.2,48.45,46.7,47.25,286975,7428785,13.214162,23172.3,23500.0,23450,ATM+7,CALL,23100,2026-06-11
2026-06-11 09:54:00+05:30,47.25,47.35,44.15,44.4,314925,7421570,13.388933,23152.35,23500.0,23450,ATM+7,CALL,23100,2026-06-11
2026-06-11 09:55:00+05:30,44.65,44.7,41.8,42.3,473005,7418645,13.39636,23141.85,23500.0,23450,ATM+7,CALL,23100,2026-06-11
2026-06-11 09:56:00+05:30,42.3,44.0,41.65,41.65,199030,7436845,13.349416,23140.5,23500.0,23450,ATM+7,CALL,23100,2026-06-11
2026-06-11 09:57:00+05:30,41.55,41.7,39.8,40.05,196040,7469605,13.380171,23131.15,23500.0,23450,ATM+7,CALL,23100,2026-06-11
2026-06-11 09:58:00+05:30,49.7,49.7,47.0,47.1,141180,2284230,13.430994,23114.7,23450.0,23450,ATM+7,CALL,23100,2026-06-11
2026-06-11 09:59:00+05:30,46.9,49.0,46.1,47.05,104845,2287025,13.349918,23117.6,23450.0,23450,ATM+7,CALL,23100,2026-06-11
2026-06-11 10:00:00+05:30,38.0,40.3,37.9,40.1,232895,7687550,13.413161,23130.2,23500.0,23450,ATM+7,CALL,23100,2026-06-11
2026-06-11 10:01:00+05:30,40.4,40.9,39.9,40.2,177060,7684950,13.369709,23132.5,23500.0,23450,ATM+7,CALL,23100,2026-06-11
2026-06-11 10:02:00+05:30,49.85,49.9,47.8,48.0,59605,2333825,13.326382,23122.9,23450.0,23450,ATM+7,CALL,23100,2026-06-11
2026-06-11 10:03:00+05:30,48.25,49.95,47.25,47.85,66105,2330445,13.363681,23120.85,23450.0,23450,ATM+7,CALL,23100,2026-06-11
2026-06-11 10:04:00+05:30,47.8,48.4,46.1,46.2,90415,2343380,13.48886,23108.55,23450.0,23450,ATM+7,CALL,23100,2026-06-11
2026-06-11 10:05:00+05:30,46.1,47.15,45.0,46.95,127725,2381600,13.489144,23112.05,23450.0,23450,ATM+7,CALL,23100,2026-06-11
2026-06-11 10:06:00+05:30,38.05,41.2,37.7,40.6,304460,7759180,13.305854,23137.3,23500.0,23450,ATM+7,CALL,23100,2026-06-11
2026-06-11 10:07:00+05:30,40.8,42.85,40.45,42.3,302835,7733245,13.257079,23147.8,23500.0,23450,ATM+7,CALL,23100,2026-06-11
2026-06-11 10:08:00+05:30,42.5,44.85,41.95,44.7,455650,7660120,13.322115,23156.9,23500.0,23450,ATM+7,CALL,23100,2026-06-11
2026-06-11 10:09:00+05:30,44.85,45.3,43.45,43.55,275210,7658625,13.180636,23156.95,23500.0,23450,ATM+7,CALL,23100,2026-06-11
2026-06-11 10:10:00+05:30,43.4,44.9,43.05,43.6,203385,7637760,13.153076,23158.3,23500.0,23450,ATM+7,CALL,23100,2026-06-11
2026-06-11 10:11:00+05:30,43.5,44.9,43.4,44.9,166985,7658820,13.191699,23163.0,23500.0,23450,ATM+7,CALL,23100,2026-06-11
2026-06-11 10:12:00+05:30,44.6,44.9,43.0,43.25,329680,7656870,13.154188,23156.65,23500.0,23450,ATM+7,CALL,23100,2026-06-11
2026-06-11 10:13:00+05:30,43.4,44.5,43.25,44.05,109785,7543705,13.173864,23159.75,23500.0,23450,ATM+7,CALL,23100,2026-06-11
2026-06-11 10:14:00+05:30,43.9,44.6,41.35,41.9,223860,7526675,13.221207,23147.5,23500.0,23450,ATM+7,CALL,23100,2026-06-11
2026-06-11 10:15:00+05:30,41.95,43.75,41.8,43.3,164190,7541365,13.131151,23157.9,23500.0,23450,ATM+7,CALL,23100,2026-06-11
2026-06-11 10:16:00+05:30,43.9,44.85,43.15,43.95,263640,7541235,13.030308,23164.95,23500.0,23450,ATM+7,CALL,23100,2026-06-11
2026-06-11 10:17:00+05:30,43.8,45.9,43.7,45.8,263380,7567950,13.146272,23169.15,23500.0,23450,ATM+7,CALL,23100,2026-06-11
2026-06-11 10:18:00+05:30,45.65,46.9,44.05,46.55,232635,7569575,13.136283,23173.0,23500.0,23450,ATM+7,CALL,23100,2026-06-11
2026-06-11 10:19:00+05:30,37.35,38.05,36.9,38.05,108355,1867255,13.061645,23183.15,23550.0,23450,ATM+7,CALL,23100,2026-06-11
2026-06-11 10:20:00+05:30,38.35,40.65,37.15,40.5,204035,1836965,13.202305,23190.25,23550.0,23450,ATM+7,CALL,23100,2026-06-11
2026-06-11 10:21:00+05:30,39.9,40.5,37.45,37.65,149435,1799850,13.035768,23182.15,23550.0,23450,ATM+7,CALL,23100,2026-06-11
2026-06-11 10:22:00+05:30,37.75,38.7,37.55,38.05,73125,1834105,13.144572,23179.9,23550.0,23450,ATM+7,CALL,23100,2026-06-11
2026-06-11 10:23:00+05:30,38.35,39.3,37.95,38.1,107900,1837745,13.111408,23181.55,23550.0,23450,ATM+7,CALL,23100,2026-06-11
2026-06-11 10:24:00+05:30,38.3,38.55,37.3,38.0,63895,1846910,13.1436,23179.75,23550.0,23450,ATM+7,CALL,23100,2026-06-11
2026-06-11 10:25:00+05:30,38.05,38.3,37.05,37.15,53365,1857180,13.042433,23179.35,23550.0,23450,ATM+7,CALL,23100,2026-06-11
2026-06-11 10:26:00+05:30,37.45,40.25,37.1,39.9,88790,1855230,13.05882,23193.15,23550.0,23450,ATM+7,CALL,23100,2026-06-11
2026-06-11 10:27:00+05:30,39.75,43.0,39.6,43.0,249600,1825655,13.083254,23207.6,23550.0,23450,ATM+7,CALL,23100,2026-06-11
2026-06-11 10:28:00+05:30,43.0,43.35,39.95,41.0,170105,1804985,13.043186,23199.4,23550.0,23450,ATM+7,CALL,23100,2026-06-11
2026-06-11 10:29:00+05:30,40.95,42.35,40.55,41.3,65520,1799395,13.079371,23199.5,23550.0,23450,ATM+7,CALL,23100,2026-06-11
2026-06-11 10:30:00+05:30,41.45,42.75,38.45,39.0,139685,1809665,13.053022,23188.9,23550.0,23450,ATM+7,CALL,23100,2026-06-11
2026-06-11 10:31:00+05:30,38.95,40.1,38.05,39.55,101660,1802190,12.868568,23199.15,23550.0,23450,ATM+7,CALL,23100,2026-06-11
2026-06-11 10:32:00+05:30,39.75,41.65,39.0,41.0,61165,1810445,12.930673,23204.0,23550.0,23450,ATM+7,CALL,23100,2026-06-11
2026-06-11 10:33:00+05:30,40.65,41.0,39.0,40.25,68120,1816360,12.964424,23198.95,23550.0,23450,ATM+7,CALL,23100,2026-06-11
2026-06-11 10:34:00+05:30,40.0,40.5,39.6,40.0,23075,1819610,12.887125,23200.8,23550.0,23450,ATM+7,CALL,23100,2026-06-11
2026-06-11 10:35:00+05:30,40.05,41.75,40.0,40.2,39455,1816360,12.898295,23201.4,23550.0,23450,ATM+7,CALL,23100,2026-06-11
2026-06-11 10:36:00+05:30,40.25,40.25,38.85,39.6,58045,1825460,12.953541,23196.2,23550.0,23450,ATM+7,CALL,23100,2026-06-11
2026-06-11 10:37:00+05:30,39.65,40.25,38.6,39.15,35815,1828320,13.004242,23191.9,23550.0,23450,ATM+7,CALL,23100,2026-06-11
2026-06-11 10:38:00+05:30,39.8,40.7,39.15,40.55,36595,1836705,13.003348,23199.1,23550.0,23450,ATM+7,CALL,23100,2026-06-11
2026-06-11 10:39:00+05:30,40.7,42.1,40.05,41.5,46995,1840215,12.912271,23207.45,23550.0,23450,ATM+7,CALL,23100,2026-06-11
2026-06-11 10:40:00+05:30,41.55,42.65,40.75,42.45,92430,1828255,12.904749,23212.4,23550.0,23450,ATM+7,CALL,23100,2026-06-11
2026-06-11 10:41:00+05:30,42.25,42.5,40.4,40.45,86775,1796080,12.883789,23203.45,23550.0,23450,ATM+7,CALL,23100,2026-06-11
2026-06-11 10:42:00+05:30,40.8,41.25,39.85,41.25,63245,1799590,12.92449,23205.85,23550.0,23450,ATM+7,CALL,23100,2026-06-11
2026-06-11 10:43:00+05:30,41.3,41.85,40.45,40.55,24960,1803165,12.932371,23202.1,23550.0,23450,ATM+7,CALL,23100,2026-06-11
2026-06-11 10:44:00+05:30,40.55,41.2,39.8,40.75,50895,1817400,12.888982,23204.85,23550.0,23450,ATM+7,CALL,23100,2026-06-11
2026-06-11 10:45:00+05:30,40.65,40.9,39.05,40.9,41925,1812200,12.915102,23204.6,23550.0,23450,ATM+7,CALL,23100,2026-06-11
2026-06-11 10:46:00+05:30,40.5,41.6,40.0,40.05,45890,1812265,12.758423,23206.6,23550.0,23450,ATM+7,CALL,23100,2026-06-11
2026-06-11 10:47:00+05:30,40.0,41.35,39.75,41.05,19305,1814800,12.789824,23210.35,23550.0,23450,ATM+7,CALL,23100,2026-06-11
2026-06-11 10:48:00+05:30,41.35,41.95,39.5,40.4,52845,1814215,12.827157,23205.7,23550.0,23450,ATM+7,CALL,23100,2026-06-11
2026-06-11 10:49:00+05:30,40.4,40.4,38.5,38.5,38610,1814085,12.885566,23193.75,23550.0,23450,ATM+7,CALL,23100,2026-06-11
2026-06-11 10:50:00+05:30,38.55,38.65,36.9,37.0,93275,1814540,12.872833,23186.4,23550.0,23450,ATM+7,CALL,23100,2026-06-11
2026-06-11 10:51:00+05:30,37.0,39.55,37.0,38.25,45825,1816620,12.948276,23190.0,23550.0,23450,ATM+7,CALL,23100,2026-06-11
2026-06-11 10:52:00+05:30,38.15,39.25,37.3,37.65,40820,1823510,12.9193,23188.05,23550.0,23450,ATM+7,CALL,23100,2026-06-11
2026-06-11 10:53:00+05:30,47.3,47.3,44.25,44.85,270920,7217405,12.915732,23174.9,23500.0,23450,ATM+7,CALL,23100,2026-06-11
2026-06-11 10:54:00+05:30,44.4,45.5,43.6,44.85,204490,7214415,12.921905,23174.7,23500.0,23450,ATM+7,CALL,23100,2026-06-11
2026-06-11 10:55:00+05:30,44.65,44.95,43.45,44.2,136175,7220070,12.883394,23173.2,23500.0,23450,ATM+7,CALL,23100,2026-06-11
2026-06-11 10:56:00+05:30,35.0,36.4,34.75,36.0,31395,1835730,12.907592,23179.8,23550.0,23450,ATM+7,CALL,23100,2026-06-11
2026-06-11 10:57:00+05:30,36.15,36.2,34.9,35.4,45955,1844960,12.888926,23177.3,23550.0,23450,ATM+7,CALL,23100,2026-06-11
2026-06-11 10:58:00+05:30,35.1,35.95,34.25,34.6,41015,1857830,12.82162,23175.65,23550.0,23450,ATM+7,CALL,23100,2026-06-11
2026-06-11 10:59:00+05:30,34.5,35.9,33.9,35.85,39390,1863290,12.969585,23176.55,23550.0,23450,ATM+7,CALL,23100,2026-06-11
2026-06-11 11:00:00+05:30,44.6,45.75,43.0,43.1,104975,7299435,12.851382,23169.45,23500.0,23450,ATM+7,CALL,23100,2026-06-11
2026-06-11 11:01:00+05:30,43.05,44.4,42.3,43.1,188110,7305870,12.911804,23167.15,23500.0,23450,ATM+7,CALL,23100,2026-06-11
2026-06-11 11:02:00+05:30,43.3,43.7,42.65,42.95,162240,7308860,12.874936,23167.9,23500.0,23450,ATM+7,CALL,23100,2026-06-11
2026-06-11 11:03:00+05:30,33.8,35.95,33.35,35.95,56810,1892345,12.891564,23180.45,23550.0,23450,ATM+7,CALL,23100,2026-06-11
2026-06-11 11:04:00+05:30,36.25,37.1,35.45,35.8,128700,1892280,12.844335,23181.6,23550.0,23450,ATM+7,CALL,23100,2026-06-11
2026-06-11 11:05:00+05:30,35.95,38.75,35.8,38.5,107965,1891240,12.749491,23199.8,23550.0,23450,ATM+7,CALL,23100,2026-06-11
2026-06-11 11:06:00+05:30,38.65,39.3,37.05,39.15,91390,1900340,12.723309,23204.2,23550.0,23450,ATM+7,CALL,23100,2026-06-11
2026-06-11 11:07:00+05:30,39.15,39.8,36.15,36.2,84825,1904500,12.693194,23190.05,23550.0,23450,ATM+7,CALL,23100,2026-06-11
2026-06-11 11:08:00+05:30,36.3,38.0,35.95,37.0,46540,1900925,12.682133,23194.8,23550.0,23450,ATM+7,CALL,23100,2026-06-11
2026-06-11 11:09:00+05:30,36.55,37.0,34.6,36.35,66755,1906320,12.628638,23193.55,23550.0,23450,ATM+7,CALL,23100,2026-06-11
2026-06-11 11:10:00+05:30,36.25,36.7,35.2,36.7,38935,1911975,12.726196,23191.5,23550.0,23450,ATM+7,CALL,23100,2026-06-11
2026-06-11 11:11:00+05:30,36.15,36.9,35.45,35.9,37375,1908010,12.678015,23189.2,23550.0,23450,ATM+7,CALL,23100,2026-06-11
2026-06-11 11:12:00+05:30,35.85,36.25,34.85,35.8,40950,1924910,12.719611,23187.0,23550.0,23450,ATM+7,CALL,23100,2026-06-11
2026-06-11 11:13:00+05:30,35.55,36.65,35.4,35.55,91195,1921270,12.73003,23185.25,23550.0,23450,ATM+7,CALL,23100,2026-06-11
2026-06-11 11:14:00+05:30,35.9,36.6,34.95,35.55,49920,1925300,12.781069,23183.2,23550.0,23450,ATM+7,CALL,23100,2026-06-11
2026-06-11 11:15:00+05:30,35.9,36.8,35.05,36.45,54860,1920880,12.777952,23188.25,23550.0,23450,ATM+7,CALL,23100,2026-06-11
2026-06-11 11:16:00+05:30,36.15,36.8,35.5,36.35,17225,1926470,12.736113,23189.45,23550.0,23450,ATM+7,CALL,23100,2026-06-11
2026-06-11 11:17:00+05:30,36.05,37.3,35.3,36.75,43940,1924520,12.67871,23193.95,23550.0,23450,ATM+7,CALL,23100,2026-06-11
2026-06-11 11:18:00+05:30,36.75,38.75,36.45,38.45,59085,1924585,12.621075,23205.15,23550.0,23450,ATM+7,CALL,23100,2026-06-11
2026-06-11 11:19:00+05:30,38.75,39.5,37.85,38.45,59670,1910220,12.664636,23203.45,23550.0,23450,ATM+7,CALL,23100,2026-06-11
2026-06-11 11:20:00+05:30,38.2,40.05,37.65,40.05,57460,1907620,12.639191,23212.55,23550.0,23450,ATM+7,CALL,23100,2026-06-11
2026-06-11 11:21:00+05:30,40.05,42.25,39.7,41.9,130390,1891045,12.672333,23220.3,23550.0,23450,ATM+7,CALL,23100,2026-06-11
2026-06-11 11:22:00+05:30,41.9,41.95,40.4,40.65,91585,1899170,12.676849,23214.1,23550.0,23450,ATM+7,CALL,23100,2026-06-11
2026-06-11 11:23:00+05:30,40.45,42.05,39.95,39.95,113100,1892865,12.616684,23213.05,23550.0,23450,ATM+7,CALL,23100,2026-06-11
2026-06-11 11:24:00+05:30,40.05,41.5,39.5,41.15,73320,1888185,12.628547,23218.5,23550.0,23450,ATM+7,CALL,23100,2026-06-11
2026-06-11 11:25:00+05:30,41.55,42.25,40.9,41.05,84305,1881880,12.686145,23215.8,23550.0,23450,ATM+7,CALL,23100,2026-06-11
2026-06-11 11:26:00+05:30,31.95,34.5,31.95,34.5,285740,5084235,12.73592,23228.5,23600.0,23450,ATM+7,CALL,23100,2026-06-11
2026-06-11 11:27:00+05:30,34.6,36.95,34.5,36.3,487565,4989400,12.841996,23234.1,23600.0,23450,ATM+7,CALL,23100,2026-06-11
2026-06-11 11:28:00+05:30,36.1,36.4,34.85,35.55,207350,5005715,12.695374,23236.05,23600.0,23450,ATM+7,CALL,23100,2026-06-11
2026-06-11 11:29:00+05:30,35.1,35.85,34.1,35.75,190320,5029765,12.737635,23235.45,23600.0,23450,ATM+7,CALL,23100,2026-06-11
2026-06-11 11:30:00+05:30,35.8,36.95,34.8,34.8,162435,5025670,12.593165,23236.2,23600.0,23450,ATM+7,CALL,23100,2026-06-11
2026-06-11 11:31:00+05:30,35.05,35.8,33.2,33.8,150865,5021575,12.698297,23226.3,23600.0,23450,ATM+7,CALL,23100,2026-06-11
2026-06-11 11:32:00+05:30,33.6,33.9,32.65,33.35,111670,5027815,12.6411,23226.15,23600.0,23450,ATM+7,CALL,23100,2026-06-11
2026-06-11 11:33:00+05:30,33.4,35.65,33.35,34.95,130260,5036720,12.680592,23233.55,23600.0,23450,ATM+7,CALL,23100,2026-06-11
2026-06-11 11:34:00+05:30,34.85,34.95,32.9,32.9,96915,5042895,12.576131,23226.35,23600.0,23450,ATM+7,CALL,23100,2026-06-11
2026-06-11 11:35:00+05:30,33.25,34.8,32.25,34.8,131300,5058690,12.642788,23234.35,23600.0,23450,ATM+7,CALL,23100,2026-06-11
2026-06-11 11:36:00+05:30,44.1,44.35,41.05,41.05,55900,1849510,12.546422,23221.65,23550.0,23450,ATM+7,CALL,23100,2026-06-11
2026-06-11 11:37:00+05:30,41.95,42.0,40.95,40.95,46410,1854450,12.62724,23218.05,23550.0,23450,ATM+7,CALL,23100,2026-06-11
2026-06-11 11:38:00+05:30,41.15,41.55,39.9,39.9,84890,1847820,12.567029,23215.3,23550.0,23450,ATM+7,CALL,23100,2026-06-11
2026-06-11 11:39:00+05:30,39.85,41.4,39.2,41.2,79365,1838330,12.53435,23222.95,23550.0,23450,ATM+7,CALL,23100,2026-06-11
2026-06-11 11:40:00+05:30,41.3,42.15,40.65,41.05,56420,1853995,12.514138,23223.05,23550.0,23450,ATM+7,CALL,23100,2026-06-11
2026-06-11 11:41:00+05:30,32.0,33.7,31.7,33.3,74295,5040750,12.542621,23230.3,23600.0,23450,ATM+7,CALL,23100,2026-06-11
2026-06-11 11:42:00+05:30,33.3,36.75,33.15,36.3,150670,5014425,12.59774,23244.6,23600.0,23450,ATM+7,CALL,23100,2026-06-11
2026-06-11 11:43:00+05:30,36.3,36.45,35.05,35.4,127530,5030285,12.554582,23241.55,23600.0,23450,ATM+7,CALL,23100,2026-06-11
2026-06-11 11:44:00+05:30,35.55,38.3,35.35,38.3,239460,5017480,12.63336,23253.7,23600.0,23450,ATM+7,CALL,23100,2026-06-11
2026-06-11 11:45:00+05:30,38.45,39.75,37.7,38.75,283855,4954235,12.683182,23254.05,23600.0,23450,ATM+7,CALL,23100,2026-06-11
2026-06-11 11:46:00+05:30,38.3,39.65,38.05,39.4,406055,4904835,12.672527,23257.8,23600.0,23450,ATM+7,CALL,23100,2026-06-11
2026-06-11 11:47:00+05:30,39.45,42.7,38.4,42.55,567775,4886765,12.775827,23269.2,23600.0,23450,ATM+7,CALL,23100,2026-06-11
2026-06-11 11:48:00+05:30,42.7,42.95,39.9,41.25,270790,4902495,12.638165,23268.35,23600.0,23450,ATM+7,CALL,23100,2026-06-11
2026-06-11 11:49:00+05:30,41.15,41.25,39.45,40.6,188955,4866745,12.638683,23265.2,23600.0,23450,ATM+7,CALL,23100,2026-06-11
2026-06-11 11:50:00+05:30,40.95,42.5,40.6,41.95,170365,4860375,12.586345,23273.8,23600.0,23450,ATM+7,CALL,23100,2026-06-11
2026-06-11 11:51:00+05:30,42.15,42.75,41.35,41.4,142675,4876625,12.645441,23268.9,23600.0,23450,ATM+7,CALL,23100,2026-06-11
2026-06-11 11:52:00+05:30,41.3,42.15,40.35,42.15,145080,4870710,12.708129,23270.1,23600.0,23450,ATM+7,CALL,23100,2026-06-11
2026-06-11 11:53:00+05:30,41.75,42.15,41.2,41.85,68705,4869735,12.569103,23274.1,23600.0,23450,ATM+7,CALL,23100,2026-06-11
2026-06-11 11:54:00+05:30,42.15,43.55,41.15,41.8,148915,4870840,12.593511,23272.95,23600.0,23450,ATM+7,CALL,23100,2026-06-11
2026-06-11 11:55:00+05:30,41.9,43.5,41.8,42.05,137605,4865705,12.603255,23273.8,23600.0,23450,ATM+7,CALL,23100,2026-06-11
2026-06-11 11:56:00+05:30,33.1,37.3,32.45,36.4,209430,1639625,12.823783,23285.3,23650.0,23450,ATM+7,CALL,23100,2026-06-11
2026-06-11 11:57:00+05:30,36.25,36.5,35.1,36.1,109005,1630395,12.793487,23284.95,23650.0,23450,ATM+7,CALL,23100,2026-06-11
2026-06-11 11:58:00+05:30,36.0,37.25,35.6,35.9,119535,1614405,12.622035,23290.9,23650.0,23450,ATM+7,CALL,23100,2026-06-11
2026-06-11 11:59:00+05:30,36.05,36.2,34.55,34.7,81250,1629550,12.651878,23283.15,23650.0,23450,ATM+7,CALL,23100,2026-06-11
2026-06-11 12:00:00+05:30,35.2,36.4,34.7,34.9,53040,1636895,12.645684,23284.55,23650.0,23450,ATM+7,CALL,23100,2026-06-11
2026-06-11 12:01:00+05:30,34.9,36.85,34.9,36.2,71890,1619150,12.722208,23288.55,23650.0,23450,ATM+7,CALL,23100,2026-06-11
2026-06-11 12:02:00+05:30,36.2,36.7,35.35,35.45,38025,1619605,12.693192,23285.7,23650.0,23450,ATM+7,CALL,23100,2026-06-11
2026-06-11 12:03:00+05:30,35.65,36.9,35.3,36.5,62725,1617590,12.728058,23290.0,23650.0,23450,ATM+7,CALL,23100,2026-06-11
2026-06-11 12:04:00+05:30,36.25,36.5,35.0,35.35,43160,1617915,12.657264,23286.7,23650.0,23450,ATM+7,CALL,23100,2026-06-11
2026-06-11 12:05:00+05:30,35.45,35.95,33.0,33.9,87490,1623375,12.597509,23281.15,23650.0,23450,ATM+7,CALL,23100,2026-06-11
2026-06-11 12:06:00+05:30,34.8,35.0,33.35,34.65,61880,1638390,12.677105,23282.1,23650.0,23450,ATM+7,CALL,23100,2026-06-11
2026-06-11 12:07:00+05:30,34.8,36.65,34.65,36.6,93405,1642225,12.737574,23290.3,23650.0,23450,ATM+7,CALL,23100,2026-06-11
2026-06-11 12:08:00+05:30,36.55,36.6,34.5,35.35,47710,1646190,12.709803,23284.7,23650.0,23450,ATM+7,CALL,23100,2026-06-11
2026-06-11 12:09:00+05:30,35.25,35.55,34.35,34.35,32695,1654120,12.611416,23283.25,23650.0,23450,ATM+7,CALL,23100,2026-06-11
2026-06-11 12:10:00+05:30,34.25,34.7,33.55,33.9,57850,1654510,12.661306,23278.7,23650.0,23450,ATM+7,CALL,23100,2026-06-11
2026-06-11 12:11:00+05:30,34.0,34.2,32.7,33.0,63700,1657955,12.566481,23277.55,23650.0,23450,ATM+7,CALL,23100,2026-06-11
2026-06-11 12:12:00+05:30,33.35,33.8,32.55,33.75,54210,1657565,12.532759,23283.25,23650.0,23450,ATM+7,CALL,23100,2026-06-11
2026-06-11 12:13:00+05:30,34.0,34.5,33.15,34.4,41405,1661790,12.544143,23286.45,23650.0,23450,ATM+7,CALL,23100,2026-06-11
2026-06-11 12:14:00+05:30,33.6,34.8,33.2,34.8,61425,1681810,12.5721,23287.55,23650.0,23450,ATM+7,CALL,23100,2026-06-11
2026-06-11 12:15:00+05:30,34.85,38.0,34.8,37.25,250770,1644630,12.562665,23301.1,23650.0,23450,ATM+7,CALL,23100,2026-06-11
2026-06-11 12:16:00+05:30,37.75,38.15,35.3,37.75,97240,1644240,12.54599,23304.4,23650.0,23450,ATM+7,CALL,23100,2026-06-11
2026-06-11 12:17:00+05:30,37.55,38.45,35.4,35.65,119730,1644045,12.440523,23297.65,23650.0,23450,ATM+7,CALL,23100,2026-06-11
2026-06-11 12:18:00+05:30,35.7,36.1,34.7,35.0,70915,1646905,12.437555,23294.3,23650.0,23450,ATM+7,CALL,23100,2026-06-11
2026-06-11 12:19:00+05:30,35.1,35.35,34.0,34.0,103740,1679470,12.42152,23289.5,23650.0,23450,ATM+7,CALL,23100,2026-06-11
2026-06-11 12:20:00+05:30,34.05,34.65,32.85,32.85,61750,1690195,12.400171,23283.95,23650.0,23450,ATM+7,CALL,23100,2026-06-11
2026-06-11 12:21:00+05:30,33.05,33.9,32.45,33.8,49855,1697280,12.549036,23283.2,23650.0,23450,ATM+7,CALL,23100,2026-06-11
2026-06-11 12:22:00+05:30,33.6,34.6,33.4,33.95,74685,1669395,12.469724,23287.35,23650.0,23450,ATM+7,CALL,23100,2026-06-11
2026-06-11 12:23:00+05:30,34.3,35.6,33.65,35.3,52975,1669395,12.505341,23293.35,23650.0,23450,ATM+7,CALL,23100,2026-06-11
2026-06-11 12:24:00+05:30,35.15,35.3,34.0,35.0,45175,1671280,12.505484,23291.75,23650.0,23450,ATM+7,CALL,23100,2026-06-11
2026-06-11 12:25:00+05:30,35.15,35.15,33.8,34.45,24245,1671020,12.507139,23288.7,23650.0,23450,ATM+7,CALL,23100,2026-06-11
2026-06-11 12:26:00+05:30,34.25,36.15,34.25,34.9,36400,1678365,12.471936,23292.65,23650.0,23450,ATM+7,CALL,23100,2026-06-11
2026-06-11 12:27:00+05:30,34.7,35.75,34.7,35.4,47905,1678495,12.534582,23292.85,23650.0,23450,ATM+7,CALL,23100,2026-06-11
2026-06-11 12:28:00+05:30,35.6,36.9,34.85,36.55,45825,1685190,12.490938,23300.8,23650.0,23450,ATM+7,CALL,23100,2026-06-11
2026-06-11 12:29:00+05:30,36.05,37.2,35.8,36.05,67275,1679535,12.505473,23297.6,23650.0,23450,ATM+7,CALL,23100,2026-06-11
2026-06-11 12:30:00+05:30,36.15,39.4,36.05,38.35,142870,1679470,12.597238,23305.95,23650.0,23450,ATM+7,CALL,23100,2026-06-11
2026-06-11 12:31:00+05:30,37.9,40.65,37.45,40.0,154830,1674985,12.553421,23316.0,23650.0,23450,ATM+7,CALL,23100,2026-06-11
2026-06-11 12:32:00+05:30,40.25,41.75,39.8,41.0,145340,1690195,12.574421,23320.1,23650.0,23450,ATM+7,CALL,23100,2026-06-11
2026-06-11 12:33:00+05:30,40.85,41.0,39.75,40.75,92885,1664650,12.647844,23316.05,23650.0,23450,ATM+7,CALL,23100,2026-06-11
2026-06-11 12:34:00+05:30,40.35,40.8,39.15,40.8,87620,1658475,12.50148,23322.05,23650.0,23450,ATM+7,CALL,23100,2026-06-11
2026-06-11 12:35:00+05:30,41.1,41.85,36.55,37.9,161525,1662765,12.363356,23313.15,23650.0,23450,ATM+7,CALL,23100,2026-06-11
2026-06-11 12:36:00+05:30,37.9,38.4,36.5,37.0,48620,1694160,12.382612,23307.8,23650.0,23450,ATM+7,CALL,23100,2026-06-11
2026-06-11 12:37:00+05:30,37.45,37.6,35.45,35.8,60060,1700205,12.590768,23293.1,23650.0,23450,ATM+7,CALL,23100,2026-06-11
2026-06-11 12:38:00+05:30,36.15,36.4,34.6,35.0,61230,1709500,12.471791,23293.65,23650.0,23450,ATM+7,CALL,23100,2026-06-11
2026-06-11 12:39:00+05:30,34.75,37.2,34.75,37.15,58825,1721070,12.65766,23297.65,23650.0,23450,ATM+7,CALL,23100,2026-06-11
2026-06-11 12:40:00+05:30,37.2,37.2,35.85,36.35,29640,1710670,12.547641,23297.9,23650.0,23450,ATM+7,CALL,23100,2026-06-11
2026-06-11 12:41:00+05:30,36.2,37.1,35.5,35.65,37895,1715155,12.524114,23295.15,23650.0,23450,ATM+7,CALL,23100,2026-06-11
2026-06-11 12:42:00+05:30,36.0,36.9,34.9,35.95,28730,1718730,12.530188,23296.55,23650.0,23450,ATM+7,CALL,23100,2026-06-11
2026-06-11 12:43:00+05:30,35.7,36.65,34.05,35.6,76440,1712880,12.559942,23293.5,23650.0,23450,ATM+7,CALL,23100,2026-06-11
2026-06-11 12:44:00+05:30,35.5,36.65,35.3,36.15,40365,1700920,12.569532,23296.1,23650.0,23450,ATM+7,CALL,23100,2026-06-11
2026-06-11 12:45:00+05:30,36.25,36.45,35.4,36.25,28145,1692405,12.609589,23295.05,23650.0,23450,ATM+7,CALL,23100,2026-06-11
2026-06-11 12:46:00+05:30,36.85,38.65,36.25,37.8,95095,1692665,12.65522,23301.4,23650.0,23450,ATM+7,CALL,23100,2026-06-11
2026-06-11 12:47:00+05:30,37.7,38.45,35.5,35.95,40040,1684020,12.616221,23293.25,23650.0,23450,ATM+7,CALL,23100,2026-06-11
2026-06-11 12:48:00+05:30,36.1,36.3,34.55,34.75,56745,1693315,12.63218,23286.1,23650.0,23450,ATM+7,CALL,23100,2026-06-11
2026-06-11 12:49:00+05:30,34.7,35.5,32.05,32.25,87555,1711125,12.547785,23275.45,23650.0,23450,ATM+7,CALL,23100,2026-06-11
2026-06-11 12:50:00+05:30,32.6,34.5,32.25,34.5,47840,1717560,12.6904,23282.4,23650.0,23450,ATM+7,CALL,23100,2026-06-11
2026-06-11 12:51:00+05:30,34.8,35.95,33.85,33.85,54795,1724320,12.635633,23281.05,23650.0,23450,ATM+7,CALL,23100,2026-06-11
2026-06-11 12:52:00+05:30,33.9,34.2,33.25,33.55,22165,1728675,12.642662,23279.1,23650.0,23450,ATM+7,CALL,23100,2026-06-11
2026-06-11 12:53:00+05:30,33.85,35.35,33.55,34.75,25870,1731990,12.672213,23284.65,23650.0,23450,ATM+7,CALL,23100,2026-06-11
2026-06-11 12:54:00+05:30,34.55,35.05,34.2,34.8,13000,1733225,12.868409,23276.95,23650.0,23450,ATM+7,CALL,23100,2026-06-11
2026-06-11 12:55:00+05:30,34.8,34.8,34.8,34.8,0,1733225,12.86841,23276.95,23650.0,23450,ATM+7,CALL,23100,2026-06-11
2026-06-11 12:56:00+05:30,33.6,35.45,33.6,34.0,75530,1743235,12.614652,23282.95,23650.0,23450,ATM+7,CALL,23100,2026-06-11
2026-06-11 12:57:00+05:30,34.0,37.8,34.0,37.55,79820,1738620,12.692976,23299.0,23650.0,23450,ATM+7,CALL,23100,2026-06-11
2026-06-11 12:58:00+05:30,37.65,39.45,37.35,38.5,89570,1715545,12.69659,23303.8,23650.0,23450,ATM+7,CALL,23100,2026-06-11
2026-06-11 12:59:00+05:30,38.3,40.25,37.05,40.15,69030,1717820,12.795503,23308.25,23650.0,23450,ATM+7,CALL,23100,2026-06-11
2026-06-11 13:00:00+05:30,40.05,43.4,40.05,42.5,236535,1704040,12.681273,23324.15,23650.0,23450,ATM+7,CALL,23100,2026-06-11
2026-06-11 13:01:00+05:30,42.7,43.35,39.2,39.2,90610,1705145,12.528659,23314.1,23650.0,23450,ATM+7,CALL,23100,2026-06-11
2026-06-11 13:02:00+05:30,39.5,40.0,37.15,38.65,76765,1703325,12.645353,23306.75,23650.0,23450,ATM+7,CALL,23100,2026-06-11
2026-06-11 13:03:00+05:30,38.5,38.65,37.35,37.4,26130,1711320,12.550462,23304.15,23650.0,23450,ATM+7,CALL,23100,2026-06-11
2026-06-11 13:04:00+05:30,37.5,38.0,36.55,36.55,48685,1717170,12.504246,23301.6,23650.0,23450,ATM+7,CALL,23100,2026-06-11
2026-06-11 13:05:00+05:30,37.05,37.8,36.55,37.65,31395,1723085,12.620999,23302.7,23650.0,23450,ATM+7,CALL,23100,2026-06-11
2026-06-11 13:06:00+05:30,37.6,37.95,36.75,37.35,23790,1730560,12.612972,23301.5,23650.0,23450,ATM+7,CALL,23100,2026-06-11
2026-06-11 13:07:00+05:30,37.15,38.1,36.5,36.5,40430,1733745,12.563828,23299.05,23650.0,23450,ATM+7,CALL,23100,2026-06-11
2026-06-11 13:08:00+05:30,36.35,36.75,35.2,35.75,39065,1744405,12.642478,23291.9,23650.0,23450,ATM+7,CALL,23100,2026-06-11
2026-06-11 13:09:00+05:30,35.7,35.9,33.35,33.4,69810,1746550,12.600359,23280.65,23650.0,23450,ATM+7,CALL,23100,2026-06-11
2026-06-11 13:10:00+05:30,33.55,34.15,33.15,33.85,38870,1747070,12.618115,23282.5,23650.0,23450,ATM+7,CALL,23100,2026-06-11
2026-06-11 13:11:00+05:30,33.85,34.2,32.4,33.05,71760,1763060,12.595058,23278.95,23650.0,23450,ATM+7,CALL,23100,2026-06-11
2026-06-11 13:12:00+05:30,42.8,43.0,39.6,40.7,315380,5095285,12.671086,23267.45,23600.0,23450,ATM+7,CALL,23100,2026-06-11
2026-06-11 13:13:00+05:30,40.65,40.7,38.7,38.75,154440,5101850,12.60622,23260.35,23600.0,23450,ATM+7,CALL,23100,2026-06-11
2026-06-11 13:14:00+05:30,38.5,39.4,38.3,38.7,187785,5090215,12.623543,23259.45,23600.0,23450,ATM+7,CALL,23100,2026-06-11
2026-06-11 13:15:00+05:30,38.7,39.4,38.45,38.75,160095,5241405,12.61062,23260.25,23600.0,23450,ATM+7,CALL,23100,2026-06-11
2026-06-11 13:16:00+05:30,40.0,40.05,37.55,37.95,139035,5249725,12.636121,23255.2,23600.0,23450,ATM+7,CALL,23100,2026-06-11
2026-06-11 13:17:00+05:30,37.7,39.75,36.35,38.65,243750,5250050,12.523656,23263.25,23600.0,23450,ATM+7,CALL,23100,2026-06-11
2026-06-11 13:18:00+05:30,38.8,38.8,36.85,38.05,93405,5238740,12.687418,23253.75,23600.0,23450,ATM+7,CALL,23100,2026-06-11
2026-06-11 13:19:00+05:30,38.15,38.6,36.75,36.85,110955,5237570,12.523495,23254.1,23600.0,23450,ATM+7,CALL,23100,2026-06-11
2026-06-11 13:20:00+05:30,36.9,37.05,34.65,35.0,339820,5234190,12.372374,23250.4,23600.0,23450,ATM+7,CALL,23100,2026-06-11
2026-06-11 13:21:00+05:30,35.05,35.05,32.4,32.5,332930,5199740,12.318441,23238.8,23600.0,23450,ATM+7,CALL,23100,2026-06-11
2026-06-11 13:22:00+05:30,32.6,32.65,31.75,31.8,377195,5207020,12.47286,23228.4,23600.0,23450,ATM+7,CALL,23100,2026-06-11
2026-06-11 13:23:00+05:30,32.0,35.75,31.8,34.75,719550,5244135,12.504481,23243.8,23600.0,23450,ATM+7,CALL,23100,2026-06-11
2026-06-11 13:24:00+05:30,34.55,35.35,33.7,35.25,172185,4957290,12.683378,23239.3,23600.0,23450,ATM+7,CALL,23100,2026-06-11
2026-06-11 13:25:00+05:30,35.25,35.5,32.9,33.0,155350,4944030,12.536561,23232.8,23600.0,23450,ATM+7,CALL,23100,2026-06-11
2026-06-11 13:26:00+05:30,32.8,33.0,31.25,31.95,144820,4949100,12.576863,23225.1,23600.0,23450,ATM+7,CALL,23100,2026-06-11
2026-06-11 13:27:00+05:30,32.1,33.1,31.95,32.35,113620,4924530,12.501434,23230.6,23600.0,23450,ATM+7,CALL,23100,2026-06-11
2026-06-11 13:28:00+05:30,32.25,33.7,31.8,33.15,56420,4943315,12.533351,23233.9,23600.0,23450,ATM+7,CALL,23100,2026-06-11
2026-06-11 13:29:00+05:30,33.15,34.75,33.0,34.4,106015,4940910,12.485004,23242.9,23600.0,23450,ATM+7,CALL,23100,2026-06-11
2026-06-11 13:30:00+05:30,34.2,38.35,34.2,36.85,501345,4900545,12.448524,23257.5,23600.0,23450,ATM+7,CALL,23100,2026-06-11
2026-06-11 13:31:00+05:30,36.95,37.55,35.25,37.55,226265,4847115,12.560562,23256.7,23600.0,23450,ATM+7,CALL,23100,2026-06-11
2026-06-11 13:32:00+05:30,37.6,38.5,37.0,38.0,145080,4867590,12.4657,23262.8,23600.0,23450,ATM+7,CALL,23100,2026-06-11
2026-06-11 13:33:00+05:30,37.75,38.9,36.65,36.65,134745,4867655,12.393871,23258.75,23600.0,23450,ATM+7,CALL,23100,2026-06-11
2026-06-11 13:34:00+05:30,36.5,36.65,33.9,33.95,172965,4871685,12.410338,23243.65,23600.0,23450,ATM+7,CALL,23100,2026-06-11
2026-06-11 13:35:00+05:30,33.9,35.85,33.8,35.3,97370,4890600,12.460779,23249.0,23600.0,23450,ATM+7,CALL,23100,2026-06-11
2026-06-11 13:36:00+05:30,35.4,37.1,34.9,37.1,93340,4899505,12.516765,23256.3,23600.0,23450,ATM+7,CALL,23100,2026-06-11
2026-06-11 13:37:00+05:30,36.9,37.1,35.3,35.45,64220,4910880,12.430506,23251.1,23600.0,23450,ATM+7,CALL,23100,2026-06-11
2026-06-11 13:38:00+05:30,35.45,35.45,33.5,34.0,153205,4891900,12.451447,23242.4,23600.0,23450,ATM+7,CALL,23100,2026-06-11
2026-06-11 13:39:00+05:30,33.9,34.0,32.0,32.45,168220,4866355,12.475699,23232.7,23600.0,23450,ATM+7,CALL,23100,2026-06-11
2026-06-11 13:40:00+05:30,32.9,34.15,32.15,32.3,76440,4862585,12.454541,23232.75,23600.0,23450,ATM+7,CALL,23100,2026-06-11
2026-06-11 13:41:00+05:30,32.35,32.7,31.7,32.4,109980,4863430,12.547903,23229.5,23600.0,23450,ATM+7,CALL,23100,2026-06-11
2026-06-11 13:42:00+05:30,32.5,33.25,32.2,32.4,74555,4859205,12.544001,23229.7,23600.0,23450,ATM+7,CALL,23100,2026-06-11
2026-06-11 13:43:00+05:30,41.7,42.25,39.45,40.15,82355,2128360,12.608505,23219.45,23550.0,23450,ATM+7,CALL,23100,2026-06-11
2026-06-11 13:44:00+05:30,40.05,41.15,38.6,40.5,79950,2123745,12.538649,23223.9,23550.0,23450,ATM+7,CALL,23100,2026-06-11
2026-06-11 13:45:00+05:30,40.65,40.95,39.75,39.75,65260,2122835,12.516182,23221.15,23550.0,23450,ATM+7,CALL,23100,2026-06-11
2026-06-11 13:46:00+05:30,31.0,32.55,30.1,32.55,123760,4843215,12.616953,23227.7,23600.0,23450,ATM+7,CALL,23100,2026-06-11
2026-06-11 13:47:00+05:30,32.45,34.3,32.45,32.5,203450,4829240,12.488829,23232.75,23600.0,23450,ATM+7,CALL,23100,2026-06-11
2026-06-11 13:48:00+05:30,32.4,33.65,32.2,32.3,98085,4854525,12.481253,23231.95,23600.0,23450,ATM+7,CALL,23100,2026-06-11
2026-06-11 13:49:00+05:30,32.25,32.8,31.65,32.45,65065,4869670,12.541766,23230.35,23600.0,23450,ATM+7,CALL,23100,2026-06-11
2026-06-11 13:50:00+05:30,41.85,41.85,40.5,40.8,45760,2141295,12.574038,23224.2,23550.0,23450,ATM+7,CALL,23100,2026-06-11
2026-06-11 13:51:00+05:30,32.2,32.65,31.2,32.3,55705,4873960,12.622814,23226.2,23600.0,23450,ATM+7,CALL,23100,2026-06-11
2026-06-11 13:52:00+05:30,32.3,33.0,31.3,33.0,102700,4878185,12.630754,23229.95,23600.0,23450,ATM+7,CALL,23100,2026-06-11
2026-06-11 13:53:00+05:30,32.8,33.85,32.5,33.3,90155,4859985,12.529757,23235.85,23600.0,23450,ATM+7,CALL,23100,2026-06-11
2026-06-11 13:54:00+05:30,33.45,33.75,32.8,33.15,66560,4858295,12.542881,23234.5,23600.0,23450,ATM+7,CALL,23100,2026-06-11
2026-06-11 13:55:00+05:30,32.95,33.7,32.15,33.7,89245,4859140,12.582887,23236.0,23600.0,23450,ATM+7,CALL,23100,2026-06-11
2026-06-11 13:56:00+05:30,33.35,34.55,33.0,34.05,171860,4942860,12.52639,23240.3,23600.0,23450,ATM+7,CALL,23100,2026-06-11
2026-06-11 13:57:00+05:30,34.05,34.8,33.05,33.5,80665,4943250,12.476737,23239.3,23600.0,23450,ATM+7,CALL,23100,2026-06-11
2026-06-11 13:58:00+05:30,33.65,35.15,33.5,34.65,479700,5155215,12.418589,23248.05,23600.0,23450,ATM+7,CALL,23100,2026-06-11
2026-06-11 13:59:00+05:30,34.25,34.65,31.7,32.5,104975,5279820,12.493875,23233.0,23600.0,23450,ATM+7,CALL,23100,2026-06-11
2026-06-11 14:00:00+05:30,32.6,34.0,31.9,33.7,150540,5288985,12.484849,23240.2,23600.0,23450,ATM+7,CALL,23100,2026-06-11
2026-06-11 14:01:00+05:30,33.5,33.7,32.6,33.0,44980,5354895,12.495829,23235.85,23600.0,23450,ATM+7,CALL,23100,2026-06-11
2026-06-11 14:02:00+05:30,32.75,33.45,32.4,33.15,72995,5364255,12.591674,23232.8,23600.0,23450,ATM+7,CALL,23100,2026-06-11
2026-06-11 14:03:00+05:30,33.25,33.7,32.9,33.0,76050,5354700,12.48795,23236.25,23600.0,23450,ATM+7,CALL,23100,2026-06-11
2026-06-11 14:04:00+05:30,32.9,33.6,32.45,32.9,87165,5347420,12.472633,23236.35,23600.0,23450,ATM+7,CALL,23100,2026-06-11
2026-06-11 14:05:00+05:30,32.95,33.2,31.3,32.45,126425,5360940,12.510643,23232.25,23600.0,23450,ATM+7,CALL,23100,2026-06-11
2026-06-11 14:06:00+05:30,32.5,33.2,32.1,32.85,49075,5355935,12.552635,23232.85,23600.0,23450,ATM+7,CALL,23100,2026-06-11
2026-06-11 14:07:00+05:30,42.5,42.5,38.5,38.6,69615,2135705,12.420181,23220.0,23550.0,23450,ATM+7,CALL,23100,2026-06-11
2026-06-11 14:08:00+05:30,38.65,39.15,36.7,36.7,92755,2132520,12.428369,23210.05,23550.0,23450,ATM+7,CALL,23100,2026-06-11
2026-06-11 14:09:00+05:30,36.65,38.5,36.0,38.4,73385,2137005,12.585304,23212.6,23550.0,23450,ATM+7,CALL,23100,2026-06-11
2026-06-11 14:10:00+05:30,38.35,39.85,37.55,38.4,68055,2138695,12.535289,23214.6,23550.0,23450,ATM+7,CALL,23100,2026-06-11
2026-06-11 14:11:00+05:30,38.1,38.65,37.0,38.2,62725,2141165,12.548684,23213.1,23550.0,23450,ATM+7,CALL,23100,2026-06-11
2026-06-11 14:12:00+05:30,38.35,38.7,36.9,37.35,68315,2145065,12.508044,23210.4,23550.0,23450,ATM+7,CALL,23100,2026-06-11
2026-06-11 14:13:00+05:30,37.5,40.3,37.35,40.05,104260,2145130,12.526052,23223.25,23550.0,23450,ATM+7,CALL,23100,2026-06-11
2026-06-11 14:14:00+05:30,40.15,40.8,38.8,39.45,75660,2089295,12.540023,23219.8,23550.0,23450,ATM+7,CALL,23100,2026-06-11
2026-06-11 14:15:00+05:30,39.45,40.0,38.5,39.1,53235,2091830,12.614375,23215.2,23550.0,23450,ATM+7,CALL,23100,2026-06-11
2026-06-11 14:16:00+05:30,39.3,40.5,38.8,39.1,27495,2092545,12.587149,23216.3,23550.0,23450,ATM+7,CALL,23100,2026-06-11
2026-06-11 14:17:00+05:30,39.05,39.3,38.15,38.6,23530,2095080,12.57647,23214.25,23550.0,23450,ATM+7,CALL,23100,2026-06-11
2026-06-11 14:18:00+05:30,38.4,38.6,36.3,36.6,45825,2093130,12.476201,23208.0,23550.0,23450,ATM+7,CALL,23100,2026-06-11
2026-06-11 14:19:00+05:30,36.55,39.0,36.15,39.0,53300,2093650,12.564388,23216.8,23550.0,23450,ATM+7,CALL,23100,2026-06-11
2026-06-11 14:20:00+05:30,38.7,40.2,38.45,39.85,68835,2087410,12.513845,23223.0,23550.0,23450,ATM+7,CALL,23100,2026-06-11
2026-06-11 14:21:00+05:30,39.85,40.85,39.45,40.25,213980,2078050,12.649183,23219.75,23550.0,23450,ATM+7,CALL,23100,2026-06-11
2026-06-11 14:22:00+05:30,39.8,41.0,39.7,40.4,204230,1926860,12.662603,23220.0,23550.0,23450,ATM+7,CALL,23100,2026-06-11
2026-06-11 14:23:00+05:30,40.35,40.95,37.35,37.5,68250,1887405,12.566968,23209.25,23550.0,23450,ATM+7,CALL,23100,2026-06-11
2026-06-11 14:24:00+05:30,37.65,38.3,37.3,38.0,20735,1891565,12.705182,23206.4,23550.0,23450,ATM+7,CALL,23100,2026-06-11
2026-06-11 14:25:00+05:30,38.15,39.75,38.0,39.75,44655,1886690,12.672052,23216.55,23550.0,23450,ATM+7,CALL,23100,2026-06-11
2026-06-11 14:26:00+05:30,30.55,31.95,30.25,31.6,109395,5616455,12.584466,23225.05,23600.0,23450,ATM+7,CALL,23100,2026-06-11
2026-06-11 14:27:00+05:30,31.55,32.0,31.35,31.85,127335,5706155,12.589484,23226.35,23600.0,23450,ATM+7,CALL,23100,2026-06-11
2026-06-11 14:28:00+05:30,32.55,35.4,31.85,35.2,259545,5708170,12.433229,23251.55,23600.0,23450,ATM+7,CALL,23100,2026-06-11
2026-06-11 14:29:00+05:30,35.25,35.45,33.35,33.4,141830,5710185,12.447426,23241.15,23600.0,23450,ATM+7,CALL,23100,2026-06-11
2026-06-11 14:30:00+05:30,33.0,34.1,31.75,33.85,158275,5706740,12.404194,23245.45,23600.0,23450,ATM+7,CALL,23100,2026-06-11
2026-06-11 14:31:00+05:30,33.75,33.85,32.35,32.55,114335,5728970,12.357867,23240.1,23600.0,23450,ATM+7,CALL,23100,2026-06-11
2026-06-11 14:32:00+05:30,32.45,33.15,31.7,33.15,66105,5740150,12.359588,23243.45,23600.0,23450,ATM+7,CALL,23100,2026-06-11
2026-06-11 14:33:00+05:30,33.15,33.15,30.5,30.5,111605,5737420,12.338372,23229.05,23600.0,23450,ATM+7,CALL,23100,2026-06-11
2026-06-11 14:34:00+05:30,30.6,31.75,30.35,31.3,64870,5714735,12.389357,23231.7,23600.0,23450,ATM+7,CALL,23100,2026-06-11
2026-06-11 14:35:00+05:30,31.35,32.9,31.3,31.5,53170,5718115,12.28445,23237.25,23600.0,23450,ATM+7,CALL,23100,2026-06-11
2026-06-11 14:36:00+05:30,41.5,41.5,38.2,38.35,69485,1897675,12.5864,23213.3,23550.0,23450,ATM+7,CALL,23100,2026-06-11
2026-06-11 14:37:00+05:30,29.35,30.05,27.85,29.95,400530,5657210,12.334726,23226.05,23600.0,23450,ATM+7,CALL,23100,2026-06-11
2026-06-11 14:38:00+05:30,38.85,40.0,37.5,37.75,68835,1905670,12.380805,23218.4,23550.0,23450,ATM+7,CALL,23100,2026-06-11
2026-06-11 14:39:00+05:30,37.8,37.85,35.05,36.8,179595,1930175,12.291786,23217.1,23550.0,23450,ATM+7,CALL,23100,2026-06-11
2026-06-11 14:40:00+05:30,36.9,37.05,35.1,35.4,85670,1929915,12.331921,23208.25,23550.0,23450,ATM+7,CALL,23100,2026-06-11
2026-06-11 14:41:00+05:30,35.35,35.4,34.0,35.4,95355,1916200,12.193527,23213.8,23550.0,23450,ATM+7,CALL,23100,2026-06-11
2026-06-11 14:42:00+05:30,35.2,35.6,33.95,34.6,88400,1928225,12.167249,23210.65,23550.0,23450,ATM+7,CALL,23100,2026-06-11
2026-06-11 14:43:00+05:30,34.45,35.1,31.6,31.6,169260,1941680,12.089336,23197.3,23550.0,23450,ATM+7,CALL,23100,2026-06-11
2026-06-11 14:44:00+05:30,31.7,32.95,31.5,32.75,91910,1912950,12.178019,23200.2,23550.0,23450,ATM+7,CALL,23100,2026-06-11
2026-06-11 14:45:00+05:30,33.35,33.35,32.25,32.6,107380,1911845,12.230797,23197.25,23550.0,23450,ATM+7,CALL,23100,2026-06-11
2026-06-11 14:46:00+05:30,32.6,34.05,31.9,31.95,127595,1888380,12.270066,23192.0,23550.0,23450,ATM+7,CALL,23100,2026-06-11
2026-06-11 14:47:00+05:30,40.45,41.0,36.65,37.25,749255,7233395,12.385921,23167.1,23500.0,23450,ATM+7,CALL,23100,2026-06-11
2026-06-11 14:48:00+05:30,29.25,31.35,29.05,31.2,126750,1883895,12.448954,23180.35,23550.0,23450,ATM+7,CALL,23100,2026-06-11
2026-06-11 14:49:00+05:30,31.6,32.75,31.15,32.1,75790,1876290,12.266858,23193.1,23550.0,23450,ATM+7,CALL,23100,2026-06-11
2026-06-11 14:50:00+05:30,40.7,41.2,38.2,38.2,352430,7247370,12.366748,23172.75,23500.0,23450,ATM+7,CALL,23100,2026-06-11
2026-06-11 14:51:00+05:30,38.35,39.95,38.1,38.25,267085,7321990,12.383092,23172.4,23500.0,23450,ATM+7,CALL,23100,2026-06-11
2026-06-11 14:52:00+05:30,38.25,39.0,37.2,37.2,330135,7402460,12.281964,23171.1,23500.0,23450,ATM+7,CALL,23100,2026-06-11
2026-06-11 14:53:00+05:30,37.55,38.45,37.2,38.15,171015,7428590,12.330978,23174.0,23500.0,23450,ATM+7,CALL,23100,2026-06-11
2026-06-11 14:54:00+05:30,38.0,38.25,37.15,37.95,224380,7413835,12.365303,23171.7,23500.0,23450,ATM+7,CALL,23100,2026-06-11
2026-06-11 14:55:00+05:30,37.7,38.6,37.35,38.15,144235,7399730,12.368834,23172.6,23500.0,23450,ATM+7,CALL,23100,2026-06-11
2026-06-11 14:56:00+05:30,37.9,38.25,36.9,37.1,160550,7410455,12.291854,23170.35,23500.0,23450,ATM+7,CALL,23100,2026-06-11
2026-06-11 14:57:00+05:30,37.1,37.75,36.05,37.05,329355,7453680,12.392127,23166.2,23500.0,23450,ATM+7,CALL,23100,2026-06-11
2026-06-11 14:58:00+05:30,36.9,37.5,36.9,37.3,176345,7473440,12.264638,23172.5,23500.0,23450,ATM+7,CALL,23100,2026-06-11
2026-06-11 14:59:00+05:30,29.3,29.9,28.0,29.55,337610,1915225,12.301168,23177.05,23550.0,23450,ATM+7,CALL,23100,2026-06-11
2026-06-11 15:00:00+05:30,38.1,41.5,35.45,35.45,782080,7430800,12.492118,23154.0,23500.0,23450,ATM+7,CALL,23100,2026-06-11
2026-06-11 15:01:00+05:30,35.4,36.1,34.25,35.1,438165,7452835,12.467461,23153.15,23500.0,23450,ATM+7,CALL,23100,2026-06-11
2026-06-11 15:02:00+05:30,35.1,36.05,33.25,35.7,539695,7499505,12.406605,23158.8,23500.0,23450,ATM+7,CALL,23100,2026-06-11
2026-06-11 15:03:00+05:30,35.6,35.85,34.55,35.75,452010,7566715,12.42804,23158.25,23500.0,23450,ATM+7,CALL,23100,2026-06-11
2026-06-11 15:04:00+05:30,35.6,36.2,35.15,35.4,343590,7736625,12.714479,23145.0,23500.0,23450,ATM+7,CALL,23100,2026-06-11
2026-06-11 15:05:00+05:30,35.1,35.45,34.15,35.05,505570,7811895,12.604482,23147.55,23500.0,23450,ATM+7,CALL,23100,2026-06-11
2026-06-11 15:06:00+05:30,35.0,35.3,33.85,33.95,298545,7843810,12.659119,23139.35,23500.0,23450,ATM+7,CALL,23100,2026-06-11
2026-06-11 15:07:00+05:30,33.8,35.5,33.7,35.3,277030,7837830,12.626364,23148.1,23500.0,23450,ATM+7,CALL,23100,2026-06-11
2026-06-11 15:08:00+05:30,35.65,36.2,35.3,35.35,341640,7777965,12.925823,23136.4,23500.0,23450,ATM+7,CALL,23100,2026-06-11
2026-06-11 15:09:00+05:30,35.2,36.65,35.2,36.3,222950,7753590,12.869191,23143.85,23500.0,23450,ATM+7,CALL,23100,2026-06-11
2026-06-11 15:10:00+05:30,36.25,37.8,36.25,37.7,257010,7715045,12.856941,23151.75,23500.0,23450,ATM+7,CALL,23100,2026-06-11
2026-06-11 15:11:00+05:30,38.05,38.75,37.15,37.15,227630,7701005,12.978493,23144.1,23500.0,23450,ATM+7,CALL,23100,2026-06-11
2026-06-11 15:12:00+05:30,37.05,38.7,36.8,38.45,205920,7675135,12.962442,23151.55,23500.0,23450,ATM+7,CALL,23100,2026-06-11
2026-06-11 15:13:00+05:30,38.45,39.75,38.4,39.5,570115,7502430,12.835971,23161.85,23500.0,23450,ATM+7,CALL,23100,2026-06-11
2026-06-11 15:14:00+05:30,39.4,40.25,39.35,39.5,397345,7414550,12.735118,23165.8,23500.0,23450,ATM+7,CALL,23100,2026-06-11
2026-06-11 15:15:00+05:30,39.85,40.25,37.55,39.1,462995,7408895,12.669262,23166.4,23500.0,23450,ATM+7,CALL,23100,2026-06-11
2026-06-11 15:16:00+05:30,30.9,32.8,30.65,32.4,185640,2172300,12.639995,23180.55,23550.0,23450,ATM+7,CALL,23100,2026-06-11
2026-06-11 15:17:00+05:30,32.25,32.95,32.25,32.65,129415,2167815,12.643128,23181.9,23550.0,23450,ATM+7,CALL,23100,2026-06-11
2026-06-11 15:18:00+05:30,32.65,33.25,32.2,32.2,102115,2163590,12.599121,23181.15,23550.0,23450,ATM+7,CALL,23100,2026-06-11
2026-06-11 15:19:00+05:30,40.8,41.0,39.4,39.85,550420,7402590,12.624138,23172.0,23500.0,23450,ATM+7,CALL,23100,2026-06-11
2026-06-11 15:20:00+05:30,31.4,32.3,31.05,31.1,139815,2158065,12.516419,23178.2,23550.0,23450,ATM+7,CALL,23100,2026-06-11
2026-06-11 15:21:00+05:30,31.3,32.75,31.15,31.15,126425,2193945,12.561927,23176.65,23550.0,23450,ATM+7,CALL,23100,2026-06-11
2026-06-11 15:22:00+05:30,39.4,41.0,39.2,39.2,543530,7552870,12.598432,23169.9,23500.0,23450,ATM+7,CALL,23100,2026-06-11
2026-06-11 15:23:00+05:30,38.95,40.2,38.75,39.65,574925,7489820,12.631,23170.9,23500.0,23450,ATM+7,CALL,23100,2026-06-11
2026-06-11 15:24:00+05:30,39.6,40.35,39.45,40.3,252330,7491380,12.644405,23173.6,23500.0,23450,ATM+7,CALL,23100,2026-06-11
2026-06-11 15:25:00+05:30,40.0,42.0,40.0,42.0,382525,7473635,12.838375,23174.4,23500.0,23450,ATM+7,CALL,23100,2026-06-11
2026-06-11 15:26:00+05:30,32.8,33.6,32.0,33.15,177775,2224495,12.851188,23176.6,23550.0,23450,ATM+7,CALL,23100,2026-06-11
2026-06-11 15:27:00+05:30,33.1,33.7,32.55,33.25,473070,2046265,12.805037,23179.1,23550.0,23450,ATM+7,CALL,23100,2026-06-11
2026-06-11 15:28:00+05:30,33.35,33.85,33.05,33.7,391560,2262130,12.84546,23180.05,23550.0,23450,ATM+7,CALL,23100,2026-06-11
2026-06-11 15:29:00+05:30,33.75,34.15,33.55,33.55,187785,2251340,12.66588,23186.55,23550.0,23450,ATM+7,CALL,23100,2026-06-11
2026-06-11 09:15:00+05:30,377.35,391.4,362.75,381.65,64935,399555,16.424584,23104.4,23450.0,23450,ATM+7,PUT,23100,2026-06-11
2026-06-11 09:16:00+05:30,385.0,405.1,381.65,405.1,20475,386425,17.19311,23082.3,23450.0,23450,ATM+7,PUT,23100,2026-06-11
2026-06-11 09:17:00+05:30,405.1,414.4,399.9,399.9,15015,381485,17.486208,23092.9,23450.0,23450,ATM+7,PUT,23100,2026-06-11
2026-06-11 09:18:00+05:30,400.8,400.8,385.1,391.9,9035,379405,17.195355,23100.1,23450.0,23450,ATM+7,PUT,23100,2026-06-11
2026-06-11 09:19:00+05:30,391.4,391.9,381.0,383.55,7995,379795,17.529232,23115.85,23450.0,23450,ATM+7,PUT,23100,2026-06-11
2026-06-11 09:20:00+05:30,422.8,429.7,409.5,413.15,26195,1911195,17.746938,23128.6,23500.0,23450,ATM+7,PUT,23100,2026-06-11
2026-06-11 09:21:00+05:30,412.35,413.15,397.0,401.1,40300,1918475,17.551488,23142.45,23500.0,23450,ATM+7,PUT,23100,2026-06-11
2026-06-11 09:22:00+05:30,401.15,408.8,396.6,398.65,37895,1918345,17.323144,23142.9,23500.0,23450,ATM+7,PUT,23100,2026-06-11
2026-06-11 09:23:00+05:30,398.65,406.65,394.7,405.25,18460,1923090,17.425493,23135.25,23500.0,23450,ATM+7,PUT,23100,2026-06-11
2026-06-11 09:24:00+05:30,365.0,379.9,361.85,377.6,15795,374920,16.977011,23116.8,23450.0,23450,ATM+7,PUT,23100,2026-06-11
2026-06-11 09:25:00+05:30,378.95,381.0,374.65,379.5,13910,370630,16.568256,23109.0,23450.0,23450,ATM+7,PUT,23100,2026-06-11
2026-06-11 09:26:00+05:30,380.85,385.0,375.85,378.35,23660,369590,16.322789,23107.5,23450.0,23450,ATM+7,PUT,23100,2026-06-11
2026-06-11 09:27:00+05:30,380.0,392.9,377.0,385.3,10855,373620,16.592429,23101.45,23450.0,23450,ATM+7,PUT,23100,2026-06-11
2026-06-11 09:28:00+05:30,384.9,385.3,372.5,373.4,9100,372060,16.594066,23117.6,23450.0,23450,ATM+7,PUT,23100,2026-06-11
2026-06-11 09:29:00+05:30,372.15,374.45,365.85,372.0,7800,373750,16.779715,23121.9,23450.0,23450,ATM+7,PUT,23100,2026-06-11
2026-06-11 09:30:00+05:30,372.4,385.75,371.05,385.3,10335,373555,17.301106,23110.35,23450.0,23450,ATM+7,PUT,23100,2026-06-11
2026-06-11 09:31:00+05:30,385.45,390.15,380.0,380.0,4355,374140,17.244201,23116.9,23450.0,23450,ATM+7,PUT,23100,2026-06-11
2026-06-11 09:32:00+05:30,373.8,380.0,367.6,376.7,2470,374010,16.664043,23113.95,23450.0,23450,ATM+7,PUT,23100,2026-06-11
2026-06-11 09:33:00+05:30,380.05,392.85,376.7,392.7,5525,374985,17.411275,23101.6,23450.0,23450,ATM+7,PUT,23100,2026-06-11
2026-06-11 09:34:00+05:30,393.1,393.25,380.75,383.0,3120,373295,17.003656,23109.65,23450.0,23450,ATM+7,PUT,23100,2026-06-11
2026-06-11 09:35:00+05:30,387.25,397.65,383.0,397.2,4420,373945,17.529983,23096.95,23450.0,23450,ATM+7,PUT,23100,2026-06-11
2026-06-11 09:36:00+05:30,395.85,397.2,383.85,383.85,5200,373490,17.306109,23112.35,23450.0,23450,ATM+7,PUT,23100,2026-06-11
2026-06-11 09:37:00+05:30,382.35,383.95,373.7,378.65,2470,375700,17.293217,23119.35,23450.0,23450,ATM+7,PUT,23100,2026-06-11
2026-06-11 09:38:00+05:30,416.65,417.95,404.1,408.8,19890,1888445,17.392955,23129.95,23500.0,23450,ATM+7,PUT,23100,2026-06-11
2026-06-11 09:39:00+05:30,408.45,408.8,400.1,404.75,29770,1895270,17.144336,23132.35,23500.0,23450,ATM+7,PUT,23100,2026-06-11
2026-06-11 09:40:00+05:30,362.8,375.0,362.55,375.0,5460,373035,16.940256,23119.75,23450.0,23450,ATM+7,PUT,23100,2026-06-11
2026-06-11 09:41:00+05:30,374.15,376.6,371.95,374.0,4095,374465,16.881107,23120.35,23450.0,23450,ATM+7,PUT,23100,2026-06-11
2026-06-11 09:42:00+05:30,374.25,374.25,372.45,374.15,585,375050,16.870749,23120.0,23450.0,23450,ATM+7,PUT,23100,2026-06-11
2026-06-11 09:43:00+05:30,414.4,416.05,395.95,396.0,17745,1903200,16.919202,23141.3,23500.0,23450,ATM+7,PUT,23100,2026-06-11
2026-06-11 09:44:00+05:30,396.5,396.9,391.0,396.45,19370,1910285,17.20874,23144.25,23500.0,23450,ATM+7,PUT,23100,2026-06-11
2026-06-11 09:45:00+05:30,393.6,400.0,388.0,392.85,28080,1914835,16.93002,23145.65,23500.0,23450,ATM+7,PUT,23100,2026-06-11
2026-06-11 09:46:00+05:30,393.15,395.4,386.9,388.25,17225,1922440,17.136158,23154.45,23500.0,23450,ATM+7,PUT,23100,2026-06-11
2026-06-11 09:47:00+05:30,388.3,396.05,387.35,396.05,12350,1929785,17.600274,23149.7,23500.0,23450,ATM+7,PUT,23100,2026-06-11
2026-06-11 09:48:00+05:30,392.9,401.65,392.85,401.65,23400,1934140,17.555641,23141.5,23500.0,23450,ATM+7,PUT,23100,2026-06-11
2026-06-11 09:49:00+05:30,402.0,402.0,390.2,390.9,15145,1937520,17.332351,23153.3,23500.0,23450,ATM+7,PUT,23100,2026-06-11
2026-06-11 09:50:00+05:30,391.75,399.0,378.0,379.85,44785,1934660,16.902045,23162.9,23500.0,23450,ATM+7,PUT,23100,2026-06-11
2026-06-11 09:51:00+05:30,382.25,384.1,375.6,378.15,39520,1926730,17.078359,23167.5,23500.0,23450,ATM+7,PUT,23100,2026-06-11
2026-06-11 09:52:00+05:30,377.45,383.35,375.0,377.15,20280,1913925,17.22553,23170.8,23500.0,23450,ATM+7,PUT,23100,2026-06-11
2026-06-11 09:53:00+05:30,377.3,381.0,374.0,376.5,18330,1919580,17.271562,23172.3,23500.0,23450,ATM+7,PUT,23100,2026-06-11
2026-06-11 09:54:00+05:30,377.0,390.25,376.5,389.05,34905,1924715,17.061849,23152.35,23500.0,23450,ATM+7,PUT,23100,2026-06-11
2026-06-11 09:55:00+05:30,387.55,399.65,387.55,397.75,30550,1923870,17.1646,23141.85,23500.0,23450,ATM+7,PUT,23100,2026-06-11
2026-06-11 09:56:00+05:30,396.75,399.85,388.5,399.75,15470,1922700,17.274484,23140.5,23500.0,23450,ATM+7,PUT,23100,2026-06-11
2026-06-11 09:57:00+05:30,400.5,408.75,398.45,407.6,35100,1916330,17.373317,23131.15,23500.0,23450,ATM+7,PUT,23100,2026-06-11
2026-06-11 09:58:00+05:30,368.05,377.15,366.4,377.15,9360,362310,16.789834,23114.7,23450.0,23450,ATM+7,PUT,23100,2026-06-11
2026-06-11 09:59:00+05:30,376.55,380.8,370.65,376.4,6240,361205,16.936742,23117.6,23450.0,23450,ATM+7,PUT,23100,2026-06-11
2026-06-11 10:00:00+05:30,418.15,418.15,405.55,407.2,25805,1880060,17.252616,23130.2,23500.0,23450,ATM+7,PUT,23100,2026-06-11
2026-06-11 10:01:00+05:30,405.6,407.25,400.45,405.45,21190,1879215,17.250054,23132.5,23500.0,23450,ATM+7,PUT,23100,2026-06-11
2026-06-11 10:02:00+05:30,366.9,374.0,364.0,374.0,1560,358020,17.092063,23122.9,23450.0,23450,ATM+7,PUT,23100,2026-06-11
2026-06-11 10:03:00+05:30,372.4,378.0,364.0,377.05,2535,358345,17.258381,23120.85,23450.0,23450,ATM+7,PUT,23100,2026-06-11
2026-06-11 10:04:00+05:30,372.6,383.2,372.6,383.2,7995,358800,16.960144,23108.55,23450.0,23450,ATM+7,PUT,23100,2026-06-11
2026-06-11 10:05:00+05:30,384.0,387.4,377.5,378.05,12155,360620,16.682385,23112.05,23450.0,23450,ATM+7,PUT,23100,2026-06-11
2026-06-11 10:06:00+05:30,420.4,420.75,398.35,401.25,30875,1878565,17.185408,23137.3,23500.0,23450,ATM+7,PUT,23100,2026-06-11
2026-06-11 10:07:00+05:30,402.9,404.9,389.8,390.9,21645,1880905,16.906861,23147.8,23500.0,23450,ATM+7,PUT,23100,2026-06-11
2026-06-11 10:08:00+05:30,390.55,394.5,381.0,382.6,35555,1883115,16.736663,23156.9,23500.0,23450,ATM+7,PUT,23100,2026-06-11
2026-06-11 10:09:00+05:30,380.75,385.85,377.9,385.0,28145,1895140,17.000686,23156.95,23500.0,23450,ATM+7,PUT,23100,2026-06-11
2026-06-11 10:10:00+05:30,386.0,386.0,376.6,382.15,16770,1901250,16.800993,23158.3,23500.0,23450,ATM+7,PUT,23100,2026-06-11
2026-06-11 10:11:00+05:30,381.0,382.15,376.0,378.05,8840,1906970,16.731928,23163.0,23500.0,23450,ATM+7,PUT,23100,2026-06-11
2026-06-11 10:12:00+05:30,377.75,385.0,375.65,385.0,10335,1909505,16.979117,23156.65,23500.0,23450,ATM+7,PUT,23100,2026-06-11
2026-06-11 10:13:00+05:30,384.75,385.0,379.0,379.0,6045,1909765,16.57776,23159.75,23500.0,23450,ATM+7,PUT,23100,2026-06-11
2026-06-11 10:14:00+05:30,380.15,392.3,377.3,390.0,15015,1912690,16.788837,23147.5,23500.0,23450,ATM+7,PUT,23100,2026-06-11
2026-06-11 10:15:00+05:30,389.75,390.15,378.9,378.9,18460,1908140,16.419394,23157.9,23500.0,23450,ATM+7,PUT,23100,2026-06-11
2026-06-11 10:16:00+05:30,379.6,380.35,371.35,376.7,40820,1909895,16.743952,23164.95,23500.0,23450,ATM+7,PUT,23100,2026-06-11
2026-06-11 10:17:00+05:30,376.65,377.45,368.75,370.1,16705,1911130,16.366207,23169.15,23500.0,23450,ATM+7,PUT,23100,2026-06-11
2026-06-11 10:18:00+05:30,371.35,377.2,366.15,366.15,18005,1921595,16.245735,23173.0,23500.0,23450,ATM+7,PUT,23100,2026-06-11
2026-06-11 10:19:00+05:30,407.25,407.9,400.4,400.4,2080,156910,16.724942,23183.15,23550.0,23450,ATM+7,PUT,23100,2026-06-11
2026-06-11 10:20:00+05:30,399.6,402.75,392.7,392.7,1495,156715,16.462331,23190.25,23550.0,23450,ATM+7,PUT,23100,2026-06-11
2026-06-11 10:21:00+05:30,394.7,406.05,392.7,405.95,2405,157690,17.260182,23182.15,23550.0,23450,ATM+7,PUT,23100,2026-06-11
2026-06-11 10:22:00+05:30,402.35,408.0,402.35,406.95,975,158080,17.185133,23179.9,23550.0,23450,ATM+7,PUT,23100,2026-06-11
2026-06-11 10:23:00+05:30,405.15,406.95,401.25,403.55,2015,158145,16.945211,23181.55,23550.0,23450,ATM+7,PUT,23100,2026-06-11
2026-06-11 10:24:00+05:30,406.0,409.1,403.55,409.1,195,158600,17.412323,23179.75,23550.0,23450,ATM+7,PUT,23100,2026-06-11
2026-06-11 10:25:00+05:30,407.65,409.65,406.35,408.9,1105,158665,17.357888,23179.35,23550.0,23450,ATM+7,PUT,23100,2026-06-11
2026-06-11 10:26:00+05:30,406.6,408.9,395.0,395.35,4225,157625,16.999418,23193.15,23550.0,23450,ATM+7,PUT,23100,2026-06-11
2026-06-11 10:27:00+05:30,394.8,395.4,382.6,382.6,3185,156845,16.776056,23207.6,23550.0,23450,ATM+7,PUT,23100,2026-06-11
2026-06-11 10:28:00+05:30,382.75,392.5,380.8,389.9,3315,157885,16.911923,23199.4,23550.0,23450,ATM+7,PUT,23100,2026-06-11
2026-06-11 10:29:00+05:30,389.6,389.9,386.8,389.65,975,158145,16.893466,23199.5,23550.0,23450,ATM+7,PUT,23100,2026-06-11
2026-06-11 10:30:00+05:30,387.0,401.6,384.35,400.0,1755,157560,17.165714,23188.9,23550.0,23450,ATM+7,PUT,23100,2026-06-11
2026-06-11 10:31:00+05:30,400.0,402.1,389.4,389.4,1560,157235,16.839335,23199.15,23550.0,23450,ATM+7,PUT,23100,2026-06-11
2026-06-11 10:32:00+05:30,390.0,393.05,389.4,392.35,1170,157755,17.543259,23204.0,23550.0,23450,ATM+7,PUT,23100,2026-06-11
2026-06-11 10:33:00+05:30,388.75,393.35,388.75,393.35,130,157755,17.253915,23198.95,23550.0,23450,ATM+7,PUT,23100,2026-06-11
2026-06-11 10:34:00+05:30,391.0,393.35,391.0,391.0,65,156715,17.147848,23200.8,23550.0,23450,ATM+7,PUT,23100,2026-06-11
2026-06-11 10:35:00+05:30,391.25,391.25,388.8,388.8,390,156520,16.958135,23201.4,23550.0,23450,ATM+7,PUT,23100,2026-06-11
2026-06-11 10:36:00+05:30,392.2,397.4,388.8,394.7,1950,156000,17.182529,23196.2,23550.0,23450,ATM+7,PUT,23100,2026-06-11
2026-06-11 10:37:00+05:30,393.25,396.2,391.15,396.2,1495,156000,16.998552,23191.9,23550.0,23450,ATM+7,PUT,23100,2026-06-11
2026-06-11 10:38:00+05:30,394.35,396.2,392.35,392.35,520,156130,17.161315,23199.1,23550.0,23450,ATM+7,PUT,23100,2026-06-11
2026-06-11 10:39:00+05:30,390.0,392.35,383.1,385.0,780,156195,17.031541,23207.45,23550.0,23450,ATM+7,PUT,23100,2026-06-11
2026-06-11 10:40:00+05:30,385.95,387.8,381.9,383.8,780,155610,17.290324,23212.4,23550.0,23450,ATM+7,PUT,23100,2026-06-11
2026-06-11 10:41:00+05:30,381.25,385.35,380.95,383.55,1300,155545,16.555551,23203.45,23550.0,23450,ATM+7,PUT,23100,2026-06-11
2026-06-11 10:42:00+05:30,390.55,393.9,383.55,390.0,1820,156000,17.444136,23205.85,23550.0,23450,ATM+7,PUT,23100,2026-06-11
2026-06-11 10:43:00+05:30,389.0,390.0,387.0,387.0,715,156000,16.824396,23202.1,23550.0,23450,ATM+7,PUT,23100,2026-06-11
2026-06-11 10:44:00+05:30,392.75,395.0,387.0,388.75,520,155610,17.23344,23204.85,23550.0,23450,ATM+7,PUT,23100,2026-06-11
2026-06-11 10:45:00+05:30,394.8,394.8,388.75,394.75,130,155610,17.85512,23204.6,23550.0,23450,ATM+7,PUT,23100,2026-06-11
2026-06-11 10:46:00+05:30,387.5,394.75,383.0,388.45,1170,155480,17.340036,23206.6,23550.0,23450,ATM+7,PUT,23100,2026-06-11
2026-06-11 10:47:00+05:30,389.0,389.0,385.0,385.0,975,155350,17.264521,23210.35,23550.0,23450,ATM+7,PUT,23100,2026-06-11
2026-06-11 10:48:00+05:30,383.0,390.5,383.0,389.45,1170,155870,17.378206,23205.7,23550.0,23450,ATM+7,PUT,23100,2026-06-11
2026-06-11 10:49:00+05:30,394.0,397.8,389.45,397.8,195,156000,17.332422,23193.75,23550.0,23450,ATM+7,PUT,23100,2026-06-11
2026-06-11 10:50:00+05:30,397.75,402.95,397.75,402.95,2145,155805,17.300139,23186.4,23550.0,23450,ATM+7,PUT,23100,2026-06-11
2026-06-11 10:51:00+05:30,400.45,402.95,395.15,395.4,1690,155740,16.763321,23190.0,23550.0,23450,ATM+7,PUT,23100,2026-06-11
2026-06-11 10:52:00+05:30,398.7,399.15,392.85,397.6,1625,155740,16.84618,23188.05,23550.0,23450,ATM+7,PUT,23100,2026-06-11
2026-06-11 10:53:00+05:30,359.35,368.6,358.35,365.25,21645,2027480,16.322426,23174.9,23500.0,23450,ATM+7,PUT,23100,2026-06-11
2026-06-11 10:54:00+05:30,367.05,370.1,364.2,364.95,27235,2025270,16.275207,23174.7,23500.0,23450,ATM+7,PUT,23100,2026-06-11
2026-06-11 10:55:00+05:30,367.8,371.6,364.45,367.4,23075,2017015,16.421168,23173.2,23500.0,23450,ATM+7,PUT,23100,2026-06-11
2026-06-11 10:56:00+05:30,406.95,407.2,403.8,403.8,1105,154050,16.848618,23179.8,23550.0,23450,ATM+7,PUT,23100,2026-06-11
2026-06-11 10:57:00+05:30,404.0,408.35,402.6,408.35,1170,153920,17.148677,23177.3,23550.0,23450,ATM+7,PUT,23100,2026-06-11
2026-06-11 10:58:00+05:30,405.9,408.35,404.7,406.85,455,154050,16.840087,23175.65,23550.0,23450,ATM+7,PUT,23100,2026-06-11
2026-06-11 10:59:00+05:30,410.7,412.45,404.25,404.25,1625,154245,16.622981,23176.55,23550.0,23450,ATM+7,PUT,23100,2026-06-11
2026-06-11 11:00:00+05:30,362.0,372.75,359.1,372.75,7540,2020655,16.704657,23169.45,23500.0,23450,ATM+7,PUT,23100,2026-06-11
2026-06-11 11:01:00+05:30,372.5,374.55,367.0,373.05,23920,2018445,16.556625,23167.15,23500.0,23450,ATM+7,PUT,23100,2026-06-11
2026-06-11 11:02:00+05:30,371.7,374.7,369.3,371.0,15795,2018900,16.395312,23167.9,23500.0,23450,ATM+7,PUT,23100,2026-06-11
2026-06-11 11:03:00+05:30,411.0,414.0,408.0,408.0,455,154830,17.377311,23180.45,23550.0,23450,ATM+7,PUT,23100,2026-06-11
2026-06-11 11:04:00+05:30,400.35,408.0,396.1,403.3,1495,154700,16.950367,23181.6,23550.0,23450,ATM+7,PUT,23100,2026-06-11
2026-06-11 11:05:00+05:30,397.6,403.3,383.5,383.5,1820,154700,16.266165,23199.8,23550.0,23450,ATM+7,PUT,23100,2026-06-11
2026-06-11 11:06:00+05:30,387.95,392.0,382.6,383.0,1235,154765,16.573633,23204.2,23550.0,23450,ATM+7,PUT,23100,2026-06-11
2026-06-11 11:07:00+05:30,378.2,393.45,378.2,393.45,780,154635,16.561171,23190.05,23550.0,23450,ATM+7,PUT,23100,2026-06-11
2026-06-11 11:08:00+05:30,394.55,394.55,391.3,391.3,520,154700,16.71857,23194.8,23550.0,23450,ATM+7,PUT,23100,2026-06-11
2026-06-11 11:09:00+05:30,392.6,395.0,391.3,395.0,780,154700,17.024623,23193.55,23550.0,23450,ATM+7,PUT,23100,2026-06-11
2026-06-11 11:10:00+05:30,395.1,399.35,394.0,394.0,910,154440,16.745829,23191.5,23550.0,23450,ATM+7,PUT,23100,2026-06-11
2026-06-11 11:11:00+05:30,390.15,397.1,390.15,394.95,390,154375,16.660222,23189.2,23550.0,23450,ATM+7,PUT,23100,2026-06-11
2026-06-11 11:12:00+05:30,397.25,399.1,394.95,399.1,650,154375,16.939671,23187.0,23550.0,23450,ATM+7,PUT,23100,2026-06-11
2026-06-11 11:13:00+05:30,396.45,399.1,392.4,397.3,910,154115,16.591561,23185.25,23550.0,23450,ATM+7,PUT,23100,2026-06-11
2026-06-11 11:14:00+05:30,400.0,400.0,397.3,400.0,260,154115,16.722122,23183.2,23550.0,23450,ATM+7,PUT,23100,2026-06-11
2026-06-11 11:15:00+05:30,398.2,400.0,393.8,394.05,520,154115,16.481837,23188.25,23550.0,23450,ATM+7,PUT,23100,2026-06-11
2026-06-11 11:16:00+05:30,393.75,395.7,393.75,395.05,325,154115,16.695826,23189.45,23550.0,23450,ATM+7,PUT,23100,2026-06-11
2026-06-11 11:17:00+05:30,399.0,399.0,388.85,392.65,4940,154115,16.804062,23193.95,23550.0,23450,ATM+7,PUT,23100,2026-06-11
2026-06-11 11:18:00+05:30,388.0,392.65,379.9,380.35,520,154050,16.368387,23205.15,23550.0,23450,ATM+7,PUT,23100,2026-06-11
2026-06-11 11:19:00+05:30,377.45,383.15,377.45,383.15,1300,154635,16.538024,23203.45,23550.0,23450,ATM+7,PUT,23100,2026-06-11
2026-06-11 11:20:00+05:30,384.75,387.25,376.75,376.75,780,155025,16.574969,23212.55,23550.0,23450,ATM+7,PUT,23100,2026-06-11
2026-06-11 11:21:00+05:30,374.35,376.75,368.0,368.15,2665,154505,16.261944,23220.3,23550.0,23450,ATM+7,PUT,23100,2026-06-11
2026-06-11 11:22:00+05:30,369.05,373.15,367.85,371.3,1300,155155,16.107384,23214.1,23550.0,23450,ATM+7,PUT,23100,2026-06-11
2026-06-11 11:23:00+05:30,375.0,376.75,370.0,376.75,4225,157495,16.616953,23213.05,23550.0,23450,ATM+7,PUT,23100,2026-06-11
2026-06-11 11:24:00+05:30,377.1,380.0,371.0,371.0,1235,157625,16.429035,23218.5,23550.0,23450,ATM+7,PUT,23100,2026-06-11
2026-06-11 11:25:00+05:30,368.8,373.05,368.8,373.05,520,157690,16.436794,23215.8,23550.0,23450,ATM+7,PUT,23100,2026-06-11
2026-06-11 11:26:00+05:30,414.15,414.15,399.85,399.85,6695,610090,16.278969,23228.5,23600.0,23450,ATM+7,PUT,23100,2026-06-11
2026-06-11 11:27:00+05:30,398.0,399.85,391.85,393.6,3640,612040,16.052921,23234.1,23600.0,23450,ATM+7,PUT,23100,2026-06-11
2026-06-11 11:28:00+05:30,391.0,397.2,391.0,393.0,4680,613665,16.154578,23236.05,23600.0,23450,ATM+7,PUT,23100,2026-06-11
2026-06-11 11:29:00+05:30,393.1,399.8,390.85,390.85,7280,614315,15.856803,23235.45,23600.0,23450,ATM+7,PUT,23100,2026-06-11
2026-06-11 11:30:00+05:30,390.9,395.0,386.0,394.6,7670,612560,16.350384,23236.2,23600.0,23450,ATM+7,PUT,23100,2026-06-11
2026-06-11 11:31:00+05:30,393.75,401.7,391.7,398.7,6760,612755,15.954333,23226.3,23600.0,23450,ATM+7,PUT,23100,2026-06-11
2026-06-11 11:32:00+05:30,402.0,403.6,398.7,400.85,5785,611455,16.191056,23226.15,23600.0,23450,ATM+7,PUT,23100,2026-06-11
2026-06-11 11:33:00+05:30,400.85,400.85,393.9,395.6,3510,610350,16.23752,23233.55,23600.0,23450,ATM+7,PUT,23100,2026-06-11
2026-06-11 11:34:00+05:30,398.25,404.05,395.6,404.05,1690,609570,16.577415,23226.35,23600.0,23450,ATM+7,PUT,23100,2026-06-11
2026-06-11 11:35:00+05:30,405.0,407.3,398.85,398.85,2990,607880,16.675433,23234.35,23600.0,23450,ATM+7,PUT,23100,2026-06-11
2026-06-11 11:36:00+05:30,358.5,368.6,358.5,366.35,2210,158730,16.184871,23221.65,23550.0,23450,ATM+7,PUT,23100,2026-06-11
2026-06-11 11:37:00+05:30,365.95,367.25,363.7,367.25,2015,157755,15.994476,23218.05,23550.0,23450,ATM+7,PUT,23100,2026-06-11
2026-06-11 11:38:00+05:30,367.75,372.2,366.65,372.0,4290,158925,16.29167,23215.3,23550.0,23450,ATM+7,PUT,23100,2026-06-11
2026-06-11 11:39:00+05:30,371.35,373.05,366.65,366.65,845,159315,16.322353,23222.95,23550.0,23450,ATM+7,PUT,23100,2026-06-11
2026-06-11 11:40:00+05:30,366.1,369.15,362.35,369.15,1105,159575,16.599279,23223.05,23550.0,23450,ATM+7,PUT,23100,2026-06-11
2026-06-11 11:41:00+05:30,410.65,410.65,400.55,400.55,1430,605540,16.525334,23230.3,23600.0,23450,ATM+7,PUT,23100,2026-06-11
2026-06-11 11:42:00+05:30,400.55,400.95,384.0,387.25,8645,606255,16.244933,23244.6,23600.0,23450,ATM+7,PUT,23100,2026-06-11
2026-06-11 11:43:00+05:30,386.65,393.0,386.0,390.25,2795,603980,16.324391,23241.55,23600.0,23450,ATM+7,PUT,23100,2026-06-11
2026-06-11 11:44:00+05:30,389.75,390.25,379.7,379.7,7215,606710,16.165898,23253.7,23600.0,23450,ATM+7,PUT,23100,2026-06-11
2026-06-11 11:45:00+05:30,377.85,382.25,374.65,379.45,15795,608985,16.167865,23254.05,23600.0,23450,ATM+7,PUT,23100,2026-06-11
2026-06-11 11:46:00+05:30,379.7,381.35,376.3,376.3,2990,610025,16.129783,23257.8,23600.0,23450,ATM+7,PUT,23100,2026-06-11
2026-06-11 11:47:00+05:30,376.45,379.5,363.4,363.4,14625,612950,15.644623,23269.2,23600.0,23450,ATM+7,PUT,23100,2026-06-11
2026-06-11 11:48:00+05:30,361.65,371.0,361.65,366.9,13000,613925,15.959673,23268.35,23600.0,23450,ATM+7,PUT,23100,2026-06-11
2026-06-11 11:49:00+05:30,368.9,374.95,366.9,372.15,5265,614445,16.278679,23265.2,23600.0,23450,ATM+7,PUT,23100,2026-06-11
2026-06-11 11:50:00+05:30,369.45,372.15,365.5,366.3,4225,617370,16.330259,23273.8,23600.0,23450,ATM+7,PUT,23100,2026-06-11
2026-06-11 11:51:00+05:30,365.3,367.1,364.4,365.8,5460,619645,15.885979,23268.9,23600.0,23450,ATM+7,PUT,23100,2026-06-11
2026-06-11 11:52:00+05:30,370.55,373.2,365.8,366.35,5720,620360,16.043358,23270.1,23600.0,23450,ATM+7,PUT,23100,2026-06-11
2026-06-11 11:53:00+05:30,367.4,369.65,365.5,366.35,3965,622180,16.361265,23274.1,23600.0,23450,ATM+7,PUT,23100,2026-06-11
2026-06-11 11:54:00+05:30,366.05,368.35,361.45,367.25,7280,622180,16.368284,23272.95,23600.0,23450,ATM+7,PUT,23100,2026-06-11
2026-06-11 11:55:00+05:30,365.0,367.4,362.35,367.4,2990,626990,16.451711,23273.8,23600.0,23450,ATM+7,PUT,23100,2026-06-11
2026-06-11 11:56:00+05:30,406.85,407.95,391.0,391.85,2730,187265,15.948058,23285.3,23650.0,23450,ATM+7,PUT,23100,2026-06-11
2026-06-11 11:57:00+05:30,395.05,397.2,391.85,393.55,6175,188240,16.112688,23284.95,23650.0,23450,ATM+7,PUT,23100,2026-06-11
2026-06-11 11:58:00+05:30,393.7,393.7,386.35,392.35,2210,188045,16.486395,23290.9,23650.0,23450,ATM+7,PUT,23100,2026-06-11
2026-06-11 11:59:00+05:30,394.55,399.45,392.35,399.3,3315,188370,16.611429,23283.15,23650.0,23450,ATM+7,PUT,23100,2026-06-11
2026-06-11 12:00:00+05:30,394.4,399.3,392.55,397.0,1690,189020,16.471995,23284.55,23650.0,23450,ATM+7,PUT,23100,2026-06-11
2026-06-11 12:01:00+05:30,398.0,398.65,392.55,392.75,4745,189020,16.334374,23288.55,23650.0,23450,ATM+7,PUT,23100,2026-06-11
2026-06-11 12:02:00+05:30,393.9,396.35,392.75,396.35,325,188760,16.498123,23285.7,23650.0,23450,ATM+7,PUT,23100,2026-06-11
2026-06-11 12:03:00+05:30,398.05,398.05,390.0,390.0,585,188760,16.148955,23290.0,23650.0,23450,ATM+7,PUT,23100,2026-06-11
2026-06-11 12:04:00+05:30,396.0,396.0,390.0,396.0,130,188630,16.54507,23286.7,23650.0,23450,ATM+7,PUT,23100,2026-06-11
2026-06-11 12:05:00+05:30,396.6,401.35,396.0,401.35,195,188695,16.676288,23281.15,23650.0,23450,ATM+7,PUT,23100,2026-06-11
2026-06-11 12:06:00+05:30,402.4,404.4,398.7,398.7,1170,188695,16.458369,23282.1,23650.0,23450,ATM+7,PUT,23100,2026-06-11
2026-06-11 12:07:00+05:30,398.65,398.7,391.15,391.55,1235,188760,16.352084,23290.3,23650.0,23450,ATM+7,PUT,23100,2026-06-11
2026-06-11 12:08:00+05:30,390.4,399.8,390.4,398.35,715,188565,16.642441,23284.7,23650.0,23450,ATM+7,PUT,23100,2026-06-11
2026-06-11 12:09:00+05:30,397.35,398.35,395.5,396.15,650,188565,16.269601,23283.25,23650.0,23450,ATM+7,PUT,23100,2026-06-11
2026-06-11 12:10:00+05:30,399.25,403.0,396.15,399.5,455,188890,16.256815,23278.7,23650.0,23450,ATM+7,PUT,23100,2026-06-11
2026-06-11 12:11:00+05:30,400.7,406.55,399.5,403.9,1430,189215,16.660334,23277.55,23650.0,23450,ATM+7,PUT,23100,2026-06-11
2026-06-11 12:12:00+05:30,402.1,403.9,399.25,399.25,455,188890,16.623261,23283.25,23650.0,23450,ATM+7,PUT,23100,2026-06-11
2026-06-11 12:13:00+05:30,399.95,399.95,395.4,395.4,325,188825,16.462372,23286.45,23650.0,23450,ATM+7,PUT,23100,2026-06-11
2026-06-11 12:14:00+05:30,398.75,401.5,395.4,397.3,585,188630,16.769346,23287.55,23650.0,23450,ATM+7,PUT,23100,2026-06-11
2026-06-11 12:15:00+05:30,394.65,397.3,381.9,384.3,3445,188630,16.452492,23301.1,23650.0,23450,ATM+7,PUT,23100,2026-06-11
2026-06-11 12:16:00+05:30,381.45,384.5,379.85,379.85,1170,190060,16.233518,23304.4,23650.0,23450,ATM+7,PUT,23100,2026-06-11
2026-06-11 12:17:00+05:30,378.6,385.6,376.1,385.6,3120,189995,16.311766,23297.65,23650.0,23450,ATM+7,PUT,23100,2026-06-11
2026-06-11 12:18:00+05:30,388.65,391.5,385.6,389.4,1755,189280,16.455914,23294.3,23650.0,23450,ATM+7,PUT,23100,2026-06-11
2026-06-11 12:19:00+05:30,388.85,394.25,388.85,393.15,715,190515,16.472279,23289.5,23650.0,23450,ATM+7,PUT,23100,2026-06-11
2026-06-11 12:20:00+05:30,393.0,397.65,393.0,397.65,1300,190125,16.507739,23283.95,23650.0,23450,ATM+7,PUT,23100,2026-06-11
2026-06-11 12:21:00+05:30,396.9,400.2,395.95,397.75,1495,189865,16.455345,23283.2,23650.0,23450,ATM+7,PUT,23100,2026-06-11
2026-06-11 12:22:00+05:30,398.1,398.1,393.2,396.0,6630,189930,16.612523,23287.35,23650.0,23450,ATM+7,PUT,23100,2026-06-11
2026-06-11 12:23:00+05:30,395.9,397.55,389.55,391.9,4225,191425,16.658517,23293.35,23650.0,23450,ATM+7,PUT,23100,2026-06-11
2026-06-11 12:24:00+05:30,395.15,395.15,391.0,391.0,195,194285,16.424575,23291.75,23650.0,23450,ATM+7,PUT,23100,2026-06-11
2026-06-11 12:25:00+05:30,397.2,397.2,391.0,394.6,520,194415,16.571562,23288.7,23650.0,23450,ATM+7,PUT,23100,2026-06-11
2026-06-11 12:26:00+05:30,393.55,394.6,388.1,388.1,715,194155,16.175951,23292.65,23650.0,23450,ATM+7,PUT,23100,2026-06-11
2026-06-11 12:27:00+05:30,392.6,392.7,388.1,392.0,1235,193830,16.630778,23292.85,23650.0,23450,ATM+7,PUT,23100,2026-06-11
2026-06-11 12:28:00+05:30,390.05,394.45,385.95,385.95,455,194285,16.618912,23300.8,23650.0,23450,ATM+7,PUT,23100,2026-06-11
2026-06-11 12:29:00+05:30,385.0,388.85,385.0,388.45,715,194480,16.632381,23297.6,23650.0,23450,ATM+7,PUT,23100,2026-06-11
2026-06-11 12:30:00+05:30,387.35,388.45,376.55,378.3,14495,194805,16.199511,23305.95,23650.0,23450,ATM+7,PUT,23100,2026-06-11
2026-06-11 12:31:00+05:30,382.6,383.2,370.0,373.55,3900,206765,16.494769,23316.0,23650.0,23450,ATM+7,PUT,23100,2026-06-11
2026-06-11 12:32:00+05:30,372.25,373.55,366.05,367.65,5395,208065,16.183252,23320.1,23650.0,23450,ATM+7,PUT,23100,2026-06-11
2026-06-11 12:33:00+05:30,368.85,371.7,367.65,368.7,4095,208975,15.971999,23316.05,23650.0,23450,ATM+7,PUT,23100,2026-06-11
2026-06-11 12:34:00+05:30,367.55,370.8,366.35,366.35,715,208650,16.19918,23322.05,23650.0,23450,ATM+7,PUT,23100,2026-06-11
2026-06-11 12:35:00+05:30,365.0,377.05,362.25,375.25,1365,209365,16.454316,23313.15,23650.0,23450,ATM+7,PUT,23100,2026-06-11
2026-06-11 12:36:00+05:30,374.85,377.4,374.4,375.1,455,209625,16.002103,23307.8,23650.0,23450,ATM+7,PUT,23100,2026-06-11
2026-06-11 12:37:00+05:30,373.2,382.5,373.2,382.5,1560,209625,15.583671,23293.1,23650.0,23450,ATM+7,PUT,23100,2026-06-11
2026-06-11 12:38:00+05:30,380.6,385.65,379.3,385.2,2990,209495,15.941031,23293.65,23650.0,23450,ATM+7,PUT,23100,2026-06-11
2026-06-11 12:39:00+05:30,384.0,385.2,378.9,379.15,1040,209365,15.59845,23297.65,23650.0,23450,ATM+7,PUT,23100,2026-06-11
2026-06-11 12:40:00+05:30,382.55,383.4,379.15,381.45,260,209495,15.882082,23297.9,23650.0,23450,ATM+7,PUT,23100,2026-06-11
2026-06-11 12:41:00+05:30,384.0,386.0,379.65,386.0,1690,209690,16.161937,23295.15,23650.0,23450,ATM+7,PUT,23100,2026-06-11
2026-06-11 12:42:00+05:30,388.0,388.0,381.05,384.7,3575,208975,16.13509,23296.55,23650.0,23450,ATM+7,PUT,23100,2026-06-11
2026-06-11 12:43:00+05:30,382.95,391.2,382.4,384.6,975,208390,15.862954,23293.5,23650.0,23450,ATM+7,PUT,23100,2026-06-11
2026-06-11 12:44:00+05:30,385.7,386.0,381.9,382.35,3835,207480,15.832106,23296.1,23650.0,23450,ATM+7,PUT,23100,2026-06-11
2026-06-11 12:45:00+05:30,383.35,383.9,382.35,383.9,1105,207480,15.918431,23295.05,23650.0,23450,ATM+7,PUT,23100,2026-06-11
2026-06-11 12:46:00+05:30,382.0,383.9,376.25,376.25,2795,211250,15.596801,23301.4,23650.0,23450,ATM+7,PUT,23100,2026-06-11
2026-06-11 12:47:00+05:30,378.0,385.85,376.25,382.8,1755,212290,15.637531,23293.25,23650.0,23450,ATM+7,PUT,23100,2026-06-11
2026-06-11 12:48:00+05:30,383.7,390.9,382.8,390.85,4030,213525,15.936371,23286.1,23650.0,23450,ATM+7,PUT,23100,2026-06-11
2026-06-11 12:49:00+05:30,386.8,399.0,386.8,399.0,3640,214045,15.934182,23275.45,23650.0,23450,ATM+7,PUT,23100,2026-06-11
2026-06-11 12:50:00+05:30,396.95,399.0,391.5,391.5,1495,212875,15.683638,23282.4,23650.0,23450,ATM+7,PUT,23100,2026-06-11
2026-06-11 12:51:00+05:30,388.5,394.7,388.5,394.7,1105,213200,15.936373,23281.05,23650.0,23450,ATM+7,PUT,23100,2026-06-11
2026-06-11 12:52:00+05:30,395.5,395.5,394.55,394.55,130,213525,15.744201,23279.1,23650.0,23450,ATM+7,PUT,23100,2026-06-11
2026-06-11 12:53:00+05:30,393.1,394.55,388.85,388.85,1560,213590,15.57816,23284.65,23650.0,23450,ATM+7,PUT,23100,2026-06-11
2026-06-11 12:54:00+05:30,393.35,393.35,388.85,393.35,1430,213590,15.406727,23276.95,23650.0,23450,ATM+7,PUT,23100,2026-06-11
2026-06-11 12:55:00+05:30,393.35,393.35,393.35,393.35,0,213590,15.406728,23276.95,23650.0,23450,ATM+7,PUT,23100,2026-06-11
2026-06-11 12:56:00+05:30,395.6,395.6,387.95,389.25,2470,214045,15.472907,23282.95,23650.0,23450,ATM+7,PUT,23100,2026-06-11
2026-06-11 12:57:00+05:30,389.25,389.25,375.9,376.0,3185,214305,15.366257,23299.0,23650.0,23450,ATM+7,PUT,23100,2026-06-11
2026-06-11 12:58:00+05:30,375.9,376.0,369.25,371.1,5785,215020,15.224473,23303.8,23650.0,23450,ATM+7,PUT,23100,2026-06-11
2026-06-11 12:59:00+05:30,372.6,374.5,366.9,366.9,3185,218270,15.131981,23308.25,23650.0,23450,ATM+7,PUT,23100,2026-06-11
2026-06-11 13:00:00+05:30,360.0,366.9,350.55,352.05,4485,219180,14.813203,23324.15,23650.0,23450,ATM+7,PUT,23100,2026-06-11
2026-06-11 13:01:00+05:30,352.05,364.05,351.3,364.05,1755,221520,15.311853,23314.1,23650.0,23450,ATM+7,PUT,23100,2026-06-11
2026-06-11 13:02:00+05:30,362.85,372.6,362.85,367.05,4680,221910,15.020033,23306.75,23650.0,23450,ATM+7,PUT,23100,2026-06-11
2026-06-11 13:03:00+05:30,368.1,372.5,367.05,371.55,2080,223015,15.309524,23304.15,23650.0,23450,ATM+7,PUT,23100,2026-06-11
2026-06-11 13:04:00+05:30,375.0,375.0,371.55,374.95,1755,222885,15.477161,23301.6,23650.0,23450,ATM+7,PUT,23100,2026-06-11
2026-06-11 13:05:00+05:30,372.6,374.95,372.5,373.95,455,223600,15.459014,23302.7,23650.0,23450,ATM+7,PUT,23100,2026-06-11
2026-06-11 13:06:00+05:30,373.25,375.45,373.0,373.0,910,223405,15.24599,23301.5,23650.0,23450,ATM+7,PUT,23100,2026-06-11
2026-06-11 13:07:00+05:30,375.0,375.0,371.1,374.05,1820,223405,15.15128,23299.05,23650.0,23450,ATM+7,PUT,23100,2026-06-11
2026-06-11 13:08:00+05:30,379.0,381.1,374.05,380.75,2795,224185,15.292563,23291.9,23650.0,23450,ATM+7,PUT,23100,2026-06-11
2026-06-11 13:09:00+05:30,382.9,391.35,380.75,391.35,2145,225615,15.518541,23280.65,23650.0,23450,ATM+7,PUT,23100,2026-06-11
2026-06-11 13:10:00+05:30,390.4,391.35,387.35,387.6,4550,221325,15.244257,23282.5,23650.0,23450,ATM+7,PUT,23100,2026-06-11
2026-06-11 13:11:00+05:30,394.0,394.0,387.6,394.0,260,221065,15.677459,23278.95,23650.0,23450,ATM+7,PUT,23100,2026-06-11
2026-06-11 13:12:00+05:30,352.0,363.75,350.0,358.45,20085,691665,14.997534,23267.45,23600.0,23450,ATM+7,PUT,23100,2026-06-11
2026-06-11 13:13:00+05:30,359.75,365.0,357.75,363.9,10075,686855,15.00534,23260.35,23600.0,23450,ATM+7,PUT,23100,2026-06-11
2026-06-11 13:14:00+05:30,365.0,365.0,360.9,362.6,20930,685100,14.776609,23259.45,23600.0,23450,ATM+7,PUT,23100,2026-06-11
2026-06-11 13:15:00+05:30,363.0,363.25,360.0,362.0,22685,682500,14.778576,23260.25,23600.0,23450,ATM+7,PUT,23100,2026-06-11
2026-06-11 13:16:00+05:30,357.0,366.55,355.5,364.0,13195,692640,14.559447,23255.2,23600.0,23450,ATM+7,PUT,23100,2026-06-11
2026-06-11 13:17:00+05:30,364.45,370.55,357.0,360.0,17875,687570,14.813238,23263.25,23600.0,23450,ATM+7,PUT,23100,2026-06-11
2026-06-11 13:18:00+05:30,363.7,367.7,360.0,364.3,12415,685100,14.463385,23253.75,23600.0,23450,ATM+7,PUT,23100,2026-06-11
2026-06-11 13:19:00+05:30,366.35,367.35,360.15,367.05,4680,686660,14.819706,23254.1,23600.0,23450,ATM+7,PUT,23100,2026-06-11
2026-06-11 13:20:00+05:30,369.75,377.0,366.25,375.15,20670,685230,15.431705,23250.4,23600.0,23450,ATM+7,PUT,23100,2026-06-11
2026-06-11 13:21:00+05:30,376.45,386.75,375.15,386.75,20540,671190,15.749041,23238.8,23600.0,23450,ATM+7,PUT,23100,2026-06-11
2026-06-11 13:22:00+05:30,386.5,390.6,386.0,390.0,16770,666965,15.181265,23228.4,23600.0,23450,ATM+7,PUT,23100,2026-06-11
2026-06-11 13:23:00+05:30,391.25,391.25,371.85,377.05,11960,665665,15.064353,23243.8,23600.0,23450,ATM+7,PUT,23100,2026-06-11
2026-06-11 13:24:00+05:30,377.35,383.45,375.75,377.9,5720,664820,14.749223,23239.3,23600.0,23450,ATM+7,PUT,23100,2026-06-11
2026-06-11 13:25:00+05:30,378.8,388.8,377.4,388.8,5720,664625,15.449455,23232.8,23600.0,23450,ATM+7,PUT,23100,2026-06-11
2026-06-11 13:26:00+05:30,387.85,396.05,387.85,393.6,16510,663520,15.307026,23225.1,23600.0,23450,ATM+7,PUT,23100,2026-06-11
2026-06-11 13:27:00+05:30,392.6,393.6,386.4,389.8,7540,661570,15.366357,23230.6,23600.0,23450,ATM+7,PUT,23100,2026-06-11
2026-06-11 13:28:00+05:30,390.55,390.85,382.4,387.0,6760,659360,15.338538,23233.9,23600.0,23450,ATM+7,PUT,23100,2026-06-11
2026-06-11 13:29:00+05:30,384.6,387.0,378.1,379.25,2730,659360,15.24529,23242.9,23600.0,23450,ATM+7,PUT,23100,2026-06-11
2026-06-11 13:30:00+05:30,379.4,379.4,357.85,366.6,26520,663065,15.076125,23257.5,23600.0,23450,ATM+7,PUT,23100,2026-06-11
2026-06-11 13:31:00+05:30,367.2,373.9,365.1,365.1,21320,656435,14.831892,23256.7,23600.0,23450,ATM+7,PUT,23100,2026-06-11
2026-06-11 13:32:00+05:30,363.0,365.25,358.85,361.2,9360,670475,14.920461,23262.8,23600.0,23450,ATM+7,PUT,23100,2026-06-11
2026-06-11 13:33:00+05:30,361.0,365.4,354.4,365.4,14430,673530,15.049409,23258.75,23600.0,23450,ATM+7,PUT,23100,2026-06-11
2026-06-11 13:34:00+05:30,367.5,377.7,365.4,376.55,8775,671125,14.997698,23243.65,23600.0,23450,ATM+7,PUT,23100,2026-06-11
2026-06-11 13:35:00+05:30,375.6,377.55,368.0,372.6,9685,672620,15.01941,23249.0,23600.0,23450,ATM+7,PUT,23100,2026-06-11
2026-06-11 13:36:00+05:30,371.7,373.45,362.7,362.7,8125,673010,14.517056,23256.3,23600.0,23450,ATM+7,PUT,23100,2026-06-11
2026-06-11 13:37:00+05:30,366.0,371.75,362.7,371.4,8645,669110,15.069041,23251.1,23600.0,23450,ATM+7,PUT,23100,2026-06-11
2026-06-11 13:38:00+05:30,371.75,382.65,371.4,379.85,9425,672100,15.275847,23242.4,23600.0,23450,ATM+7,PUT,23100,2026-06-11
2026-06-11 13:39:00+05:30,380.15,390.75,379.85,389.6,19565,668265,15.543585,23232.7,23600.0,23450,ATM+7,PUT,23100,2026-06-11
2026-06-11 13:40:00+05:30,388.0,390.3,380.6,390.3,3705,661115,15.631626,23232.75,23600.0,23450,ATM+7,PUT,23100,2026-06-11
2026-06-11 13:41:00+05:30,390.05,392.55,387.95,387.95,4680,661700,15.047637,23229.5,23600.0,23450,ATM+7,PUT,23100,2026-06-11
2026-06-11 13:42:00+05:30,387.75,388.25,383.05,388.25,3705,663325,15.103656,23229.7,23600.0,23450,ATM+7,PUT,23100,2026-06-11
2026-06-11 13:43:00+05:30,346.75,355.85,346.65,352.4,7605,251290,14.521295,23219.45,23550.0,23450,ATM+7,PUT,23100,2026-06-11
2026-06-11 13:44:00+05:30,352.7,358.05,346.6,348.6,6695,249015,14.47447,23223.9,23550.0,23450,ATM+7,PUT,23100,2026-06-11
2026-06-11 13:45:00+05:30,348.7,351.85,348.0,351.75,3965,248755,14.59684,23221.15,23550.0,23450,ATM+7,PUT,23100,2026-06-11
2026-06-11 13:46:00+05:30,394.2,398.0,384.9,386.4,4875,658905,14.685984,23227.7,23600.0,23450,ATM+7,PUT,23100,2026-06-11
2026-06-11 13:47:00+05:30,383.65,386.4,373.1,382.1,10335,657865,14.647438,23232.75,23600.0,23450,ATM+7,PUT,23100,2026-06-11
2026-06-11 13:48:00+05:30,380.5,384.4,375.75,384.4,5200,658320,14.852862,23231.95,23600.0,23450,ATM+7,PUT,23100,2026-06-11
2026-06-11 13:49:00+05:30,384.25,385.25,383.6,384.55,2795,658190,14.717398,23230.35,23600.0,23450,ATM+7,PUT,23100,2026-06-11
2026-06-11 13:50:00+05:30,348.2,349.9,344.6,349.9,1820,247000,14.65299,23224.2,23550.0,23450,ATM+7,PUT,23100,2026-06-11
2026-06-11 13:51:00+05:30,386.95,392.2,383.2,383.2,4160,658515,14.135224,23226.2,23600.0,23450,ATM+7,PUT,23100,2026-06-11
2026-06-11 13:52:00+05:30,383.6,390.75,380.15,380.15,4615,657605,14.129012,23229.95,23600.0,23450,ATM+7,PUT,23100,2026-06-11
2026-06-11 13:53:00+05:30,381.8,382.85,377.05,379.9,4355,658385,14.679652,23235.85,23600.0,23450,ATM+7,PUT,23100,2026-06-11
2026-06-11 13:54:00+05:30,379.8,384.1,378.1,379.05,1495,658645,14.444862,23234.5,23600.0,23450,ATM+7,PUT,23100,2026-06-11
2026-06-11 13:55:00+05:30,382.0,386.0,377.45,377.45,7020,660075,14.39389,23236.0,23600.0,23450,ATM+7,PUT,23100,2026-06-11
2026-06-11 13:56:00+05:30,380.05,382.1,373.95,375.25,3315,659750,14.539681,23240.3,23600.0,23450,ATM+7,PUT,23100,2026-06-11
2026-06-11 13:57:00+05:30,375.75,380.0,371.05,379.8,5265,659100,14.995885,23239.3,23600.0,23450,ATM+7,PUT,23100,2026-06-11
2026-06-11 13:58:00+05:30,378.7,379.8,367.15,367.3,6175,658775,14.311865,23248.05,23600.0,23450,ATM+7,PUT,23100,2026-06-11
2026-06-11 13:59:00+05:30,371.0,386.0,367.3,382.3,6565,658320,14.702527,23233.0,23600.0,23450,ATM+7,PUT,23100,2026-06-11
2026-06-11 14:00:00+05:30,382.6,384.05,373.8,375.1,4680,659360,14.513889,23240.2,23600.0,23450,ATM+7,PUT,23100,2026-06-11
2026-06-11 14:01:00+05:30,381.55,381.55,375.1,378.05,1235,659685,14.456488,23235.85,23600.0,23450,ATM+7,PUT,23100,2026-06-11
2026-06-11 14:02:00+05:30,381.1,382.55,378.05,379.3,2145,659815,14.312475,23232.8,23600.0,23450,ATM+7,PUT,23100,2026-06-11
2026-06-11 14:03:00+05:30,379.7,381.75,378.15,381.75,2015,660270,14.947984,23236.25,23600.0,23450,ATM+7,PUT,23100,2026-06-11
2026-06-11 14:04:00+05:30,382.0,384.1,376.9,380.85,4940,658515,14.84898,23236.35,23600.0,23450,ATM+7,PUT,23100,2026-06-11
2026-06-11 14:05:00+05:30,379.5,390.0,378.7,382.5,6110,657865,14.657613,23232.25,23600.0,23450,ATM+7,PUT,23100,2026-06-11
2026-06-11 14:06:00+05:30,382.0,382.5,379.15,380.75,1235,655720,14.500149,23232.85,23600.0,23450,ATM+7,PUT,23100,2026-06-11
2026-06-11 14:07:00+05:30,341.9,356.0,339.85,356.0,3575,236145,14.996527,23220.0,23550.0,23450,ATM+7,PUT,23100,2026-06-11
2026-06-11 14:08:00+05:30,356.15,364.0,354.25,364.0,8905,232115,15.048518,23210.05,23550.0,23450,ATM+7,PUT,23100,2026-06-11
2026-06-11 14:09:00+05:30,366.0,368.95,357.4,358.9,5265,229190,14.682621,23212.6,23550.0,23450,ATM+7,PUT,23100,2026-06-11
2026-06-11 14:10:00+05:30,358.0,362.0,351.7,357.8,3380,229255,14.733268,23214.6,23550.0,23450,ATM+7,PUT,23100,2026-06-11
2026-06-11 14:11:00+05:30,361.05,362.85,356.95,358.2,6045,228150,14.646714,23213.1,23550.0,23450,ATM+7,PUT,23100,2026-06-11
2026-06-11 14:12:00+05:30,358.3,362.65,356.95,359.65,3835,226005,14.574134,23210.4,23550.0,23450,ATM+7,PUT,23100,2026-06-11
2026-06-11 14:13:00+05:30,359.4,360.75,347.85,347.85,3120,225615,14.346554,23223.25,23550.0,23450,ATM+7,PUT,23100,2026-06-11
2026-06-11 14:14:00+05:30,345.3,353.9,345.25,353.05,4095,224640,14.644645,23219.8,23550.0,23450,ATM+7,PUT,23100,2026-06-11
2026-06-11 14:15:00+05:30,353.25,356.35,350.6,354.05,4355,223535,14.351191,23215.2,23550.0,23450,ATM+7,PUT,23100,2026-06-11
2026-06-11 14:16:00+05:30,349.35,354.05,349.35,352.65,1105,223080,14.286514,23216.3,23550.0,23450,ATM+7,PUT,23100,2026-06-11
2026-06-11 14:17:00+05:30,354.95,356.95,352.65,355.0,1040,223275,14.378054,23214.25,23550.0,23450,ATM+7,PUT,23100,2026-06-11
2026-06-11 14:18:00+05:30,356.65,363.95,355.0,363.3,4160,221390,14.789774,23208.0,23550.0,23450,ATM+7,PUT,23100,2026-06-11
2026-06-11 14:19:00+05:30,363.85,366.0,351.9,351.9,2730,221195,14.245057,23216.8,23550.0,23450,ATM+7,PUT,23100,2026-06-11
2026-06-11 14:20:00+05:30,353.0,354.2,345.75,348.35,2405,220025,14.386249,23223.0,23550.0,23450,ATM+7,PUT,23100,2026-06-11
2026-06-11 14:21:00+05:30,347.2,351.5,346.6,351.0,2210,220155,14.406169,23219.75,23550.0,23450,ATM+7,PUT,23100,2026-06-11
2026-06-11 14:22:00+05:30,352.7,353.1,347.25,351.0,2015,219115,14.429006,23220.0,23550.0,23450,ATM+7,PUT,23100,2026-06-11
2026-06-11 14:23:00+05:30,351.05,360.65,351.0,360.65,2470,218660,14.593711,23209.25,23550.0,23450,ATM+7,PUT,23100,2026-06-11
2026-06-11 14:24:00+05:30,362.85,363.15,359.75,359.75,2340,219180,14.223634,23206.4,23550.0,23450,ATM+7,PUT,23100,2026-06-11
2026-06-11 14:25:00+05:30,360.35,360.35,354.9,355.55,2535,219180,14.653361,23216.55,23550.0,23450,ATM+7,PUT,23100,2026-06-11
2026-06-11 14:26:00+05:30,394.0,395.2,384.3,385.3,2145,656890,14.302577,23225.05,23600.0,23450,ATM+7,PUT,23100,2026-06-11
2026-06-11 14:27:00+05:30,386.1,387.4,381.9,384.05,6305,656630,14.276105,23226.35,23600.0,23450,ATM+7,PUT,23100,2026-06-11
2026-06-11 14:28:00+05:30,378.25,384.05,362.3,363.0,21775,653900,14.137275,23251.55,23600.0,23450,ATM+7,PUT,23100,2026-06-11
2026-06-11 14:29:00+05:30,363.0,376.2,362.2,374.9,24115,653705,14.595576,23241.15,23600.0,23450,ATM+7,PUT,23100,2026-06-11
2026-06-11 14:30:00+05:30,376.05,383.65,371.0,371.25,15080,662545,14.561074,23245.45,23600.0,23450,ATM+7,PUT,23100,2026-06-11
2026-06-11 14:31:00+05:30,369.4,377.3,369.4,375.9,14430,662285,14.6183,23240.1,23600.0,23450,ATM+7,PUT,23100,2026-06-11
2026-06-11 14:32:00+05:30,373.75,380.45,372.7,372.7,9945,663845,14.548462,23243.45,23600.0,23450,ATM+7,PUT,23100,2026-06-11
2026-06-11 14:33:00+05:30,372.95,388.45,372.7,388.45,5330,666900,15.094668,23229.05,23600.0,23450,ATM+7,PUT,23100,2026-06-11
2026-06-11 14:34:00+05:30,386.0,389.0,383.3,385.25,6565,667485,14.957952,23231.7,23600.0,23450,ATM+7,PUT,23100,2026-06-11
2026-06-11 14:35:00+05:30,385.05,385.25,376.2,384.3,3250,667160,15.365654,23237.25,23600.0,23450,ATM+7,PUT,23100,2026-06-11
2026-06-11 14:36:00+05:30,342.6,356.45,342.0,356.45,5135,197535,14.473105,23213.3,23550.0,23450,ATM+7,PUT,23100,2026-06-11
2026-06-11 14:37:00+05:30,398.6,410.1,393.1,397.0,30290,666640,15.847329,23226.05,23600.0,23450,ATM+7,PUT,23100,2026-06-11
2026-06-11 14:38:00+05:30,352.8,361.75,351.6,359.9,3315,193960,15.321859,23218.4,23550.0,23450,ATM+7,PUT,23100,2026-06-11
2026-06-11 14:39:00+05:30,360.65,373.2,359.9,364.95,14430,190125,15.782341,23217.1,23550.0,23450,ATM+7,PUT,23100,2026-06-11
2026-06-11 14:40:00+05:30,363.65,372.05,363.35,371.15,6110,190970,15.732811,23208.25,23550.0,23450,ATM+7,PUT,23100,2026-06-11
2026-06-11 14:41:00+05:30,371.05,374.9,367.45,367.8,7930,190645,15.826543,23213.8,23550.0,23450,ATM+7,PUT,23100,2026-06-11
2026-06-11 14:42:00+05:30,367.0,373.8,365.35,372.75,7215,192725,16.118874,23210.65,23550.0,23450,ATM+7,PUT,23100,2026-06-11
2026-06-11 14:43:00+05:30,372.5,385.85,370.3,385.85,11375,192465,16.468647,23197.3,23550.0,23450,ATM+7,PUT,23100,2026-06-11
2026-06-11 14:44:00+05:30,386.5,386.5,378.55,381.3,6500,192725,16.200323,23200.2,23550.0,23450,ATM+7,PUT,23100,2026-06-11
2026-06-11 14:45:00+05:30,378.45,385.8,378.45,385.35,5005,192725,16.408995,23197.25,23550.0,23450,ATM+7,PUT,23100,2026-06-11
2026-06-11 14:46:00+05:30,385.35,392.45,376.8,391.3,5980,192790,16.636831,23192.0,23550.0,23450,ATM+7,PUT,23100,2026-06-11
2026-06-11 14:47:00+05:30,352.4,371.15,350.05,370.0,154635,2064465,16.379292,23167.1,23500.0,23450,ATM+7,PUT,23100,2026-06-11
2026-06-11 14:48:00+05:30,410.45,412.85,395.85,398.3,10465,190905,16.42628,23180.35,23550.0,23450,ATM+7,PUT,23100,2026-06-11
2026-06-11 14:49:00+05:30,396.0,398.3,386.9,390.0,3770,191035,16.585295,23193.1,23550.0,23450,ATM+7,PUT,23100,2026-06-11
2026-06-11 14:50:00+05:30,352.0,364.9,349.45,364.9,90350,2053805,16.27887,23172.75,23500.0,23450,ATM+7,PUT,23100,2026-06-11
2026-06-11 14:51:00+05:30,362.35,365.1,356.25,362.8,82160,2041780,16.018616,23172.4,23500.0,23450,ATM+7,PUT,23100,2026-06-11
2026-06-11 14:52:00+05:30,362.0,366.65,360.75,366.25,27625,2038075,16.294965,23171.1,23500.0,23450,ATM+7,PUT,23100,2026-06-11
2026-06-11 14:53:00+05:30,364.65,366.25,359.0,360.1,40105,2027350,15.851675,23174.0,23500.0,23450,ATM+7,PUT,23100,2026-06-11
2026-06-11 14:54:00+05:30,359.8,364.3,358.9,362.1,19760,2016365,15.884909,23171.7,23500.0,23450,ATM+7,PUT,23100,2026-06-11
2026-06-11 14:55:00+05:30,362.15,365.0,358.5,360.4,30355,2003950,15.770434,23172.6,23500.0,23450,ATM+7,PUT,23100,2026-06-11
2026-06-11 14:56:00+05:30,361.05,365.0,359.0,365.0,13195,1995825,16.09773,23170.35,23500.0,23450,ATM+7,PUT,23100,2026-06-11
2026-06-11 14:57:00+05:30,365.55,369.9,362.0,364.75,39455,1990495,15.72346,23166.2,23500.0,23450,ATM+7,PUT,23100,2026-06-11
2026-06-11 14:58:00+05:30,365.25,365.25,361.35,361.35,25025,1992185,15.870255,23172.5,23500.0,23450,ATM+7,PUT,23100,2026-06-11
2026-06-11 14:59:00+05:30,402.9,407.0,398.0,402.35,3250,191035,16.612346,23177.05,23550.0,23450,ATM+7,PUT,23100,2026-06-11
2026-06-11 15:00:00+05:30,361.55,374.4,342.7,374.4,91260,1976455,15.777582,23154.0,23500.0,23450,ATM+7,PUT,23100,2026-06-11
2026-06-11 15:01:00+05:30,373.5,381.95,371.75,375.0,68705,1953120,15.773135,23153.15,23500.0,23450,ATM+7,PUT,23100,2026-06-11
2026-06-11 15:02:00+05:30,375.75,384.9,372.45,374.6,54730,1929395,16.213731,23158.8,23500.0,23450,ATM+7,PUT,23100,2026-06-11
2026-06-11 15:03:00+05:30,374.05,380.7,374.05,377.7,32370,1922245,16.51688,23158.25,23500.0,23450,ATM+7,PUT,23100,2026-06-11
2026-06-11 15:04:00+05:30,377.95,382.65,375.05,381.3,24115,1920165,15.786376,23145.0,23500.0,23450,ATM+7,PUT,23100,2026-06-11
2026-06-11 15:05:00+05:30,381.9,387.25,379.1,381.25,38285,1925105,16.007019,23147.55,23500.0,23450,ATM+7,PUT,23100,2026-06-11
2026-06-11 15:06:00+05:30,380.15,389.0,378.2,388.0,37310,1922310,16.066585,23139.35,23500.0,23450,ATM+7,PUT,23100,2026-06-11
2026-06-11 15:07:00+05:30,389.85,389.85,380.4,380.9,65910,1916330,16.016129,23148.1,23500.0,23450,ATM+7,PUT,23100,2026-06-11
2026-06-11 15:08:00+05:30,379.95,381.8,374.75,381.8,45500,1921075,15.055285,23136.4,23500.0,23450,ATM+7,PUT,23100,2026-06-11
2026-06-11 15:09:00+05:30,383.0,383.9,375.25,377.95,33020,1928615,15.289436,23143.85,23500.0,23450,ATM+7,PUT,23100,2026-06-11
2026-06-11 15:10:00+05:30,372.45,377.95,365.1,365.1,34905,1919710,14.480856,23151.75,23500.0,23450,ATM+7,PUT,23100,2026-06-11
2026-06-11 15:11:00+05:30,364.6,372.7,361.2,372.7,22620,1912235,14.680112,23144.1,23500.0,23450,ATM+7,PUT,23100,2026-06-11
2026-06-11 15:12:00+05:30,372.0,375.8,365.8,365.95,15990,1910090,14.566105,23151.55,23500.0,23450,ATM+7,PUT,23100,2026-06-11
2026-06-11 15:13:00+05:30,365.4,367.45,358.8,359.0,22100,1906645,14.687745,23161.85,23500.0,23450,ATM+7,PUT,23100,2026-06-11
2026-06-11 15:14:00+05:30,360.4,365.0,357.25,365.0,31980,1900210,15.729009,23165.8,23500.0,23450,ATM+7,PUT,23100,2026-06-11
2026-06-11 15:15:00+05:30,365.3,374.15,363.8,363.8,79170,1897480,15.644589,23166.4,23500.0,23450,ATM+7,PUT,23100,2026-06-11
2026-06-11 15:16:00+05:30,405.15,406.2,390.0,391.5,3965,180180,15.657493,23180.55,23550.0,23450,ATM+7,PUT,23100,2026-06-11
2026-06-11 15:17:00+05:30,385.8,392.2,385.8,390.55,1365,180180,15.669661,23181.9,23550.0,23450,ATM+7,PUT,23100,2026-06-11
2026-06-11 15:18:00+05:30,390.0,398.25,388.8,398.25,715,179790,16.512355,23181.15,23550.0,23450,ATM+7,PUT,23100,2026-06-11
2026-06-11 15:19:00+05:30,357.5,364.4,357.5,362.6,45435,1889810,15.982601,23172.0,23500.0,23450,ATM+7,PUT,23100,2026-06-11
2026-06-11 15:20:00+05:30,402.5,403.65,398.1,399.2,1560,179075,16.360573,23178.2,23550.0,23450,ATM+7,PUT,23100,2026-06-11
2026-06-11 15:21:00+05:30,399.25,399.4,393.6,399.25,2015,179140,16.226329,23176.65,23550.0,23450,ATM+7,PUT,23100,2026-06-11
2026-06-11 15:22:00+05:30,359.65,362.8,357.7,362.0,12870,1871285,15.742081,23169.9,23500.0,23450,ATM+7,PUT,23100,2026-06-11
2026-06-11 15:23:00+05:30,362.95,366.0,357.4,358.6,16250,1872650,15.442852,23170.9,23500.0,23450,ATM+7,PUT,23100,2026-06-11
2026-06-11 15:24:00+05:30,357.5,359.45,356.3,356.75,10465,1870245,15.463105,23173.6,23500.0,23450,ATM+7,PUT,23100,2026-06-11
2026-06-11 15:25:00+05:30,356.45,358.0,348.0,348.0,27950,1860300,14.530305,23174.4,23500.0,23450,ATM+7,PUT,23100,2026-06-11
2026-06-11 15:26:00+05:30,386.95,390.25,379.3,380.65,2015,176930,13.912171,23176.6,23550.0,23450,ATM+7,PUT,23100,2026-06-11
2026-06-11 15:27:00+05:30,385.45,386.4,380.65,384.55,520,176735,14.670249,23179.1,23550.0,23450,ATM+7,PUT,23100,2026-06-11
2026-06-11 15:28:00+05:30,384.65,386.75,383.45,385.5,2210,175890,14.883443,23180.05,23550.0,23450,ATM+7,PUT,23100,2026-06-11
2026-06-11 15:29:00+05:30,385.15,385.5,379.7,380.9,4355,174590,14.946168,23186.55,23550.0,23450,ATM+7,PUT,23100,2026-06-11
2026-06-11 09:15:00+05:30,49.7,49.7,36.8,43.5,1181635,6558825,14.448866,23104.4,23500.0,23500,ATM+8,CALL,23100,2026-06-11
2026-06-11 09:16:00+05:30,43.0,43.5,37.9,37.9,897650,6471075,14.248688,23082.3,23500.0,23500,ATM+8,CALL,23100,2026-06-11
2026-06-11 09:17:00+05:30,38.3,41.3,37.9,41.15,552045,6640010,14.428912,23092.9,23500.0,23500,ATM+8,CALL,23100,2026-06-11
2026-06-11 09:18:00+05:30,41.0,42.7,40.35,40.7,437645,6678035,14.194014,23100.1,23500.0,23500,ATM+8,CALL,23100,2026-06-11
2026-06-11 09:19:00+05:30,40.75,42.9,40.7,42.4,410995,6738030,14.026457,23115.85,23500.0,23500,ATM+8,CALL,23100,2026-06-11
2026-06-11 09:20:00+05:30,35.0,35.5,33.4,35.35,186680,1400490,13.956123,23128.6,23550.0,23500,ATM+8,CALL,23100,2026-06-11
2026-06-11 09:21:00+05:30,35.0,38.6,34.75,37.75,201240,1460680,13.957181,23142.45,23550.0,23500,ATM+8,CALL,23100,2026-06-11
2026-06-11 09:22:00+05:30,37.3,37.85,35.2,36.55,189605,1464645,13.784069,23142.9,23550.0,23500,ATM+8,CALL,23100,2026-06-11
2026-06-11 09:23:00+05:30,36.5,36.95,34.75,35.15,138775,1504815,13.7738,23135.25,23550.0,23500,ATM+8,CALL,23100,2026-06-11
2026-06-11 09:24:00+05:30,44.1,44.65,41.1,41.15,421135,6897280,13.846759,23116.8,23500.0,23500,ATM+8,CALL,23100,2026-06-11
2026-06-11 09:25:00+05:30,40.9,41.3,39.8,40.35,390000,6987500,13.936281,23109.0,23500.0,23500,ATM+8,CALL,23100,2026-06-11
2026-06-11 09:26:00+05:30,40.0,41.25,39.55,41.0,273845,7078370,14.059271,23107.5,23500.0,23500,ATM+8,CALL,23100,2026-06-11
2026-06-11 09:27:00+05:30,40.55,41.55,38.3,39.85,399100,7136350,14.057705,23101.45,23500.0,23500,ATM+8,CALL,23100,2026-06-11
2026-06-11 09:28:00+05:30,39.85,41.7,39.85,41.4,397345,7257120,13.863154,23117.6,23500.0,23500,ATM+8,CALL,23100,2026-06-11
2026-06-11 09:29:00+05:30,41.6,42.8,40.75,41.75,319930,7343700,13.802164,23121.9,23500.0,23500,ATM+8,CALL,23100,2026-06-11
2026-06-11 09:30:00+05:30,42.0,42.0,39.1,39.7,272545,7380945,13.822669,23110.35,23500.0,23500,ATM+8,CALL,23100,2026-06-11
2026-06-11 09:31:00+05:30,39.55,40.9,38.7,40.9,300560,7400380,13.818792,23116.9,23500.0,23500,ATM+8,CALL,23100,2026-06-11
2026-06-11 09:32:00+05:30,41.45,41.75,39.75,39.75,228410,7456215,13.742683,23113.95,23500.0,23500,ATM+8,CALL,23100,2026-06-11
2026-06-11 09:33:00+05:30,39.6,39.75,37.35,37.6,346645,7473310,13.759296,23101.6,23500.0,23500,ATM+8,CALL,23100,2026-06-11
2026-06-11 09:34:00+05:30,37.45,39.3,37.45,38.9,238875,7571785,13.738112,23109.65,23500.0,23500,ATM+8,CALL,23100,2026-06-11
2026-06-11 09:35:00+05:30,38.75,39.0,37.1,37.1,294060,7626255,13.805888,23096.95,23500.0,23500,ATM+8,CALL,23100,2026-06-11
2026-06-11 09:36:00+05:30,37.15,38.85,37.1,38.8,215475,7681700,13.660731,23112.35,23500.0,23500,ATM+8,CALL,23100,2026-06-11
2026-06-11 09:37:00+05:30,38.95,40.45,38.75,39.9,189280,7711990,13.634019,23119.35,23500.0,23500,ATM+8,CALL,23100,2026-06-11
2026-06-11 09:38:00+05:30,32.25,33.6,32.0,33.5,75010,1787370,13.680612,23129.95,23550.0,23500,ATM+8,CALL,23100,2026-06-11
2026-06-11 09:39:00+05:30,33.35,34.25,33.3,33.85,96135,1778920,13.674999,23132.35,23550.0,23500,ATM+8,CALL,23100,2026-06-11
2026-06-11 09:40:00+05:30,42.15,42.15,39.55,39.55,300560,7652385,13.581363,23119.75,23500.0,23500,ATM+8,CALL,23100,2026-06-11
2026-06-11 09:41:00+05:30,39.55,40.4,38.85,40.0,180505,7624565,13.626225,23120.35,23500.0,23500,ATM+8,CALL,23100,2026-06-11
2026-06-11 09:42:00+05:30,40.05,40.35,38.4,39.2,139750,7650890,13.531322,23120.0,23500.0,23500,ATM+8,CALL,23100,2026-06-11
2026-06-11 09:43:00+05:30,31.85,34.45,31.65,34.35,114660,1810315,13.53817,23141.3,23550.0,23500,ATM+8,CALL,23100,2026-06-11
2026-06-11 09:44:00+05:30,34.5,35.15,34.2,34.65,87815,1791075,13.511077,23144.25,23550.0,23500,ATM+8,CALL,23100,2026-06-11
2026-06-11 09:45:00+05:30,34.7,35.45,33.35,34.75,122070,1787045,13.492685,23145.65,23550.0,23500,ATM+8,CALL,23100,2026-06-11
2026-06-11 09:46:00+05:30,34.65,35.7,33.95,35.45,64545,1787760,13.380189,23154.45,23550.0,23500,ATM+8,CALL,23100,2026-06-11
2026-06-11 09:47:00+05:30,35.65,35.65,34.5,34.8,80275,1789580,13.405158,23149.7,23550.0,23500,ATM+8,CALL,23100,2026-06-11
2026-06-11 09:48:00+05:30,34.95,35.05,33.55,33.55,51935,1816035,13.425819,23141.5,23550.0,23500,ATM+8,CALL,23100,2026-06-11
2026-06-11 09:49:00+05:30,33.6,35.55,33.55,35.3,69160,1804270,13.390022,23153.3,23550.0,23500,ATM+8,CALL,23100,2026-06-11
2026-06-11 09:50:00+05:30,35.3,37.75,34.25,37.6,150540,1809535,13.470559,23162.9,23550.0,23500,ATM+8,CALL,23100,2026-06-11
2026-06-11 09:51:00+05:30,37.0,38.8,36.85,38.15,217230,1772225,13.432411,23167.5,23550.0,23500,ATM+8,CALL,23100,2026-06-11
2026-06-11 09:52:00+05:30,38.05,38.45,36.7,37.9,142220,1737515,13.319644,23170.8,23550.0,23500,ATM+8,CALL,23100,2026-06-11
2026-06-11 09:53:00+05:30,38.1,39.0,37.5,38.1,67860,1757470,13.310271,23172.3,23550.0,23500,ATM+8,CALL,23100,2026-06-11
2026-06-11 09:54:00+05:30,38.1,38.2,35.65,35.65,102310,1750190,13.46556,23152.35,23550.0,23500,ATM+8,CALL,23100,2026-06-11
2026-06-11 09:55:00+05:30,36.0,36.1,33.85,34.2,181090,1750970,13.51569,23141.85,23550.0,23500,ATM+8,CALL,23100,2026-06-11
2026-06-11 09:56:00+05:30,34.0,35.35,33.6,33.6,138775,1748760,13.464117,23140.5,23550.0,23500,ATM+8,CALL,23100,2026-06-11
2026-06-11 09:57:00+05:30,33.4,33.6,32.1,32.1,107770,1778075,13.469843,23131.15,23550.0,23500,ATM+8,CALL,23100,2026-06-11
2026-06-11 09:58:00+05:30,39.95,40.05,37.95,38.0,382590,7485660,13.518391,23114.7,23500.0,23500,ATM+8,CALL,23100,2026-06-11
2026-06-11 09:59:00+05:30,38.1,39.5,37.55,37.9,280345,7614750,13.435106,23117.6,23500.0,23500,ATM+8,CALL,23100,2026-06-11
2026-06-11 10:00:00+05:30,30.65,32.45,30.65,32.15,77675,1842815,13.502091,23130.2,23550.0,23500,ATM+8,CALL,23100,2026-06-11
2026-06-11 10:01:00+05:30,32.35,32.75,32.15,32.3,40950,1835730,13.471089,23132.5,23550.0,23500,ATM+8,CALL,23100,2026-06-11
2026-06-11 10:02:00+05:30,40.1,40.3,38.65,39.2,157365,7707570,13.479101,23122.9,23500.0,23500,ATM+8,CALL,23100,2026-06-11
2026-06-11 10:03:00+05:30,39.0,40.35,38.3,38.7,119730,7710885,13.464984,23120.85,23500.0,23500,ATM+8,CALL,23100,2026-06-11
2026-06-11 10:04:00+05:30,38.8,39.2,37.3,37.35,200915,7718035,13.587159,23108.55,23500.0,23500,ATM+8,CALL,23100,2026-06-11
2026-06-11 10:05:00+05:30,37.45,38.25,36.45,37.95,315185,7737470,13.583278,23112.05,23500.0,23500,ATM+8,CALL,23100,2026-06-11
2026-06-11 10:06:00+05:30,30.5,33.05,30.5,33.05,87165,1853995,13.471009,23137.3,23550.0,23500,ATM+8,CALL,23100,2026-06-11
2026-06-11 10:07:00+05:30,33.0,34.45,32.6,34.3,81900,1847950,13.400049,23147.8,23550.0,23500,ATM+8,CALL,23100,2026-06-11
2026-06-11 10:08:00+05:30,33.75,36.15,33.75,36.15,109655,1856530,13.437889,23156.9,23550.0,23500,ATM+8,CALL,23100,2026-06-11
2026-06-11 10:09:00+05:30,36.2,36.45,35.0,35.3,120380,1846910,13.321644,23156.95,23550.0,23500,ATM+8,CALL,23100,2026-06-11
2026-06-11 10:10:00+05:30,34.95,36.2,34.65,35.0,71630,1848730,13.249082,23158.3,23550.0,23500,ATM+8,CALL,23100,2026-06-11
2026-06-11 10:11:00+05:30,34.95,36.15,34.95,35.65,69160,1856335,13.225758,23163.0,23550.0,23500,ATM+8,CALL,23100,2026-06-11
2026-06-11 10:12:00+05:30,35.8,35.95,34.65,34.85,63570,1869725,13.269902,23156.65,23550.0,23500,ATM+8,CALL,23100,2026-06-11
2026-06-11 10:13:00+05:30,34.9,35.85,34.85,35.3,47905,1861470,13.258208,23159.75,23550.0,23500,ATM+8,CALL,23100,2026-06-11
2026-06-11 10:14:00+05:30,35.5,35.85,33.25,33.7,100945,1861405,13.329922,23147.5,23550.0,23500,ATM+8,CALL,23100,2026-06-11
2026-06-11 10:15:00+05:30,33.5,35.15,33.5,34.8,52195,1861600,13.235936,23157.9,23550.0,23500,ATM+8,CALL,23100,2026-06-11
2026-06-11 10:16:00+05:30,35.2,36.0,34.65,35.15,100555,1865695,13.11548,23164.95,23550.0,23500,ATM+8,CALL,23100,2026-06-11
2026-06-11 10:17:00+05:30,35.1,36.85,35.0,36.65,128440,1868945,13.217394,23169.15,23550.0,23500,ATM+8,CALL,23100,2026-06-11
2026-06-11 10:18:00+05:30,36.45,37.6,35.45,37.3,90545,1865045,13.211136,23173.0,23550.0,23500,ATM+8,CALL,23100,2026-06-11
2026-06-11 10:19:00+05:30,29.75,30.35,29.4,30.35,167635,4089670,13.158861,23183.15,23600.0,23500,ATM+8,CALL,23100,2026-06-11
2026-06-11 10:20:00+05:30,30.45,32.3,29.55,31.95,256620,4077320,13.2276,23190.25,23600.0,23500,ATM+8,CALL,23100,2026-06-11
2026-06-11 10:21:00+05:30,31.75,31.95,29.85,29.95,211250,4053465,13.124743,23182.15,23600.0,23500,ATM+8,CALL,23100,2026-06-11
2026-06-11 10:22:00+05:30,30.0,30.75,29.95,30.3,126685,4045405,13.229206,23179.9,23600.0,23500,ATM+8,CALL,23100,2026-06-11
2026-06-11 10:23:00+05:30,30.2,31.25,30.05,30.3,129220,4046315,13.192142,23181.55,23600.0,23500,ATM+8,CALL,23100,2026-06-11
2026-06-11 10:24:00+05:30,30.55,30.75,29.5,30.2,266305,4018560,13.219767,23179.75,23600.0,23500,ATM+8,CALL,23100,2026-06-11
2026-06-11 10:25:00+05:30,30.25,30.5,29.45,29.5,116870,3998995,13.125899,23179.35,23600.0,23500,ATM+8,CALL,23100,2026-06-11
2026-06-11 10:26:00+05:30,29.8,32.0,29.5,31.65,125645,3986905,13.122447,23193.15,23600.0,23500,ATM+8,CALL,23100,2026-06-11
2026-06-11 10:27:00+05:30,31.75,34.35,31.35,34.35,425490,3979105,13.162476,23207.6,23600.0,23500,ATM+8,CALL,23100,2026-06-11
2026-06-11 10:28:00+05:30,34.2,34.4,31.6,32.4,276770,3960580,13.084939,23199.4,23600.0,23500,ATM+8,CALL,23100,2026-06-11
2026-06-11 10:29:00+05:30,32.45,33.65,32.15,32.8,151645,3976245,13.140118,23199.5,23600.0,23500,ATM+8,CALL,23100,2026-06-11
2026-06-11 10:30:00+05:30,33.0,34.15,30.6,31.1,189605,3998865,13.145739,23188.9,23600.0,23500,ATM+8,CALL,23100,2026-06-11
2026-06-11 10:31:00+05:30,30.95,31.85,30.1,31.75,144170,4014140,13.001124,23199.15,23600.0,23500,ATM+8,CALL,23100,2026-06-11
2026-06-11 10:32:00+05:30,31.6,33.05,30.9,32.5,96785,4037150,12.994494,23204.0,23600.0,23500,ATM+8,CALL,23100,2026-06-11
2026-06-11 10:33:00+05:30,32.25,32.5,30.85,31.85,98995,4058080,13.021954,23198.95,23600.0,23500,ATM+8,CALL,23100,2026-06-11
2026-06-11 10:34:00+05:30,31.7,32.15,31.45,31.8,36920,4055805,12.97237,23200.8,23600.0,23500,ATM+8,CALL,23100,2026-06-11
2026-06-11 10:35:00+05:30,31.8,33.1,31.8,31.9,92300,4056260,12.973464,23201.4,23600.0,23500,ATM+8,CALL,23100,2026-06-11
2026-06-11 10:36:00+05:30,31.7,31.9,30.85,31.35,140855,4068155,13.017456,23196.2,23600.0,23500,ATM+8,CALL,23100,2026-06-11
2026-06-11 10:37:00+05:30,31.6,31.95,30.65,31.0,78065,4060485,13.068053,23191.9,23600.0,23500,ATM+8,CALL,23100,2026-06-11
2026-06-11 10:38:00+05:30,31.5,32.3,31.0,32.0,75790,4056065,13.044505,23199.1,23600.0,23500,ATM+8,CALL,23100,2026-06-11
2026-06-11 10:39:00+05:30,32.35,33.55,31.9,33.15,120900,4042090,13.010698,23207.45,23600.0,23500,ATM+8,CALL,23100,2026-06-11
2026-06-11 10:40:00+05:30,33.0,33.75,32.35,33.6,151255,4044170,12.956538,23212.4,23600.0,23500,ATM+8,CALL,23100,2026-06-11
2026-06-11 10:41:00+05:30,33.6,33.7,31.95,31.95,139685,4050150,12.937986,23203.45,23600.0,23500,ATM+8,CALL,23100,2026-06-11
2026-06-11 10:42:00+05:30,32.3,32.9,31.6,32.75,141635,4094155,12.995341,23205.85,23600.0,23500,ATM+8,CALL,23100,2026-06-11
2026-06-11 10:43:00+05:30,32.65,33.0,32.0,32.25,53625,4075695,13.014193,23202.1,23600.0,23500,ATM+8,CALL,23100,2026-06-11
2026-06-11 10:44:00+05:30,32.25,32.65,31.55,32.2,365755,4115670,12.943258,23204.85,23600.0,23500,ATM+8,CALL,23100,2026-06-11
2026-06-11 10:45:00+05:30,32.05,32.2,31.0,32.2,178230,4185675,12.950081,23204.6,23600.0,23500,ATM+8,CALL,23100,2026-06-11
2026-06-11 10:46:00+05:30,31.9,32.8,31.55,31.75,281515,4353960,12.840124,23206.6,23600.0,23500,ATM+8,CALL,23100,2026-06-11
2026-06-11 10:47:00+05:30,31.45,32.55,31.3,32.5,46150,4387890,12.858396,23210.35,23600.0,23500,ATM+8,CALL,23100,2026-06-11
2026-06-11 10:48:00+05:30,32.55,33.05,31.2,31.9,84890,4382040,12.884447,23205.7,23600.0,23500,ATM+8,CALL,23100,2026-06-11
2026-06-11 10:49:00+05:30,31.9,31.9,30.4,30.5,84175,4383535,12.96357,23193.75,23600.0,23500,ATM+8,CALL,23100,2026-06-11
2026-06-11 10:50:00+05:30,30.45,30.5,29.05,29.1,187070,4373980,12.927841,23186.4,23600.0,23500,ATM+8,CALL,23100,2026-06-11
2026-06-11 10:51:00+05:30,29.2,31.05,29.1,30.05,134355,4437875,12.986497,23190.0,23600.0,23500,ATM+8,CALL,23100,2026-06-11
2026-06-11 10:52:00+05:30,30.05,30.85,29.4,29.6,191230,4539210,12.96606,23188.05,23600.0,23500,ATM+8,CALL,23100,2026-06-11
2026-06-11 10:53:00+05:30,37.5,37.65,35.2,35.4,67860,1820910,12.943509,23174.9,23550.0,23500,ATM+8,CALL,23100,2026-06-11
2026-06-11 10:54:00+05:30,35.25,36.25,34.8,35.65,91325,1821040,12.983022,23174.7,23550.0,23500,ATM+8,CALL,23100,2026-06-11
2026-06-11 10:55:00+05:30,35.35,35.7,34.5,35.1,61425,1834430,12.946024,23173.2,23550.0,23500,ATM+8,CALL,23100,2026-06-11
2026-06-11 10:56:00+05:30,27.7,28.55,27.35,28.3,69810,4540510,12.96404,23179.8,23600.0,23500,ATM+8,CALL,23100,2026-06-11
2026-06-11 10:57:00+05:30,28.15,28.4,27.3,27.8,89830,4562155,12.945634,23177.3,23600.0,23500,ATM+8,CALL,23100,2026-06-11
2026-06-11 10:58:00+05:30,27.65,28.2,27.2,27.25,63960,4568590,12.899367,23175.65,23600.0,23500,ATM+8,CALL,23100,2026-06-11
2026-06-11 10:59:00+05:30,27.25,28.2,26.5,28.2,56680,4578535,13.025633,23176.55,23600.0,23500,ATM+8,CALL,23100,2026-06-11
2026-06-11 11:00:00+05:30,35.55,36.4,34.05,34.05,38545,1863160,12.897874,23169.45,23550.0,23500,ATM+8,CALL,23100,2026-06-11
2026-06-11 11:01:00+05:30,33.9,35.15,33.6,34.25,160680,1888640,12.981631,23167.15,23550.0,23500,ATM+8,CALL,23100,2026-06-11
2026-06-11 11:02:00+05:30,34.4,34.7,33.85,34.0,154570,1897545,12.930127,23167.9,23550.0,23500,ATM+8,CALL,23100,2026-06-11
2026-06-11 11:03:00+05:30,26.55,28.3,26.25,28.3,86775,4592770,12.955735,23180.45,23600.0,23500,ATM+8,CALL,23100,2026-06-11
2026-06-11 11:04:00+05:30,28.45,29.1,27.8,28.05,190710,4604730,12.892488,23181.6,23600.0,23500,ATM+8,CALL,23100,2026-06-11
2026-06-11 11:05:00+05:30,28.45,30.2,28.05,30.1,573690,4686110,12.779489,23199.8,23600.0,23500,ATM+8,CALL,23100,2026-06-11
2026-06-11 11:06:00+05:30,30.1,30.75,29.05,30.7,182910,4949425,12.764723,23204.2,23600.0,23500,ATM+8,CALL,23100,2026-06-11
2026-06-11 11:07:00+05:30,30.75,31.15,28.25,28.35,185705,4989985,12.747538,23190.05,23600.0,23500,ATM+8,CALL,23100,2026-06-11
2026-06-11 11:08:00+05:30,28.25,29.6,27.8,29.0,122850,4988815,12.736324,23194.8,23600.0,23500,ATM+8,CALL,23100,2026-06-11
2026-06-11 11:09:00+05:30,28.6,29.0,27.0,28.5,120965,5046665,12.691555,23193.55,23600.0,23500,ATM+8,CALL,23100,2026-06-11
2026-06-11 11:10:00+05:30,28.5,28.65,27.55,28.65,51025,5047250,12.761985,23191.5,23600.0,23500,ATM+8,CALL,23100,2026-06-11
2026-06-11 11:11:00+05:30,28.25,28.8,27.7,27.95,85540,5052125,12.710377,23189.2,23600.0,23500,ATM+8,CALL,23100,2026-06-11
2026-06-11 11:12:00+05:30,27.95,28.3,27.3,28.1,65195,5065970,12.784247,23187.0,23600.0,23500,ATM+8,CALL,23100,2026-06-11
2026-06-11 11:13:00+05:30,27.9,28.65,27.65,28.05,159250,5067270,12.817571,23185.25,23600.0,23500,ATM+8,CALL,23100,2026-06-11
2026-06-11 11:14:00+05:30,28.2,28.75,27.4,27.9,67145,5087615,12.842472,23183.2,23600.0,23500,ATM+8,CALL,23100,2026-06-11
2026-06-11 11:15:00+05:30,27.8,28.9,27.55,28.45,109850,5096390,12.811184,23188.25,23600.0,23500,ATM+8,CALL,23100,2026-06-11
2026-06-11 11:16:00+05:30,28.3,28.9,27.75,28.45,112645,5086575,12.784595,23189.45,23600.0,23500,ATM+8,CALL,23100,2026-06-11
2026-06-11 11:17:00+05:30,28.4,29.2,27.65,28.8,128960,5067270,12.73445,23193.95,23600.0,23500,ATM+8,CALL,23100,2026-06-11
2026-06-11 11:18:00+05:30,28.85,30.35,28.45,30.25,262600,5079815,12.688547,23205.15,23600.0,23500,ATM+8,CALL,23100,2026-06-11
2026-06-11 11:19:00+05:30,30.45,30.95,29.6,29.85,145665,5141370,12.670992,23203.45,23600.0,23500,ATM+8,CALL,23100,2026-06-11
2026-06-11 11:20:00+05:30,29.9,31.4,29.3,31.25,143650,5162170,12.660244,23212.55,23600.0,23500,ATM+8,CALL,23100,2026-06-11
2026-06-11 11:21:00+05:30,31.3,33.0,31.05,32.55,212940,5159960,12.660349,23220.3,23600.0,23500,ATM+8,CALL,23100,2026-06-11
2026-06-11 11:22:00+05:30,32.65,32.9,31.45,31.5,150410,5138835,12.660977,23214.1,23600.0,23500,ATM+8,CALL,23100,2026-06-11
2026-06-11 11:23:00+05:30,31.35,32.95,31.05,31.05,159900,5127200,12.622737,23213.05,23600.0,23500,ATM+8,CALL,23100,2026-06-11
2026-06-11 11:24:00+05:30,31.4,32.5,30.55,32.35,84825,5115825,12.678078,23218.5,23600.0,23500,ATM+8,CALL,23100,2026-06-11
2026-06-11 11:25:00+05:30,32.1,33.15,31.85,32.1,113620,5117450,12.708126,23215.8,23600.0,23500,ATM+8,CALL,23100,2026-06-11
2026-06-11 11:26:00+05:30,24.95,27.0,24.9,26.95,147290,1656460,12.785423,23228.5,23650.0,23500,ATM+8,CALL,23100,2026-06-11
2026-06-11 11:27:00+05:30,27.15,28.75,26.95,28.3,229775,1651390,12.86552,23234.1,23650.0,23500,ATM+8,CALL,23100,2026-06-11
2026-06-11 11:28:00+05:30,28.5,28.5,27.3,27.6,117650,1664000,12.715886,23236.05,23650.0,23500,ATM+8,CALL,23100,2026-06-11
2026-06-11 11:29:00+05:30,27.5,28.05,26.55,28.05,105495,1669460,12.798763,23235.45,23650.0,23500,ATM+8,CALL,23100,2026-06-11
2026-06-11 11:30:00+05:30,27.95,28.95,27.1,27.2,166075,1668160,12.653286,23236.2,23650.0,23500,ATM+8,CALL,23100,2026-06-11
2026-06-11 11:31:00+05:30,27.3,27.85,25.9,26.35,117585,1656265,12.746307,23226.3,23650.0,23500,ATM+8,CALL,23100,2026-06-11
2026-06-11 11:32:00+05:30,26.25,26.35,25.3,26.0,70200,1669850,12.695754,23226.15,23650.0,23500,ATM+8,CALL,23100,2026-06-11
2026-06-11 11:33:00+05:30,26.0,27.8,26.0,27.0,78910,1670825,12.68541,23233.55,23650.0,23500,ATM+8,CALL,23100,2026-06-11
2026-06-11 11:34:00+05:30,27.0,27.15,25.85,25.9,69615,1674660,12.677384,23226.35,23650.0,23500,ATM+8,CALL,23100,2026-06-11
2026-06-11 11:35:00+05:30,25.95,27.15,25.2,27.05,64870,1670565,12.67681,23234.35,23650.0,23500,ATM+8,CALL,23100,2026-06-11
2026-06-11 11:36:00+05:30,34.5,34.8,32.05,32.15,71370,5045820,12.58611,23221.65,23600.0,23500,ATM+8,CALL,23100,2026-06-11
2026-06-11 11:37:00+05:30,32.2,32.85,32.05,32.05,75985,5057715,12.6587,23218.05,23600.0,23500,ATM+8,CALL,23100,2026-06-11
2026-06-11 11:38:00+05:30,32.1,32.5,31.2,31.25,117065,5036525,12.611828,23215.3,23600.0,23500,ATM+8,CALL,23100,2026-06-11
2026-06-11 11:39:00+05:30,31.0,32.25,30.55,32.25,146640,5043675,12.571822,23222.95,23600.0,23500,ATM+8,CALL,23100,2026-06-11
2026-06-11 11:40:00+05:30,32.05,32.9,31.7,32.1,108355,5046275,12.549412,23223.05,23600.0,23500,ATM+8,CALL,23100,2026-06-11
2026-06-11 11:41:00+05:30,24.9,26.35,24.75,26.15,38220,1717300,12.634306,23230.3,23650.0,23500,ATM+8,CALL,23100,2026-06-11
2026-06-11 11:42:00+05:30,26.15,28.75,25.8,28.3,103675,1695720,12.639021,23244.6,23650.0,23500,ATM+8,CALL,23100,2026-06-11
2026-06-11 11:43:00+05:30,28.35,28.4,27.25,27.75,65455,1696240,12.627023,23241.55,23650.0,23500,ATM+8,CALL,23100,2026-06-11
2026-06-11 11:44:00+05:30,27.85,29.95,27.65,29.95,140465,1678235,12.673929,23253.7,23650.0,23500,ATM+8,CALL,23100,2026-06-11
2026-06-11 11:45:00+05:30,30.25,31.2,29.45,30.05,180765,1666990,12.681232,23254.05,23650.0,23500,ATM+8,CALL,23100,2026-06-11
2026-06-11 11:46:00+05:30,29.95,30.95,29.75,30.9,84305,1665300,12.717118,23257.8,23650.0,23500,ATM+8,CALL,23100,2026-06-11
2026-06-11 11:47:00+05:30,31.1,33.5,30.05,33.3,354900,1614600,12.785842,23269.2,23650.0,23500,ATM+8,CALL,23100,2026-06-11
2026-06-11 11:48:00+05:30,33.35,33.6,31.3,32.2,155090,1643655,12.653981,23268.35,23650.0,23500,ATM+8,CALL,23100,2026-06-11
2026-06-11 11:49:00+05:30,32.05,32.2,30.95,31.8,139425,1663285,12.673424,23265.2,23650.0,23500,ATM+8,CALL,23100,2026-06-11
2026-06-11 11:50:00+05:30,32.0,33.35,31.8,33.0,119275,1671475,12.637079,23273.8,23650.0,23500,ATM+8,CALL,23100,2026-06-11
2026-06-11 11:51:00+05:30,33.2,33.6,32.45,32.45,106275,1675960,12.678608,23268.9,23650.0,23500,ATM+8,CALL,23100,2026-06-11
2026-06-11 11:52:00+05:30,32.45,33.0,31.85,33.0,100555,1666925,12.727419,23270.1,23650.0,23500,ATM+8,CALL,23100,2026-06-11
2026-06-11 11:53:00+05:30,32.85,33.1,32.2,32.65,60320,1665755,12.584231,23274.1,23650.0,23500,ATM+8,CALL,23100,2026-06-11
2026-06-11 11:54:00+05:30,33.05,34.2,32.2,32.65,73125,1666535,12.612623,23272.95,23650.0,23500,ATM+8,CALL,23100,2026-06-11
2026-06-11 11:55:00+05:30,33.0,34.15,32.65,33.05,66755,1663545,12.648591,23273.8,23650.0,23500,ATM+8,CALL,23100,2026-06-11
2026-06-11 11:56:00+05:30,25.7,29.05,25.25,28.25,372645,6197880,12.82846,23285.3,23700.0,23500,ATM+8,CALL,23100,2026-06-11
2026-06-11 11:57:00+05:30,28.05,28.35,27.2,27.85,173745,6189625,12.776815,23284.95,23700.0,23500,ATM+8,CALL,23100,2026-06-11
2026-06-11 11:58:00+05:30,27.85,29.05,27.5,27.8,201240,6180200,12.634575,23290.9,23700.0,23500,ATM+8,CALL,23100,2026-06-11
2026-06-11 11:59:00+05:30,27.85,28.05,26.8,26.85,175890,6165445,12.666541,23283.15,23700.0,23500,ATM+8,CALL,23100,2026-06-11
2026-06-11 12:00:00+05:30,27.2,28.25,26.85,26.95,149565,6176040,12.651189,23284.55,23700.0,23500,ATM+8,CALL,23100,2026-06-11
2026-06-11 12:01:00+05:30,27.2,28.45,26.95,28.05,112385,6186180,12.728713,23288.55,23700.0,23500,ATM+8,CALL,23100,2026-06-11
2026-06-11 12:02:00+05:30,28.15,28.35,27.3,27.6,76310,6190730,12.726368,23285.7,23700.0,23500,ATM+8,CALL,23100,2026-06-11
2026-06-11 12:03:00+05:30,27.5,28.7,27.25,28.25,107510,6199180,12.727544,23290.0,23700.0,23500,ATM+8,CALL,23100,2026-06-11
2026-06-11 12:04:00+05:30,28.1,28.25,27.1,27.4,119990,6222450,12.675006,23286.7,23700.0,23500,ATM+8,CALL,23100,2026-06-11
2026-06-11 12:05:00+05:30,27.55,27.8,25.55,25.95,278720,6216600,12.57734,23281.15,23700.0,23500,ATM+8,CALL,23100,2026-06-11
2026-06-11 12:06:00+05:30,26.3,26.95,25.7,26.65,127920,6203275,12.66579,23282.1,23700.0,23500,ATM+8,CALL,23100,2026-06-11
2026-06-11 12:07:00+05:30,27.05,28.4,26.65,28.15,159055,6201455,12.709326,23290.3,23700.0,23500,ATM+8,CALL,23100,2026-06-11
2026-06-11 12:08:00+05:30,28.3,28.3,26.6,27.1,110955,6200610,12.678176,23284.7,23700.0,23500,ATM+8,CALL,23100,2026-06-11
2026-06-11 12:09:00+05:30,27.35,27.4,26.45,26.45,57265,6211400,12.611611,23283.25,23700.0,23500,ATM+8,CALL,23100,2026-06-11
2026-06-11 12:10:00+05:30,26.6,26.85,25.9,26.25,103025,6214845,12.683857,23278.7,23700.0,23500,ATM+8,CALL,23100,2026-06-11
2026-06-11 12:11:00+05:30,26.2,26.45,25.25,25.45,146380,6245265,12.584795,23277.55,23700.0,23500,ATM+8,CALL,23100,2026-06-11
2026-06-11 12:12:00+05:30,25.35,26.0,24.9,26.0,118040,6249815,12.544345,23283.25,23700.0,23500,ATM+8,CALL,23100,2026-06-11
2026-06-11 12:13:00+05:30,26.0,26.6,25.5,26.2,83850,6255080,12.504314,23286.45,23700.0,23500,ATM+8,CALL,23100,2026-06-11
2026-06-11 12:14:00+05:30,26.05,26.8,25.5,26.8,117845,6251765,12.573019,23287.55,23700.0,23500,ATM+8,CALL,23100,2026-06-11
2026-06-11 12:15:00+05:30,26.8,29.3,26.8,28.7,325910,6261580,12.550661,23301.1,23700.0,23500,ATM+8,CALL,23100,2026-06-11
2026-06-11 12:16:00+05:30,28.9,29.3,27.1,29.1,313560,6320275,12.534243,23304.4,23700.0,23500,ATM+8,CALL,23100,2026-06-11
2026-06-11 12:17:00+05:30,29.05,29.6,27.25,27.35,242970,6306365,12.429817,23297.65,23700.0,23500,ATM+8,CALL,23100,2026-06-11
2026-06-11 12:18:00+05:30,27.4,27.75,26.7,26.8,205725,6290375,12.423497,23294.3,23700.0,23500,ATM+8,CALL,23100,2026-06-11
2026-06-11 12:19:00+05:30,26.8,27.15,26.0,26.1,118560,6274255,12.425431,23289.5,23700.0,23500,ATM+8,CALL,23100,2026-06-11
2026-06-11 12:20:00+05:30,26.05,26.55,25.2,25.2,140855,6274255,12.410315,23283.95,23700.0,23500,ATM+8,CALL,23100,2026-06-11
2026-06-11 12:21:00+05:30,25.3,26.0,24.85,25.75,231595,6262880,12.514555,23283.2,23700.0,23500,ATM+8,CALL,23100,2026-06-11
2026-06-11 12:22:00+05:30,25.75,26.5,25.6,26.25,79300,6252480,12.499938,23287.35,23700.0,23500,ATM+8,CALL,23100,2026-06-11
2026-06-11 12:23:00+05:30,26.1,27.3,25.8,27.05,85865,6253520,12.487782,23293.35,23700.0,23500,ATM+8,CALL,23100,2026-06-11
2026-06-11 12:24:00+05:30,27.0,27.05,26.05,26.9,92755,6252350,12.502175,23291.75,23700.0,23500,ATM+8,CALL,23100,2026-06-11
2026-06-11 12:25:00+05:30,26.85,26.9,25.85,26.25,144755,6269185,12.472169,23288.7,23700.0,23500,ATM+8,CALL,23100,2026-06-11
2026-06-11 12:26:00+05:30,26.35,27.8,26.25,26.75,122070,6258330,12.460584,23292.65,23700.0,23500,ATM+8,CALL,23100,2026-06-11
2026-06-11 12:27:00+05:30,26.85,27.45,26.7,27.2,59345,6224335,12.525658,23292.85,23700.0,23500,ATM+8,CALL,23100,2026-06-11
2026-06-11 12:28:00+05:30,27.3,28.4,26.6,28.05,100425,6217055,12.472777,23300.8,23700.0,23500,ATM+8,CALL,23100,2026-06-11
2026-06-11 12:29:00+05:30,28.15,28.7,27.5,27.65,91000,6205095,12.487118,23297.6,23700.0,23500,ATM+8,CALL,23100,2026-06-11
2026-06-11 12:30:00+05:30,27.75,30.2,27.65,29.15,250640,6205550,12.518428,23305.95,23700.0,23500,ATM+8,CALL,23100,2026-06-11
2026-06-11 12:31:00+05:30,29.15,31.25,28.65,30.9,292370,6184685,12.53708,23316.0,23700.0,23500,ATM+8,CALL,23100,2026-06-11
2026-06-11 12:32:00+05:30,31.0,32.35,30.7,31.75,380640,6138405,12.561222,23320.1,23700.0,23500,ATM+8,CALL,23100,2026-06-11
2026-06-11 12:33:00+05:30,31.65,31.8,30.75,31.4,157820,6090890,12.608721,23316.05,23700.0,23500,ATM+8,CALL,23100,2026-06-11
2026-06-11 12:34:00+05:30,31.3,31.45,30.15,31.4,186160,6099145,12.46757,23322.05,23700.0,23500,ATM+8,CALL,23100,2026-06-11
2026-06-11 12:35:00+05:30,31.6,32.35,27.9,29.1,357565,6084845,12.348271,23313.15,23700.0,23500,ATM+8,CALL,23100,2026-06-11
2026-06-11 12:36:00+05:30,28.95,29.35,27.8,28.25,196820,6080880,12.348424,23307.8,23700.0,23500,ATM+8,CALL,23100,2026-06-11
2026-06-11 12:37:00+05:30,28.25,28.7,27.05,27.5,130130,6083285,12.574685,23293.1,23700.0,23500,ATM+8,CALL,23100,2026-06-11
2026-06-11 12:38:00+05:30,27.7,28.05,26.55,26.75,151840,6083870,12.448753,23293.65,23700.0,23500,ATM+8,CALL,23100,2026-06-11
2026-06-11 12:39:00+05:30,26.55,28.55,26.55,28.4,142220,6115265,12.607596,23297.65,23700.0,23500,ATM+8,CALL,23100,2026-06-11
2026-06-11 12:40:00+05:30,28.4,28.55,27.4,27.75,50505,6122740,12.505329,23297.9,23700.0,23500,ATM+8,CALL,23100,2026-06-11
2026-06-11 12:41:00+05:30,27.75,28.6,27.3,27.5,85995,6128395,12.531488,23295.15,23700.0,23500,ATM+8,CALL,23100,2026-06-11
2026-06-11 12:42:00+05:30,27.6,28.15,26.9,27.5,77220,6136975,12.500368,23296.55,23700.0,23500,ATM+8,CALL,23100,2026-06-11
2026-06-11 12:43:00+05:30,27.45,27.85,26.0,27.3,160810,6141720,12.54067,23293.5,23700.0,23500,ATM+8,CALL,23100,2026-06-11
2026-06-11 12:44:00+05:30,27.3,28.15,27.1,27.85,113685,6138405,12.565333,23296.1,23700.0,23500,ATM+8,CALL,23100,2026-06-11
2026-06-11 12:45:00+05:30,27.7,28.0,26.95,27.8,74360,6132230,12.582789,23295.05,23700.0,23500,ATM+8,CALL,23100,2026-06-11
2026-06-11 12:46:00+05:30,28.25,29.7,27.8,28.9,196300,6136780,12.601759,23301.4,23700.0,23500,ATM+8,CALL,23100,2026-06-11
2026-06-11 12:47:00+05:30,29.0,29.55,27.1,27.55,81120,6165510,12.588021,23293.25,23700.0,23500,ATM+8,CALL,23100,2026-06-11
2026-06-11 12:48:00+05:30,27.6,27.75,26.5,26.55,84370,6178510,12.598441,23286.1,23700.0,23500,ATM+8,CALL,23100,2026-06-11
2026-06-11 12:49:00+05:30,26.5,27.0,24.55,24.65,308360,6182215,12.538695,23275.45,23700.0,23500,ATM+8,CALL,23100,2026-06-11
2026-06-11 12:50:00+05:30,24.85,26.6,24.6,26.5,117780,6188195,12.676261,23282.4,23700.0,23500,ATM+8,CALL,23100,2026-06-11
2026-06-11 12:51:00+05:30,26.55,27.55,25.7,25.85,88920,6189820,12.606009,23281.05,23700.0,23500,ATM+8,CALL,23100,2026-06-11
2026-06-11 12:52:00+05:30,26.0,26.2,25.5,25.85,43095,6194955,12.650788,23279.1,23700.0,23500,ATM+8,CALL,23100,2026-06-11
2026-06-11 12:53:00+05:30,25.95,27.1,25.85,26.7,94445,6196515,12.659124,23284.65,23700.0,23500,ATM+8,CALL,23100,2026-06-11
2026-06-11 12:54:00+05:30,26.5,26.85,26.3,26.8,25740,6199180,12.850869,23276.95,23700.0,23500,ATM+8,CALL,23100,2026-06-11
2026-06-11 12:55:00+05:30,26.8,26.8,26.8,26.8,0,6199180,12.85087,23276.95,23700.0,23500,ATM+8,CALL,23100,2026-06-11
2026-06-11 12:56:00+05:30,25.7,27.15,25.65,25.85,142415,6201130,12.567823,23282.95,23700.0,23500,ATM+8,CALL,23100,2026-06-11
2026-06-11 12:57:00+05:30,26.1,28.95,25.85,28.7,126555,6199115,12.637756,23299.0,23700.0,23500,ATM+8,CALL,23100,2026-06-11
2026-06-11 12:58:00+05:30,28.7,30.1,28.55,29.65,243945,6196905,12.667463,23303.8,23700.0,23500,ATM+8,CALL,23100,2026-06-11
2026-06-11 12:59:00+05:30,29.15,30.9,28.35,30.9,164060,6212375,12.745484,23308.25,23700.0,23500,ATM+8,CALL,23100,2026-06-11
2026-06-11 13:00:00+05:30,30.75,33.25,30.75,32.6,470210,6241235,12.609304,23324.15,23700.0,23500,ATM+8,CALL,23100,2026-06-11
2026-06-11 13:01:00+05:30,32.8,33.3,30.0,30.0,246675,6227650,12.480254,23314.1,23700.0,23500,ATM+8,CALL,23100,2026-06-11
2026-06-11 13:02:00+05:30,30.2,30.7,28.4,29.35,223470,6237010,12.558496,23306.75,23700.0,23500,ATM+8,CALL,23100,2026-06-11
2026-06-11 13:03:00+05:30,29.5,29.5,28.5,28.65,101660,6249100,12.516688,23304.15,23700.0,23500,ATM+8,CALL,23100,2026-06-11
2026-06-11 13:04:00+05:30,28.75,29.0,27.85,27.85,113620,6291025,12.457239,23301.6,23700.0,23500,ATM+8,CALL,23100,2026-06-11
2026-06-11 13:05:00+05:30,28.25,29.0,27.85,28.65,129870,6302660,12.55211,23302.7,23700.0,23500,ATM+8,CALL,23100,2026-06-11
2026-06-11 13:06:00+05:30,28.65,29.2,28.1,28.35,140985,6279260,12.536158,23301.5,23700.0,23500,ATM+8,CALL,23100,2026-06-11
2026-06-11 13:07:00+05:30,28.45,29.2,28.0,28.0,87230,6283940,12.541211,23299.05,23700.0,23500,ATM+8,CALL,23100,2026-06-11
2026-06-11 13:08:00+05:30,27.95,28.0,26.9,27.2,135265,6293495,12.584902,23291.9,23700.0,23500,ATM+8,CALL,23100,2026-06-11
2026-06-11 13:09:00+05:30,27.3,27.4,25.5,25.5,168675,6294015,12.576342,23280.65,23700.0,23500,ATM+8,CALL,23100,2026-06-11
2026-06-11 13:10:00+05:30,25.7,26.25,25.25,25.9,129545,6304805,12.598678,23282.5,23700.0,23500,ATM+8,CALL,23100,2026-06-11
2026-06-11 13:11:00+05:30,25.8,26.2,24.7,25.4,139035,6313515,12.600501,23278.95,23700.0,23500,ATM+8,CALL,23100,2026-06-11
2026-06-11 13:12:00+05:30,33.1,33.25,30.55,31.55,131690,1771510,12.661515,23267.45,23650.0,23500,ATM+8,CALL,23100,2026-06-11
2026-06-11 13:13:00+05:30,31.55,31.55,29.9,29.95,93730,1778400,12.600489,23260.35,23650.0,23500,ATM+8,CALL,23100,2026-06-11
2026-06-11 13:14:00+05:30,29.9,30.45,29.7,29.7,80860,1801865,12.58611,23259.45,23650.0,23500,ATM+8,CALL,23100,2026-06-11
2026-06-11 13:15:00+05:30,30.3,30.45,29.7,29.95,62790,1814215,12.604689,23260.25,23650.0,23500,ATM+8,CALL,23100,2026-06-11
2026-06-11 13:16:00+05:30,30.85,31.0,29.15,29.2,91065,1824030,12.613984,23255.2,23650.0,23500,ATM+8,CALL,23100,2026-06-11
2026-06-11 13:17:00+05:30,29.1,30.45,28.05,29.8,205985,1846000,12.514245,23263.25,23650.0,23500,ATM+8,CALL,23100,2026-06-11
2026-06-11 13:18:00+05:30,29.95,29.95,28.6,29.45,107120,1884415,12.686521,23253.75,23650.0,23500,ATM+8,CALL,23100,2026-06-11
2026-06-11 13:19:00+05:30,29.45,30.0,28.45,28.45,44590,1885715,12.531175,23254.1,23650.0,23500,ATM+8,CALL,23100,2026-06-11
2026-06-11 13:20:00+05:30,28.55,28.7,26.8,27.1,185835,1894815,12.414254,23250.4,23650.0,23500,ATM+8,CALL,23100,2026-06-11
2026-06-11 13:21:00+05:30,27.0,27.1,24.85,25.05,297960,1897870,12.360824,23238.8,23650.0,23500,ATM+8,CALL,23100,2026-06-11
2026-06-11 13:22:00+05:30,25.05,25.05,24.45,24.5,147095,1957605,12.507171,23228.4,23650.0,23500,ATM+8,CALL,23100,2026-06-11
2026-06-11 13:23:00+05:30,24.8,27.45,24.4,26.7,114335,1941550,12.506951,23243.8,23650.0,23500,ATM+8,CALL,23100,2026-06-11
2026-06-11 13:24:00+05:30,26.95,27.25,26.0,27.25,91390,1944280,12.695379,23239.3,23650.0,23500,ATM+8,CALL,23100,2026-06-11
2026-06-11 13:25:00+05:30,27.35,27.4,25.25,25.25,99905,1953770,12.531383,23232.8,23650.0,23500,ATM+8,CALL,23100,2026-06-11
2026-06-11 13:26:00+05:30,25.2,25.25,24.15,24.55,78975,1946750,12.592667,23225.1,23650.0,23500,ATM+8,CALL,23100,2026-06-11
2026-06-11 13:27:00+05:30,24.85,25.6,24.55,24.9,87295,1939210,12.526815,23230.6,23650.0,23500,ATM+8,CALL,23100,2026-06-11
2026-06-11 13:28:00+05:30,24.9,25.9,24.5,25.55,54925,1931150,12.556913,23233.9,23650.0,23500,ATM+8,CALL,23100,2026-06-11
2026-06-11 13:29:00+05:30,25.5,26.8,25.35,26.4,68640,1922050,12.486654,23242.9,23650.0,23500,ATM+8,CALL,23100,2026-06-11
2026-06-11 13:30:00+05:30,26.55,29.6,26.4,28.35,158665,1908010,12.447406,23257.5,23650.0,23500,ATM+8,CALL,23100,2026-06-11
2026-06-11 13:31:00+05:30,28.2,28.5,27.0,27.95,140205,1866085,12.407195,23256.7,23650.0,23500,ATM+8,CALL,23100,2026-06-11
2026-06-11 13:32:00+05:30,28.9,29.6,27.95,29.4,107445,1854255,12.480314,23262.8,23650.0,23500,ATM+8,CALL,23100,2026-06-11
2026-06-11 13:33:00+05:30,29.15,29.85,28.15,28.2,92430,1854385,12.398764,23258.75,23650.0,23500,ATM+8,CALL,23100,2026-06-11
2026-06-11 13:34:00+05:30,28.2,28.2,26.0,26.0,98995,1864785,12.412025,23243.65,23650.0,23500,ATM+8,CALL,23100,2026-06-11
2026-06-11 13:35:00+05:30,26.2,27.6,26.0,27.1,60840,1860300,12.460121,23249.0,23650.0,23500,ATM+8,CALL,23100,2026-06-11
2026-06-11 13:36:00+05:30,27.25,28.5,26.85,28.5,42770,1856075,12.503136,23256.3,23650.0,23500,ATM+8,CALL,23100,2026-06-11
2026-06-11 13:37:00+05:30,28.2,28.5,27.15,27.3,66235,1860170,12.444083,23251.1,23650.0,23500,ATM+8,CALL,23100,2026-06-11
2026-06-11 13:38:00+05:30,27.3,27.3,25.75,26.15,64610,1870310,12.46748,23242.4,23650.0,23500,ATM+8,CALL,23100,2026-06-11
2026-06-11 13:39:00+05:30,26.0,26.15,24.7,25.1,130000,1878370,12.522596,23232.7,23650.0,23500,ATM+8,CALL,23100,2026-06-11
2026-06-11 13:40:00+05:30,25.25,26.3,24.8,24.8,98020,1862900,12.474418,23232.75,23650.0,23500,ATM+8,CALL,23100,2026-06-11
2026-06-11 13:41:00+05:30,24.95,25.3,24.45,24.95,54665,1881685,12.5724,23229.5,23650.0,23500,ATM+8,CALL,23100,2026-06-11
2026-06-11 13:42:00+05:30,25.05,25.6,24.8,24.95,39520,1882400,12.568828,23229.7,23650.0,23500,ATM+8,CALL,23100,2026-06-11
2026-06-11 13:43:00+05:30,32.45,32.9,30.6,31.2,145080,4863300,12.621597,23219.45,23600.0,23500,ATM+8,CALL,23100,2026-06-11
2026-06-11 13:44:00+05:30,30.95,31.95,29.85,31.35,184730,4852250,12.537537,23223.9,23600.0,23500,ATM+8,CALL,23100,2026-06-11
2026-06-11 13:45:00+05:30,31.55,31.55,30.85,30.95,90935,4848090,12.547201,23221.15,23600.0,23500,ATM+8,CALL,23100,2026-06-11
2026-06-11 13:46:00+05:30,23.7,25.0,23.15,25.0,97565,1873755,12.625476,23227.7,23650.0,23500,ATM+8,CALL,23100,2026-06-11
2026-06-11 13:47:00+05:30,24.95,26.25,24.95,25.05,129220,1876875,12.520838,23232.75,23650.0,23500,ATM+8,CALL,23100,2026-06-11
2026-06-11 13:48:00+05:30,24.8,25.8,24.6,24.6,46410,1870115,12.467578,23231.95,23650.0,23500,ATM+8,CALL,23100,2026-06-11
2026-06-11 13:49:00+05:30,24.9,25.15,24.25,24.75,80470,1872000,12.528546,23230.35,23650.0,23500,ATM+8,CALL,23100,2026-06-11
2026-06-11 13:50:00+05:30,32.4,32.45,31.45,31.7,61750,4883450,12.58549,23224.2,23600.0,23500,ATM+8,CALL,23100,2026-06-11
2026-06-11 13:51:00+05:30,24.65,25.1,23.9,24.7,78260,1885975,12.615402,23226.2,23650.0,23500,ATM+8,CALL,23100,2026-06-11
2026-06-11 13:52:00+05:30,24.75,25.4,24.0,25.15,68835,1889030,12.604476,23229.95,23650.0,23500,ATM+8,CALL,23100,2026-06-11
2026-06-11 13:53:00+05:30,25.3,25.9,25.0,25.55,76245,1873040,12.535839,23235.85,23650.0,23500,ATM+8,CALL,23100,2026-06-11
2026-06-11 13:54:00+05:30,25.65,25.85,25.1,25.3,58175,1887600,12.527648,23234.5,23650.0,23500,ATM+8,CALL,23100,2026-06-11
2026-06-11 13:55:00+05:30,25.4,25.85,24.65,25.75,76895,1892865,12.565866,23236.0,23650.0,23500,ATM+8,CALL,23100,2026-06-11
2026-06-11 13:56:00+05:30,25.5,26.4,25.4,26.4,98215,1866150,12.570803,23240.3,23650.0,23500,ATM+8,CALL,23100,2026-06-11
2026-06-11 13:57:00+05:30,26.2,26.8,25.35,25.6,49595,1824745,12.469238,23239.3,23650.0,23500,ATM+8,CALL,23100,2026-06-11
2026-06-11 13:58:00+05:30,25.8,26.95,25.6,26.6,67795,1829035,12.426362,23248.05,23650.0,23500,ATM+8,CALL,23100,2026-06-11
2026-06-11 13:59:00+05:30,26.3,26.6,24.4,24.9,96460,1834950,12.502242,23233.0,23650.0,23500,ATM+8,CALL,23100,2026-06-11
2026-06-11 14:00:00+05:30,24.95,26.4,24.5,26.1,162045,1867060,12.529996,23240.2,23650.0,23500,ATM+8,CALL,23100,2026-06-11
2026-06-11 14:01:00+05:30,25.9,26.1,25.15,25.35,41015,1851915,12.511522,23235.85,23650.0,23500,ATM+8,CALL,23100,2026-06-11
2026-06-11 14:02:00+05:30,25.25,25.65,24.9,25.65,58110,1857245,12.629028,23232.8,23650.0,23500,ATM+8,CALL,23100,2026-06-11
2026-06-11 14:03:00+05:30,25.55,26.0,25.35,25.4,36270,1861925,12.512246,23236.25,23650.0,23500,ATM+8,CALL,23100,2026-06-11
2026-06-11 14:04:00+05:30,25.35,25.95,25.1,25.4,297635,2012270,12.510903,23236.35,23650.0,23500,ATM+8,CALL,23100,2026-06-11
2026-06-11 14:05:00+05:30,25.55,25.65,24.2,25.2,129805,2019745,12.572655,23232.25,23650.0,23500,ATM+8,CALL,23100,2026-06-11
2026-06-11 14:06:00+05:30,25.25,25.65,24.85,25.4,69485,2007460,12.591907,23232.85,23650.0,23500,ATM+8,CALL,23100,2026-06-11
2026-06-11 14:07:00+05:30,32.95,32.95,29.8,29.85,121355,5351060,12.436501,23220.0,23600.0,23500,ATM+8,CALL,23100,2026-06-11
2026-06-11 14:08:00+05:30,29.8,30.2,28.25,28.25,175565,5332080,12.436163,23210.05,23600.0,23500,ATM+8,CALL,23100,2026-06-11
2026-06-11 14:09:00+05:30,28.2,29.7,27.9,29.6,247000,5351320,12.576918,23212.6,23600.0,23500,ATM+8,CALL,23100,2026-06-11
2026-06-11 14:10:00+05:30,29.7,30.95,29.1,29.7,229450,5321810,12.545257,23214.6,23600.0,23500,ATM+8,CALL,23100,2026-06-11
2026-06-11 14:11:00+05:30,29.55,29.9,28.5,29.55,109915,5355935,12.55965,23213.1,23600.0,23500,ATM+8,CALL,23100,2026-06-11
2026-06-11 14:12:00+05:30,29.5,29.8,28.45,28.95,101140,5372835,12.535735,23210.4,23600.0,23500,ATM+8,CALL,23100,2026-06-11
2026-06-11 14:13:00+05:30,28.9,31.1,28.9,30.8,159900,5378880,12.501562,23223.25,23600.0,23500,ATM+8,CALL,23100,2026-06-11
2026-06-11 14:14:00+05:30,31.0,31.5,30.0,30.45,141960,5408065,12.53449,23219.8,23600.0,23500,ATM+8,CALL,23100,2026-06-11
2026-06-11 14:15:00+05:30,30.45,30.85,29.65,30.15,155415,5425550,12.601279,23215.2,23600.0,23500,ATM+8,CALL,23100,2026-06-11
2026-06-11 14:16:00+05:30,30.3,31.3,29.9,30.25,54080,5430165,12.59063,23216.3,23600.0,23500,ATM+8,CALL,23100,2026-06-11
2026-06-11 14:17:00+05:30,30.05,30.3,29.35,29.55,43550,5431205,12.538074,23214.25,23600.0,23500,ATM+8,CALL,23100,2026-06-11
2026-06-11 14:18:00+05:30,29.6,29.6,27.8,27.8,112060,5430295,12.425695,23208.0,23600.0,23500,ATM+8,CALL,23100,2026-06-11
2026-06-11 14:19:00+05:30,28.1,30.0,27.8,30.0,68640,5425615,12.545259,23216.8,23600.0,23500,ATM+8,CALL,23100,2026-06-11
2026-06-11 14:20:00+05:30,29.7,30.85,29.7,30.5,194805,5510700,12.470992,23223.0,23600.0,23500,ATM+8,CALL,23100,2026-06-11
2026-06-11 14:21:00+05:30,30.6,31.4,30.35,31.4,127985,5533320,12.678513,23219.75,23600.0,23500,ATM+8,CALL,23100,2026-06-11
2026-06-11 14:22:00+05:30,30.5,31.4,30.5,31.0,89635,5573230,12.616243,23220.0,23600.0,23500,ATM+8,CALL,23100,2026-06-11
2026-06-11 14:23:00+05:30,30.95,31.35,28.75,28.75,73905,5610475,12.543251,23209.25,23600.0,23500,ATM+8,CALL,23100,2026-06-11
2026-06-11 14:24:00+05:30,29.0,29.4,28.65,29.15,56030,5616520,12.670483,23206.4,23600.0,23500,ATM+8,CALL,23100,2026-06-11
2026-06-11 14:25:00+05:30,29.15,30.75,29.15,30.5,97695,5622825,12.629305,23216.55,23600.0,23500,ATM+8,CALL,23100,2026-06-11
2026-06-11 14:26:00+05:30,23.75,24.9,23.55,24.9,41080,1935895,12.706114,23225.05,23650.0,23500,ATM+8,CALL,23100,2026-06-11
2026-06-11 14:27:00+05:30,24.65,24.9,24.4,24.75,98215,1951560,12.653554,23226.35,23650.0,23500,ATM+8,CALL,23100,2026-06-11
2026-06-11 14:28:00+05:30,25.35,27.45,24.75,27.35,135200,1916200,12.488203,23251.55,23650.0,23500,ATM+8,CALL,23100,2026-06-11
2026-06-11 14:29:00+05:30,27.5,27.5,25.7,25.7,83460,1913405,12.472372,23241.15,23650.0,23500,ATM+8,CALL,23100,2026-06-11
2026-06-11 14:30:00+05:30,25.6,26.35,24.6,26.2,121225,1888380,12.453392,23245.45,23650.0,23500,ATM+8,CALL,23100,2026-06-11
2026-06-11 14:31:00+05:30,26.05,26.2,25.1,25.1,68705,1900600,12.403174,23240.1,23650.0,23500,ATM+8,CALL,23100,2026-06-11
2026-06-11 14:32:00+05:30,24.85,25.6,24.55,25.6,37180,1906450,12.407041,23243.45,23650.0,23500,ATM+8,CALL,23100,2026-06-11
2026-06-11 14:33:00+05:30,25.2,25.6,23.55,23.55,59800,1908725,12.402713,23229.05,23650.0,23500,ATM+8,CALL,23100,2026-06-11
2026-06-11 14:34:00+05:30,23.7,24.6,23.5,24.25,55120,1895920,12.458804,23231.7,23650.0,23500,ATM+8,CALL,23100,2026-06-11
2026-06-11 14:35:00+05:30,24.3,25.45,24.15,24.5,57785,1898260,12.375302,23237.25,23650.0,23500,ATM+8,CALL,23100,2026-06-11
2026-06-11 14:36:00+05:30,31.8,31.9,29.4,29.7,164970,5722470,12.600202,23213.3,23600.0,23500,ATM+8,CALL,23100,2026-06-11
2026-06-11 14:37:00+05:30,22.7,23.35,21.65,23.25,195195,1883245,12.423577,23226.05,23650.0,23500,ATM+8,CALL,23100,2026-06-11
2026-06-11 14:38:00+05:30,30.0,30.8,29.0,29.2,308230,5752110,12.408134,23218.4,23600.0,23500,ATM+8,CALL,23100,2026-06-11
2026-06-11 14:39:00+05:30,29.05,29.2,27.05,28.25,477035,5677100,12.299434,23217.1,23600.0,23500,ATM+8,CALL,23100,2026-06-11
2026-06-11 14:40:00+05:30,28.25,28.5,27.0,27.35,402545,5610280,12.372086,23208.25,23600.0,23500,ATM+8,CALL,23100,2026-06-11
2026-06-11 14:41:00+05:30,27.3,27.35,26.1,27.2,184730,5635890,12.22112,23213.8,23600.0,23500,ATM+8,CALL,23100,2026-06-11
2026-06-11 14:42:00+05:30,27.2,27.4,25.95,26.5,218010,5634720,12.188736,23210.65,23600.0,23500,ATM+8,CALL,23100,2026-06-11
2026-06-11 14:43:00+05:30,26.35,27.0,24.3,24.3,266045,5611320,12.151122,23197.3,23600.0,23500,ATM+8,CALL,23100,2026-06-11
2026-06-11 14:44:00+05:30,24.4,25.3,24.3,25.15,198250,5566145,12.221131,23200.2,23600.0,23500,ATM+8,CALL,23100,2026-06-11
2026-06-11 14:45:00+05:30,25.35,25.35,24.8,25.15,181740,5564390,12.289353,23197.25,23600.0,23500,ATM+8,CALL,23100,2026-06-11
2026-06-11 14:46:00+05:30,25.1,26.2,24.6,24.6,165490,5546320,12.322032,23192.0,23600.0,23500,ATM+8,CALL,23100,2026-06-11
2026-06-11 14:47:00+05:30,31.5,31.95,28.6,29.1,339430,1888900,12.460772,23167.1,23550.0,23500,ATM+8,CALL,23100,2026-06-11
2026-06-11 14:48:00+05:30,22.6,24.25,22.45,24.1,228020,5684315,12.505843,23180.35,23600.0,23500,ATM+8,CALL,23100,2026-06-11
2026-06-11 14:49:00+05:30,24.4,25.1,24.05,24.7,215280,5702385,12.315837,23193.1,23600.0,23500,ATM+8,CALL,23100,2026-06-11
2026-06-11 14:50:00+05:30,31.7,32.1,29.75,29.75,134160,1888575,12.424552,23172.75,23550.0,23500,ATM+8,CALL,23100,2026-06-11
2026-06-11 14:51:00+05:30,29.75,30.9,29.75,29.85,86645,1886430,12.448376,23172.4,23550.0,23500,ATM+8,CALL,23100,2026-06-11
2026-06-11 14:52:00+05:30,30.0,30.25,29.05,29.05,68640,1890265,12.363234,23171.1,23550.0,23500,ATM+8,CALL,23100,2026-06-11
2026-06-11 14:53:00+05:30,29.05,29.85,28.95,29.45,73580,1905475,12.353815,23174.0,23550.0,23500,ATM+8,CALL,23100,2026-06-11
2026-06-11 14:54:00+05:30,29.5,29.6,28.95,29.5,52455,1912560,12.416793,23171.7,23550.0,23500,ATM+8,CALL,23100,2026-06-11
2026-06-11 14:55:00+05:30,29.35,29.8,28.95,29.4,118495,1937455,12.38168,23172.6,23550.0,23500,ATM+8,CALL,23100,2026-06-11
2026-06-11 14:56:00+05:30,29.6,29.6,28.6,28.65,60840,1932645,12.3257,23170.35,23550.0,23500,ATM+8,CALL,23100,2026-06-11
2026-06-11 14:57:00+05:30,28.7,29.1,28.25,28.7,81445,1937130,12.432138,23166.2,23550.0,23500,ATM+8,CALL,23100,2026-06-11
2026-06-11 14:58:00+05:30,28.6,29.05,28.55,28.95,89570,1942005,12.320833,23172.5,23550.0,23500,ATM+8,CALL,23100,2026-06-11
2026-06-11 14:59:00+05:30,22.35,22.8,21.2,22.5,193700,5995405,12.324005,23177.05,23600.0,23500,ATM+8,CALL,23100,2026-06-11
2026-06-11 15:00:00+05:30,30.15,32.2,27.75,27.75,479765,1822925,12.578734,23154.0,23550.0,23500,ATM+8,CALL,23100,2026-06-11
2026-06-11 15:01:00+05:30,27.75,28.2,26.6,27.2,172445,1799850,12.515499,23153.15,23550.0,23500,ATM+8,CALL,23100,2026-06-11
2026-06-11 15:02:00+05:30,27.05,28.1,26.0,27.55,139230,1806610,12.438067,23158.8,23550.0,23500,ATM+8,CALL,23100,2026-06-11
2026-06-11 15:03:00+05:30,27.6,27.8,26.85,27.8,115765,1801215,12.48975,23158.25,23550.0,23500,ATM+8,CALL,23100,2026-06-11
2026-06-11 15:04:00+05:30,27.75,28.2,27.4,27.6,70070,1806415,12.769229,23145.0,23550.0,23500,ATM+8,CALL,23100,2026-06-11
2026-06-11 15:05:00+05:30,27.5,27.6,26.55,27.1,139685,1823835,12.633915,23147.55,23550.0,23500,ATM+8,CALL,23100,2026-06-11
2026-06-11 15:06:00+05:30,27.15,27.4,26.25,26.55,94185,1826695,12.738769,23139.35,23550.0,23500,ATM+8,CALL,23100,2026-06-11
2026-06-11 15:07:00+05:30,26.3,27.6,26.3,27.6,77870,1831570,12.699955,23148.1,23550.0,23500,ATM+8,CALL,23100,2026-06-11
2026-06-11 15:08:00+05:30,27.65,28.3,27.4,27.4,68445,1833130,12.941524,23136.4,23550.0,23500,ATM+8,CALL,23100,2026-06-11
2026-06-11 15:09:00+05:30,27.6,28.6,27.4,28.2,113880,1821820,12.89275,23143.85,23550.0,23500,ATM+8,CALL,23100,2026-06-11
2026-06-11 15:10:00+05:30,28.65,29.5,28.2,29.4,131105,1863550,12.889728,23151.75,23550.0,23500,ATM+8,CALL,23100,2026-06-11
2026-06-11 15:11:00+05:30,29.6,30.05,29.0,29.0,96785,1877005,13.010474,23144.1,23550.0,23500,ATM+8,CALL,23100,2026-06-11
2026-06-11 15:12:00+05:30,28.9,30.3,28.85,30.05,70785,1883440,12.993166,23151.55,23550.0,23500,ATM+8,CALL,23100,2026-06-11
2026-06-11 15:13:00+05:30,30.0,31.1,30.0,30.8,148005,1945710,12.859305,23161.85,23550.0,23500,ATM+8,CALL,23100,2026-06-11
2026-06-11 15:14:00+05:30,30.95,31.75,30.8,30.9,384085,2165280,12.780245,23165.8,23550.0,23500,ATM+8,CALL,23100,2026-06-11
2026-06-11 15:15:00+05:30,30.9,31.6,29.6,30.65,200525,2177890,12.730545,23166.4,23550.0,23500,ATM+8,CALL,23100,2026-06-11
2026-06-11 15:16:00+05:30,23.7,25.2,23.65,24.75,278460,6210425,12.633238,23180.55,23600.0,23500,ATM+8,CALL,23100,2026-06-11
2026-06-11 15:17:00+05:30,24.7,25.35,24.7,25.05,154960,6202495,12.652101,23181.9,23600.0,23500,ATM+8,CALL,23100,2026-06-11
2026-06-11 15:18:00+05:30,25.0,25.55,24.8,24.8,135590,6199310,12.629634,23181.15,23600.0,23500,ATM+8,CALL,23100,2026-06-11
2026-06-11 15:19:00+05:30,32.1,32.2,30.85,31.3,87555,2146885,12.693685,23172.0,23550.0,23500,ATM+8,CALL,23100,2026-06-11
2026-06-11 15:20:00+05:30,24.0,24.8,23.75,23.9,233545,6273930,12.551009,23178.2,23600.0,23500,ATM+8,CALL,23100,2026-06-11
2026-06-11 15:21:00+05:30,23.95,25.25,23.9,24.05,298155,6200220,12.611489,23176.65,23600.0,23500,ATM+8,CALL,23100,2026-06-11
2026-06-11 15:22:00+05:30,30.8,32.2,30.65,30.65,193180,2185885,12.653302,23169.9,23550.0,23500,ATM+8,CALL,23100,2026-06-11
2026-06-11 15:23:00+05:30,30.5,31.45,30.3,30.9,118365,2203370,12.66638,23170.9,23550.0,23500,ATM+8,CALL,23100,2026-06-11
2026-06-11 15:24:00+05:30,30.75,31.6,30.75,31.2,83590,2221180,12.645496,23173.6,23550.0,23500,ATM+8,CALL,23100,2026-06-11
2026-06-11 15:25:00+05:30,31.55,32.85,31.15,32.65,230880,2236780,12.833477,23174.4,23550.0,23500,ATM+8,CALL,23100,2026-06-11
2026-06-11 15:26:00+05:30,25.0,25.85,24.3,25.4,329290,6420830,12.837354,23176.6,23600.0,23500,ATM+8,CALL,23100,2026-06-11
2026-06-11 15:27:00+05:30,25.25,25.7,24.95,25.4,268710,6446440,12.781504,23179.1,23600.0,23500,ATM+8,CALL,23100,2026-06-11
2026-06-11 15:28:00+05:30,25.4,25.95,25.25,25.75,281970,6453330,12.816996,23180.05,23600.0,23500,ATM+8,CALL,23100,2026-06-11
2026-06-11 15:29:00+05:30,25.75,26.0,25.65,25.8,342745,6439875,12.6775,23186.55,23600.0,23500,ATM+8,CALL,23100,2026-06-11
2026-06-11 09:15:00+05:30,413.0,431.45,404.25,420.05,161720,1991340,16.444268,23104.4,23500.0,23500,ATM+8,PUT,23100,2026-06-11
2026-06-11 09:16:00+05:30,425.2,448.0,420.05,443.5,125320,1954615,17.187667,23082.3,23500.0,23500,ATM+8,PUT,23100,2026-06-11
2026-06-11 09:17:00+05:30,445.2,456.0,441.0,441.0,76700,1931540,17.851141,23092.9,23500.0,23500,ATM+8,PUT,23100,2026-06-11
2026-06-11 09:18:00+05:30,440.8,441.0,426.15,434.4,49985,1912495,17.725047,23100.1,23500.0,23500,ATM+8,PUT,23100,2026-06-11
2026-06-11 09:19:00+05:30,433.25,434.4,420.35,423.9,57330,1930305,17.882407,23115.85,23500.0,23500,ATM+8,PUT,23100,2026-06-11
2026-06-11 09:20:00+05:30,460.75,465.15,453.65,453.65,1885,154700,18.015784,23128.6,23550.0,23500,ATM+8,PUT,23100,2026-06-11
2026-06-11 09:21:00+05:30,450.1,453.65,440.75,442.2,2210,154700,17.920287,23142.45,23550.0,23500,ATM+8,PUT,23100,2026-06-11
2026-06-11 09:22:00+05:30,441.9,450.45,438.1,445.65,3380,154700,18.350994,23142.9,23550.0,23500,ATM+8,PUT,23100,2026-06-11
2026-06-11 09:23:00+05:30,441.35,445.65,437.85,443.05,2730,154505,17.379891,23135.25,23550.0,23500,ATM+8,PUT,23100,2026-06-11
2026-06-11 09:24:00+05:30,404.55,419.05,401.6,418.2,122850,1926015,17.329477,23116.8,23500.0,23500,ATM+8,PUT,23100,2026-06-11
2026-06-11 09:25:00+05:30,418.2,421.9,414.6,419.25,32955,1889875,16.771977,23109.0,23500.0,23500,ATM+8,PUT,23100,2026-06-11
2026-06-11 09:26:00+05:30,422.0,426.0,416.6,419.15,32305,1898130,16.626848,23107.5,23500.0,23500,ATM+8,PUT,23100,2026-06-11
2026-06-11 09:27:00+05:30,420.05,433.75,416.7,427.15,49725,1895660,17.0163,23101.45,23500.0,23500,ATM+8,PUT,23100,2026-06-11
2026-06-11 09:28:00+05:30,426.45,427.15,413.15,414.3,23530,1886430,16.960003,23117.6,23500.0,23500,ATM+8,PUT,23100,2026-06-11
2026-06-11 09:29:00+05:30,412.75,416.35,406.2,412.2,14820,1888055,17.091693,23121.9,23500.0,23500,ATM+8,PUT,23100,2026-06-11
2026-06-11 09:30:00+05:30,412.85,427.0,411.6,427.0,29575,1890200,17.775281,23110.35,23500.0,23500,ATM+8,PUT,23100,2026-06-11
2026-06-11 09:31:00+05:30,425.55,431.7,418.0,418.0,16120,1889030,17.320482,23116.9,23500.0,23500,ATM+8,PUT,23100,2026-06-11
2026-06-11 09:32:00+05:30,415.65,419.9,407.25,419.9,22490,1888380,17.28355,23113.95,23500.0,23500,ATM+8,PUT,23100,2026-06-11
2026-06-11 09:33:00+05:30,421.35,435.0,419.9,433.8,23205,1896570,17.797526,23101.6,23500.0,23500,ATM+8,PUT,23100,2026-06-11
2026-06-11 09:34:00+05:30,434.05,434.05,422.3,425.0,13065,1885975,17.493175,23109.65,23500.0,23500,ATM+8,PUT,23100,2026-06-11
2026-06-11 09:35:00+05:30,425.1,439.0,425.0,439.0,17485,1887860,17.988462,23096.95,23500.0,23500,ATM+8,PUT,23100,2026-06-11
2026-06-11 09:36:00+05:30,438.25,439.0,424.1,424.1,13910,1887535,17.623576,23112.35,23500.0,23500,ATM+8,PUT,23100,2026-06-11
2026-06-11 09:37:00+05:30,423.0,424.8,414.1,417.95,13390,1888575,17.526214,23119.35,23500.0,23500,ATM+8,PUT,23100,2026-06-11
2026-06-11 09:38:00+05:30,460.85,460.85,450.0,450.0,520,156520,17.724596,23129.95,23550.0,23500,ATM+8,PUT,23100,2026-06-11
2026-06-11 09:39:00+05:30,443.8,450.0,442.6,444.3,650,156455,17.27286,23132.35,23550.0,23500,ATM+8,PUT,23100,2026-06-11
2026-06-11 09:40:00+05:30,403.95,415.1,403.95,415.1,9750,1901315,17.242915,23119.75,23500.0,23500,ATM+8,PUT,23100,2026-06-11
2026-06-11 09:41:00+05:30,415.5,418.45,411.35,414.65,7865,1901770,17.243971,23120.35,23500.0,23500,ATM+8,PUT,23100,2026-06-11
2026-06-11 09:42:00+05:30,415.05,420.0,410.35,416.05,17095,1901965,17.37213,23120.0,23500.0,23500,ATM+8,PUT,23100,2026-06-11
2026-06-11 09:43:00+05:30,449.6,461.5,437.8,437.8,780,156260,17.326586,23141.3,23550.0,23500,ATM+8,PUT,23100,2026-06-11
2026-06-11 09:44:00+05:30,434.95,437.8,434.95,436.95,585,155155,17.492253,23144.25,23550.0,23500,ATM+8,PUT,23100,2026-06-11
2026-06-11 09:45:00+05:30,437.3,441.55,430.4,435.2,4160,156715,17.414901,23145.65,23550.0,23500,ATM+8,PUT,23100,2026-06-11
2026-06-11 09:46:00+05:30,432.45,435.75,429.9,429.9,715,157690,17.57868,23154.45,23550.0,23500,ATM+8,PUT,23100,2026-06-11
2026-06-11 09:47:00+05:30,428.7,435.35,428.7,434.9,1105,157365,17.737093,23149.7,23550.0,23500,ATM+8,PUT,23100,2026-06-11
2026-06-11 09:48:00+05:30,440.95,440.95,434.9,440.95,65,157170,17.713391,23141.5,23550.0,23500,ATM+8,PUT,23100,2026-06-11
2026-06-11 09:49:00+05:30,440.0,440.95,440.0,440.0,390,157170,18.615494,23153.3,23550.0,23500,ATM+8,PUT,23100,2026-06-11
2026-06-11 09:50:00+05:30,433.65,440.0,419.55,419.55,2925,157300,17.135659,23162.9,23550.0,23500,ATM+8,PUT,23100,2026-06-11
2026-06-11 09:51:00+05:30,422.7,423.0,415.6,415.7,1040,157170,17.095971,23167.5,23550.0,23500,ATM+8,PUT,23100,2026-06-11
2026-06-11 09:52:00+05:30,420.7,425.4,415.7,420.0,1040,157170,17.853575,23170.8,23550.0,23500,ATM+8,PUT,23100,2026-06-11
2026-06-11 09:53:00+05:30,414.9,421.15,414.9,417.25,780,157690,17.674535,23172.3,23550.0,23500,ATM+8,PUT,23100,2026-06-11
2026-06-11 09:54:00+05:30,418.0,431.75,417.25,430.35,715,157885,17.453395,23152.35,23550.0,23500,ATM+8,PUT,23100,2026-06-11
2026-06-11 09:55:00+05:30,428.25,440.7,428.25,434.9,2080,158145,17.044533,23141.85,23550.0,23500,ATM+8,PUT,23100,2026-06-11
2026-06-11 09:56:00+05:30,434.9,440.5,433.65,440.5,520,158275,17.578275,23140.5,23550.0,23500,ATM+8,PUT,23100,2026-06-11
2026-06-11 09:57:00+05:30,441.15,447.75,440.5,447.75,780,157820,17.582899,23131.15,23550.0,23500,ATM+8,PUT,23100,2026-06-11
2026-06-11 09:58:00+05:30,407.05,418.05,407.05,416.85,37245,1899170,17.019751,23114.7,23500.0,23500,ATM+8,PUT,23100,2026-06-11
2026-06-11 09:59:00+05:30,415.8,421.0,411.0,418.05,33995,1886235,17.40576,23117.6,23500.0,23500,ATM+8,PUT,23100,2026-06-11
2026-06-11 10:00:00+05:30,457.65,460.95,447.4,449.85,715,157105,17.745464,23130.2,23550.0,23500,ATM+8,PUT,23100,2026-06-11
2026-06-11 10:01:00+05:30,447.0,449.85,445.15,448.7,780,156975,17.819366,23132.5,23550.0,23500,ATM+8,PUT,23100,2026-06-11
2026-06-11 10:02:00+05:30,405.75,414.85,405.1,413.7,29120,1881490,17.367927,23122.9,23500.0,23500,ATM+8,PUT,23100,2026-06-11
2026-06-11 10:03:00+05:30,411.85,418.8,404.7,416.0,32175,1879930,17.453438,23120.85,23500.0,23500,ATM+8,PUT,23100,2026-06-11
2026-06-11 10:04:00+05:30,416.5,425.7,413.1,425.7,23920,1882920,17.499588,23108.55,23500.0,23500,ATM+8,PUT,23100,2026-06-11
2026-06-11 10:05:00+05:30,424.35,429.0,418.1,419.7,23270,1877525,17.119598,23112.05,23500.0,23500,ATM+8,PUT,23100,2026-06-11
2026-06-11 10:06:00+05:30,460.0,464.45,443.2,444.15,780,157430,17.723561,23137.3,23550.0,23500,ATM+8,PUT,23100,2026-06-11
2026-06-11 10:07:00+05:30,434.2,444.15,432.95,432.95,260,157300,17.361064,23147.8,23550.0,23500,ATM+8,PUT,23100,2026-06-11
2026-06-11 10:08:00+05:30,435.9,435.9,422.25,422.25,455,157170,16.931912,23156.9,23550.0,23500,ATM+8,PUT,23100,2026-06-11
2026-06-11 10:09:00+05:30,422.45,425.6,421.7,425.6,520,157170,17.322162,23156.95,23550.0,23500,ATM+8,PUT,23100,2026-06-11
2026-06-11 10:10:00+05:30,425.65,427.7,420.0,420.1,650,157040,16.808792,23158.3,23550.0,23500,ATM+8,PUT,23100,2026-06-11
2026-06-11 10:11:00+05:30,421.8,421.8,418.2,418.65,520,157430,17.056416,23163.0,23550.0,23500,ATM+8,PUT,23100,2026-06-11
2026-06-11 10:12:00+05:30,419.2,425.65,418.65,425.65,715,157235,17.303847,23156.65,23550.0,23500,ATM+8,PUT,23100,2026-06-11
2026-06-11 10:13:00+05:30,423.15,425.65,420.0,420.0,325,157365,16.927828,23159.75,23550.0,23500,ATM+8,PUT,23100,2026-06-11
2026-06-11 10:14:00+05:30,419.55,432.05,419.55,432.05,975,157105,17.234801,23147.5,23550.0,23500,ATM+8,PUT,23100,2026-06-11
2026-06-11 10:15:00+05:30,430.4,432.05,420.9,420.9,1105,157690,16.869246,23157.9,23550.0,23500,ATM+8,PUT,23100,2026-06-11
2026-06-11 10:16:00+05:30,419.4,420.9,414.45,417.95,1430,157495,17.149162,23164.95,23550.0,23500,ATM+8,PUT,23100,2026-06-11
2026-06-11 10:17:00+05:30,417.0,417.95,412.65,412.65,975,157235,16.91025,23169.15,23550.0,23500,ATM+8,PUT,23100,2026-06-11
2026-06-11 10:18:00+05:30,412.7,415.3,406.8,407.9,780,156780,16.703609,23173.0,23550.0,23500,ATM+8,PUT,23100,2026-06-11
2026-06-11 10:19:00+05:30,451.8,451.8,442.6,442.6,11570,609570,17.142101,23183.15,23600.0,23500,ATM+8,PUT,23100,2026-06-11
2026-06-11 10:20:00+05:30,440.35,446.55,435.0,436.5,10985,603655,17.074072,23190.25,23600.0,23500,ATM+8,PUT,23100,2026-06-11
2026-06-11 10:21:00+05:30,437.15,447.5,436.5,447.5,3185,607230,17.630665,23182.15,23600.0,23500,ATM+8,PUT,23100,2026-06-11
2026-06-11 10:22:00+05:30,445.0,450.0,445.0,449.0,6240,609050,17.60295,23179.9,23600.0,23500,ATM+8,PUT,23100,2026-06-11
2026-06-11 10:23:00+05:30,447.35,449.0,442.45,445.95,2925,607880,17.394692,23181.55,23600.0,23500,ATM+8,PUT,23100,2026-06-11
2026-06-11 10:24:00+05:30,445.95,451.3,445.95,449.05,1430,607945,17.596561,23179.75,23600.0,23500,ATM+8,PUT,23100,2026-06-11
2026-06-11 10:25:00+05:30,447.95,452.6,447.95,452.6,3185,608530,17.977099,23179.35,23600.0,23500,ATM+8,PUT,23100,2026-06-11
2026-06-11 10:26:00+05:30,450.25,452.6,436.6,436.8,3315,607880,17.37589,23193.15,23600.0,23500,ATM+8,PUT,23100,2026-06-11
2026-06-11 10:27:00+05:30,438.0,438.0,423.15,423.15,10075,608660,17.080738,23207.6,23600.0,23500,ATM+8,PUT,23100,2026-06-11
2026-06-11 10:28:00+05:30,421.0,435.0,421.0,430.4,6890,605475,17.192467,23199.4,23600.0,23500,ATM+8,PUT,23100,2026-06-11
2026-06-11 10:29:00+05:30,431.9,433.15,427.35,431.5,1235,607555,17.329265,23199.5,23600.0,23500,ATM+8,PUT,23100,2026-06-11
2026-06-11 10:30:00+05:30,429.0,440.8,425.55,440.8,2080,607165,17.463124,23188.9,23600.0,23500,ATM+8,PUT,23100,2026-06-11
2026-06-11 10:31:00+05:30,441.6,444.55,430.3,430.3,2730,606255,17.160646,23199.15,23600.0,23500,ATM+8,PUT,23100,2026-06-11
2026-06-11 10:32:00+05:30,432.65,435.4,430.0,430.0,1430,606450,17.553529,23204.0,23600.0,23500,ATM+8,PUT,23100,2026-06-11
2026-06-11 10:33:00+05:30,430.9,437.2,430.0,434.95,1755,605670,17.680078,23198.95,23600.0,23500,ATM+8,PUT,23100,2026-06-11
2026-06-11 10:34:00+05:30,432.15,434.95,432.15,432.3,130,606060,17.539115,23200.8,23600.0,23500,ATM+8,PUT,23100,2026-06-11
2026-06-11 10:35:00+05:30,433.55,433.55,426.95,428.45,2210,605345,17.149445,23201.4,23600.0,23500,ATM+8,PUT,23100,2026-06-11
2026-06-11 10:36:00+05:30,438.0,441.5,428.45,435.0,1560,605410,17.446139,23196.2,23600.0,23500,ATM+8,PUT,23100,2026-06-11
2026-06-11 10:37:00+05:30,435.0,437.75,434.1,437.5,2860,606775,17.352935,23191.9,23600.0,23500,ATM+8,PUT,23100,2026-06-11
2026-06-11 10:38:00+05:30,437.5,437.5,434.1,434.1,1495,606775,17.599546,23199.1,23600.0,23500,ATM+8,PUT,23100,2026-06-11
2026-06-11 10:39:00+05:30,430.0,434.1,426.0,426.0,2275,607685,17.402075,23207.45,23600.0,23500,ATM+8,PUT,23100,2026-06-11
2026-06-11 10:40:00+05:30,427.55,430.25,422.0,423.6,3770,608465,17.556151,23212.4,23600.0,23500,ATM+8,PUT,23100,2026-06-11
2026-06-11 10:41:00+05:30,422.45,427.6,422.0,426.95,1690,609635,17.162077,23203.45,23600.0,23500,ATM+8,PUT,23100,2026-06-11
2026-06-11 10:42:00+05:30,431.7,436.0,426.95,430.1,2925,609830,17.731704,23205.85,23600.0,23500,ATM+8,PUT,23100,2026-06-11
2026-06-11 10:43:00+05:30,429.9,432.95,427.05,432.6,2535,610545,17.693058,23202.1,23600.0,23500,ATM+8,PUT,23100,2026-06-11
2026-06-11 10:44:00+05:30,432.45,436.6,430.0,430.0,7605,610025,17.635847,23204.85,23600.0,23500,ATM+8,PUT,23100,2026-06-11
2026-06-11 10:45:00+05:30,435.0,438.0,429.7,429.7,2470,616005,17.580854,23204.6,23600.0,23500,ATM+8,PUT,23100,2026-06-11
2026-06-11 10:46:00+05:30,428.0,430.05,424.95,430.05,6240,620425,17.79321,23206.6,23600.0,23500,ATM+8,PUT,23100,2026-06-11
2026-06-11 10:47:00+05:30,430.3,430.55,425.9,425.9,2145,619255,17.645835,23210.35,23600.0,23500,ATM+8,PUT,23100,2026-06-11
2026-06-11 10:48:00+05:30,424.95,433.7,424.1,431.15,2470,619515,17.842003,23205.7,23600.0,23500,ATM+8,PUT,23100,2026-06-11
2026-06-11 10:49:00+05:30,430.0,440.1,430.0,440.1,7345,619775,17.827179,23193.75,23600.0,23500,ATM+8,PUT,23100,2026-06-11
2026-06-11 10:50:00+05:30,441.1,446.0,438.4,444.8,4290,620490,17.719355,23186.4,23600.0,23500,ATM+8,PUT,23100,2026-06-11
2026-06-11 10:51:00+05:30,442.5,444.8,434.75,434.75,6435,619060,16.86412,23190.0,23600.0,23500,ATM+8,PUT,23100,2026-06-11
2026-06-11 10:52:00+05:30,438.95,440.75,434.45,439.0,1625,620100,17.189531,23188.05,23600.0,23500,ATM+8,PUT,23100,2026-06-11
2026-06-11 10:53:00+05:30,401.0,408.0,397.6,406.85,1950,155870,16.772128,23174.9,23550.0,23500,ATM+8,PUT,23100,2026-06-11
2026-06-11 10:54:00+05:30,407.0,410.15,405.7,405.7,1235,154765,16.624532,23174.7,23550.0,23500,ATM+8,PUT,23100,2026-06-11
2026-06-11 10:55:00+05:30,412.0,412.0,405.7,407.2,780,154700,16.666119,23173.2,23550.0,23500,ATM+8,PUT,23100,2026-06-11
2026-06-11 10:56:00+05:30,452.05,452.05,445.0,445.2,1560,612950,17.165365,23179.8,23600.0,23500,ATM+8,PUT,23100,2026-06-11
2026-06-11 10:57:00+05:30,445.25,447.75,444.85,447.75,715,612950,17.23759,23177.3,23600.0,23500,ATM+8,PUT,23100,2026-06-11
2026-06-11 10:58:00+05:30,448.75,451.25,443.8,451.25,2080,613925,17.503383,23175.65,23600.0,23500,ATM+8,PUT,23100,2026-06-11
2026-06-11 10:59:00+05:30,454.0,455.0,444.55,444.85,2275,613080,16.815684,23176.55,23600.0,23500,ATM+8,PUT,23100,2026-06-11
2026-06-11 11:00:00+05:30,409.5,411.0,404.25,411.0,195,154375,16.777405,23169.45,23550.0,23500,ATM+8,PUT,23100,2026-06-11
2026-06-11 11:01:00+05:30,412.15,415.6,408.25,409.45,2535,153985,16.395439,23167.15,23550.0,23500,ATM+8,PUT,23100,2026-06-11
2026-06-11 11:02:00+05:30,411.8,412.1,409.45,412.1,2340,154635,16.769266,23167.9,23550.0,23500,ATM+8,PUT,23100,2026-06-11
2026-06-11 11:03:00+05:30,456.9,457.35,447.4,447.4,2990,612430,17.493253,23180.45,23600.0,23500,ATM+8,PUT,23100,2026-06-11
2026-06-11 11:04:00+05:30,442.25,447.4,438.1,445.85,4225,612560,17.416026,23181.6,23600.0,23500,ATM+8,PUT,23100,2026-06-11
2026-06-11 11:05:00+05:30,441.75,445.85,426.5,427.7,5135,613925,16.939006,23199.8,23600.0,23500,ATM+8,PUT,23100,2026-06-11
2026-06-11 11:06:00+05:30,428.45,434.0,424.2,425.0,1820,614120,17.020253,23204.2,23600.0,23500,ATM+8,PUT,23100,2026-06-11
2026-06-11 11:07:00+05:30,423.0,436.0,419.9,436.0,8450,617175,17.028241,23190.05,23600.0,23500,ATM+8,PUT,23100,2026-06-11
2026-06-11 11:08:00+05:30,437.65,439.1,428.9,435.55,1430,616850,17.40796,23194.8,23600.0,23500,ATM+8,PUT,23100,2026-06-11
2026-06-11 11:09:00+05:30,435.85,445.0,434.5,434.85,3185,616135,17.214148,23193.55,23600.0,23500,ATM+8,PUT,23100,2026-06-11
2026-06-11 11:10:00+05:30,438.0,438.4,434.85,438.4,130,616460,17.445392,23191.5,23600.0,23500,ATM+8,PUT,23100,2026-06-11
2026-06-11 11:11:00+05:30,434.7,438.4,434.0,438.0,1105,616850,17.189847,23189.2,23600.0,23500,ATM+8,PUT,23100,2026-06-11
2026-06-11 11:12:00+05:30,439.25,441.0,437.0,437.0,975,616460,16.867019,23187.0,23600.0,23500,ATM+8,PUT,23100,2026-06-11
2026-06-11 11:13:00+05:30,438.65,440.4,435.0,438.35,1495,616720,16.865422,23185.25,23600.0,23500,ATM+8,PUT,23100,2026-06-11
2026-06-11 11:14:00+05:30,437.0,439.6,437.0,439.2,910,616525,16.774491,23183.2,23600.0,23500,ATM+8,PUT,23100,2026-06-11
2026-06-11 11:15:00+05:30,440.3,440.5,435.4,435.4,1495,617955,16.794112,23188.25,23600.0,23500,ATM+8,PUT,23100,2026-06-11
2026-06-11 11:16:00+05:30,437.75,439.0,435.4,436.0,715,617825,16.978745,23189.45,23600.0,23500,ATM+8,PUT,23100,2026-06-11
2026-06-11 11:17:00+05:30,435.15,437.75,430.9,433.5,2665,616590,17.09724,23193.95,23600.0,23500,ATM+8,PUT,23100,2026-06-11
2026-06-11 11:18:00+05:30,433.5,433.5,422.0,422.55,5070,616785,16.828169,23205.15,23600.0,23500,ATM+8,PUT,23100,2026-06-11
2026-06-11 11:19:00+05:30,420.8,428.1,419.2,427.0,2795,616590,17.194477,23203.45,23600.0,23500,ATM+8,PUT,23100,2026-06-11
2026-06-11 11:20:00+05:30,425.6,427.0,416.2,416.2,1235,617370,16.752778,23212.55,23600.0,23500,ATM+8,PUT,23100,2026-06-11
2026-06-11 11:21:00+05:30,417.2,417.8,407.55,407.55,23985,618540,16.440179,23220.3,23600.0,23500,ATM+8,PUT,23100,2026-06-11
2026-06-11 11:22:00+05:30,408.85,415.85,407.55,413.75,9035,603720,16.607991,23214.1,23600.0,23500,ATM+8,PUT,23100,2026-06-11
2026-06-11 11:23:00+05:30,413.75,416.15,410.0,416.0,8320,607880,16.776036,23213.05,23600.0,23500,ATM+8,PUT,23100,2026-06-11
2026-06-11 11:24:00+05:30,417.9,420.0,414.5,414.65,2210,607750,17.09834,23218.5,23600.0,23500,ATM+8,PUT,23100,2026-06-11
2026-06-11 11:25:00+05:30,412.0,414.65,409.65,410.85,2080,607620,16.424676,23215.8,23600.0,23500,ATM+8,PUT,23100,2026-06-11
2026-06-11 11:26:00+05:30,450.75,454.95,442.9,443.1,1365,192920,16.778277,23228.5,23650.0,23500,ATM+8,PUT,23100,2026-06-11
2026-06-11 11:27:00+05:30,438.75,443.1,434.1,434.8,2145,192920,16.303196,23234.1,23650.0,23500,ATM+8,PUT,23100,2026-06-11
2026-06-11 11:28:00+05:30,433.95,437.5,431.4,436.05,1430,192920,16.644256,23236.05,23650.0,23500,ATM+8,PUT,23100,2026-06-11
2026-06-11 11:29:00+05:30,436.5,440.2,436.05,440.2,325,192920,17.087382,23235.45,23650.0,23500,ATM+8,PUT,23100,2026-06-11
2026-06-11 11:30:00+05:30,434.7,440.2,430.0,434.7,910,192465,16.495833,23236.2,23650.0,23500,ATM+8,PUT,23100,2026-06-11
2026-06-11 11:31:00+05:30,434.7,444.1,434.7,440.85,1170,192660,16.288093,23226.3,23650.0,23500,ATM+8,PUT,23100,2026-06-11
2026-06-11 11:32:00+05:30,443.0,446.55,440.85,442.6,455,192660,16.491888,23226.15,23650.0,23500,ATM+8,PUT,23100,2026-06-11
2026-06-11 11:33:00+05:30,441.25,442.6,435.0,436.2,1235,191685,16.425603,23233.55,23650.0,23500,ATM+8,PUT,23100,2026-06-11
2026-06-11 11:34:00+05:30,438.35,447.05,436.2,447.05,520,191880,17.058426,23226.35,23650.0,23500,ATM+8,PUT,23100,2026-06-11
2026-06-11 11:35:00+05:30,447.35,447.35,445.2,445.2,390,191815,17.58262,23234.35,23650.0,23500,ATM+8,PUT,23100,2026-06-11
2026-06-11 11:36:00+05:30,397.6,409.0,397.6,407.1,2210,607035,16.51743,23221.65,23600.0,23500,ATM+8,PUT,23100,2026-06-11
2026-06-11 11:37:00+05:30,407.0,407.8,404.15,407.8,2665,606190,16.278706,23218.05,23600.0,23500,ATM+8,PUT,23100,2026-06-11
2026-06-11 11:38:00+05:30,407.35,413.25,406.9,413.25,5655,606515,16.667512,23215.3,23600.0,23500,ATM+8,PUT,23100,2026-06-11
2026-06-11 11:39:00+05:30,413.4,415.1,405.7,406.25,2015,606385,16.535937,23222.95,23600.0,23500,ATM+8,PUT,23100,2026-06-11
2026-06-11 11:40:00+05:30,408.0,408.05,404.0,406.4,1365,605670,16.562615,23223.05,23600.0,23500,ATM+8,PUT,23100,2026-06-11
2026-06-11 11:41:00+05:30,450.15,450.15,448.7,450.0,455,191620,17.783167,23230.3,23650.0,23500,ATM+8,PUT,23100,2026-06-11
2026-06-11 11:42:00+05:30,442.0,450.0,426.8,426.8,975,191360,16.345486,23244.6,23650.0,23500,ATM+8,PUT,23100,2026-06-11
2026-06-11 11:43:00+05:30,428.3,433.35,426.8,432.5,715,191360,16.744937,23241.55,23650.0,23500,ATM+8,PUT,23100,2026-06-11
2026-06-11 11:44:00+05:30,430.2,432.5,421.35,421.35,650,190970,16.543697,23253.7,23650.0,23500,ATM+8,PUT,23100,2026-06-11
2026-06-11 11:45:00+05:30,419.9,422.6,418.8,420.05,1040,191620,16.422537,23254.05,23650.0,23500,ATM+8,PUT,23100,2026-06-11
2026-06-11 11:46:00+05:30,420.75,423.0,417.5,418.45,5785,191880,16.577244,23257.8,23650.0,23500,ATM+8,PUT,23100,2026-06-11
2026-06-11 11:47:00+05:30,420.65,420.65,405.05,405.05,5980,191490,16.039157,23269.2,23650.0,23500,ATM+8,PUT,23100,2026-06-11
2026-06-11 11:48:00+05:30,402.9,411.55,401.5,408.95,5395,192010,16.418309,23268.35,23650.0,23500,ATM+8,PUT,23100,2026-06-11
2026-06-11 11:49:00+05:30,409.25,415.4,408.95,413.95,4810,192010,16.717961,23265.2,23650.0,23500,ATM+8,PUT,23100,2026-06-11
2026-06-11 11:50:00+05:30,410.1,413.95,405.7,407.2,6305,192205,16.697266,23273.8,23650.0,23500,ATM+8,PUT,23100,2026-06-11
2026-06-11 11:51:00+05:30,406.55,408.65,404.65,408.65,4030,189150,16.434446,23268.9,23650.0,23500,ATM+8,PUT,23100,2026-06-11
2026-06-11 11:52:00+05:30,410.45,413.15,408.65,410.15,1495,187915,16.713699,23270.1,23650.0,23500,ATM+8,PUT,23100,2026-06-11
2026-06-11 11:53:00+05:30,408.85,410.15,408.0,408.95,780,187915,16.923952,23274.1,23650.0,23500,ATM+8,PUT,23100,2026-06-11
2026-06-11 11:54:00+05:30,403.05,408.95,401.0,407.8,1820,186485,16.69467,23272.95,23650.0,23500,ATM+8,PUT,23100,2026-06-11
2026-06-11 11:55:00+05:30,405.7,407.8,402.85,406.9,910,186940,16.666468,23273.8,23650.0,23500,ATM+8,PUT,23100,2026-06-11
2026-06-11 11:56:00+05:30,451.1,452.6,432.1,435.05,7020,505635,16.440328,23285.3,23700.0,23500,ATM+8,PUT,23100,2026-06-11
2026-06-11 11:57:00+05:30,434.9,440.0,434.8,435.95,6370,507325,16.517161,23284.95,23700.0,23500,ATM+8,PUT,23100,2026-06-11
2026-06-11 11:58:00+05:30,437.25,437.25,428.0,435.25,16315,502840,16.993296,23290.9,23700.0,23500,ATM+8,PUT,23100,2026-06-11
2026-06-11 11:59:00+05:30,435.25,442.0,435.25,440.95,2730,502840,16.952912,23283.15,23700.0,23500,ATM+8,PUT,23100,2026-06-11
2026-06-11 12:00:00+05:30,438.0,440.95,435.0,440.0,2795,503945,16.970973,23284.55,23700.0,23500,ATM+8,PUT,23100,2026-06-11
2026-06-11 12:01:00+05:30,439.95,440.35,434.95,436.2,1820,503945,16.890565,23288.55,23700.0,23500,ATM+8,PUT,23100,2026-06-11
2026-06-11 12:02:00+05:30,435.15,439.45,435.0,439.45,1105,502580,17.013993,23285.7,23700.0,23500,ATM+8,PUT,23100,2026-06-11
2026-06-11 12:03:00+05:30,438.75,439.45,434.0,436.0,1300,502515,17.002671,23290.0,23700.0,23500,ATM+8,PUT,23100,2026-06-11
2026-06-11 12:04:00+05:30,437.9,440.65,436.0,440.65,390,502645,17.250785,23286.7,23700.0,23500,ATM+8,PUT,23100,2026-06-11
2026-06-11 12:05:00+05:30,439.05,447.85,438.2,446.1,2600,502645,17.386428,23281.15,23700.0,23500,ATM+8,PUT,23100,2026-06-11
2026-06-11 12:06:00+05:30,439.85,446.1,439.85,440.75,3120,501995,16.834038,23282.1,23700.0,23500,ATM+8,PUT,23100,2026-06-11
2026-06-11 12:07:00+05:30,440.65,440.75,433.55,433.55,2080,500500,16.740811,23290.3,23700.0,23500,ATM+8,PUT,23100,2026-06-11
2026-06-11 12:08:00+05:30,432.05,441.0,431.8,441.0,10465,500630,17.110124,23284.7,23700.0,23500,ATM+8,PUT,23100,2026-06-11
2026-06-11 12:09:00+05:30,439.2,441.0,439.2,439.2,65,507390,16.757545,23283.25,23700.0,23500,ATM+8,PUT,23100,2026-06-11
2026-06-11 12:10:00+05:30,441.55,445.35,439.2,445.35,1235,507780,17.070627,23278.7,23700.0,23500,ATM+8,PUT,23100,2026-06-11
2026-06-11 12:11:00+05:30,442.0,449.0,442.0,448.1,4940,507780,17.294187,23277.55,23700.0,23500,ATM+8,PUT,23100,2026-06-11
2026-06-11 12:12:00+05:30,445.0,448.1,444.0,444.9,1950,506545,17.442604,23283.25,23700.0,23500,ATM+8,PUT,23100,2026-06-11
2026-06-11 12:13:00+05:30,441.0,444.9,438.15,439.0,2015,507715,17.037578,23286.45,23700.0,23500,ATM+8,PUT,23100,2026-06-11
2026-06-11 12:14:00+05:30,442.25,442.25,439.0,440.7,1625,507715,17.341662,23287.55,23700.0,23500,ATM+8,PUT,23100,2026-06-11
2026-06-11 12:15:00+05:30,437.0,440.7,421.4,425.4,12480,512395,16.77565,23301.1,23700.0,23500,ATM+8,PUT,23100,2026-06-11
2026-06-11 12:16:00+05:30,423.65,429.9,420.0,421.7,4550,514800,16.641408,23304.4,23700.0,23500,ATM+8,PUT,23100,2026-06-11
2026-06-11 12:17:00+05:30,420.95,429.6,417.35,429.2,5135,514800,16.910022,23297.65,23700.0,23500,ATM+8,PUT,23100,2026-06-11
2026-06-11 12:18:00+05:30,429.1,432.4,427.75,432.4,2275,514540,16.982005,23294.3,23700.0,23500,ATM+8,PUT,23100,2026-06-11
2026-06-11 12:19:00+05:30,432.75,437.9,432.4,437.9,2340,514215,17.192917,23289.5,23700.0,23500,ATM+8,PUT,23100,2026-06-11
2026-06-11 12:20:00+05:30,436.3,442.0,435.1,441.95,4290,513305,17.16202,23283.95,23700.0,23500,ATM+8,PUT,23100,2026-06-11
2026-06-11 12:21:00+05:30,438.55,443.5,438.5,439.4,4225,510835,16.78489,23283.2,23700.0,23500,ATM+8,PUT,23100,2026-06-11
2026-06-11 12:22:00+05:30,439.35,439.9,435.0,436.55,2665,507780,16.834126,23287.35,23700.0,23500,ATM+8,PUT,23100,2026-06-11
2026-06-11 12:23:00+05:30,437.5,437.5,434.1,434.1,1495,506415,17.0993,23293.35,23700.0,23500,ATM+8,PUT,23100,2026-06-11
2026-06-11 12:24:00+05:30,436.0,436.0,434.0,434.0,715,507780,16.940947,23291.75,23700.0,23500,ATM+8,PUT,23100,2026-06-11
2026-06-11 12:25:00+05:30,434.0,439.75,434.0,438.25,455,507975,17.164987,23288.7,23700.0,23500,ATM+8,PUT,23100,2026-06-11
2026-06-11 12:26:00+05:30,435.05,438.25,428.65,434.6,1560,507910,17.096366,23292.65,23700.0,23500,ATM+8,PUT,23100,2026-06-11
2026-06-11 12:27:00+05:30,434.75,434.75,431.4,431.4,845,508625,16.734898,23292.85,23700.0,23500,ATM+8,PUT,23100,2026-06-11
2026-06-11 12:28:00+05:30,432.65,436.45,427.9,427.9,715,508950,17.050667,23300.8,23700.0,23500,ATM+8,PUT,23100,2026-06-11
2026-06-11 12:29:00+05:30,429.95,429.95,427.9,427.9,390,509340,16.759752,23297.6,23700.0,23500,ATM+8,PUT,23100,2026-06-11
2026-06-11 12:30:00+05:30,425.0,427.9,417.95,417.95,2990,509405,16.349288,23305.95,23700.0,23500,ATM+8,PUT,23100,2026-06-11
2026-06-11 12:31:00+05:30,421.9,424.95,412.25,412.85,6175,511940,16.661174,23316.0,23700.0,23500,ATM+8,PUT,23100,2026-06-11
2026-06-11 12:32:00+05:30,412.0,412.85,407.05,407.45,8580,513240,16.400731,23320.1,23700.0,23500,ATM+8,PUT,23100,2026-06-11
2026-06-11 12:33:00+05:30,407.95,412.5,407.45,409.7,6110,514280,16.300571,23316.05,23700.0,23500,ATM+8,PUT,23100,2026-06-11
2026-06-11 12:34:00+05:30,408.9,412.1,407.95,410.35,1625,516945,16.905657,23322.05,23700.0,23500,ATM+8,PUT,23100,2026-06-11
2026-06-11 12:35:00+05:30,407.0,419.0,403.3,416.3,5525,518115,16.810296,23313.15,23700.0,23500,ATM+8,PUT,23100,2026-06-11
2026-06-11 12:36:00+05:30,413.0,419.0,412.45,417.6,2730,517010,16.481619,23307.8,23700.0,23500,ATM+8,PUT,23100,2026-06-11
2026-06-11 12:37:00+05:30,416.65,424.0,414.5,423.5,14170,516945,15.801836,23293.1,23700.0,23500,ATM+8,PUT,23100,2026-06-11
2026-06-11 12:38:00+05:30,422.2,429.0,420.35,429.0,3185,522795,16.528805,23293.65,23700.0,23500,ATM+8,PUT,23100,2026-06-11
2026-06-11 12:39:00+05:30,427.05,429.0,420.2,420.3,1690,521430,15.852828,23297.65,23700.0,23500,ATM+8,PUT,23100,2026-06-11
2026-06-11 12:40:00+05:30,420.0,424.35,420.0,423.0,1560,522015,16.207236,23297.9,23700.0,23500,ATM+8,PUT,23100,2026-06-11
2026-06-11 12:41:00+05:30,422.75,427.3,420.8,427.3,4095,522340,16.467282,23295.15,23700.0,23500,ATM+8,PUT,23100,2026-06-11
2026-06-11 12:42:00+05:30,428.2,430.0,422.5,425.4,13390,523640,16.370872,23296.55,23700.0,23500,ATM+8,PUT,23100,2026-06-11
2026-06-11 12:43:00+05:30,426.35,432.0,425.4,427.85,2015,520780,16.378602,23293.5,23700.0,23500,ATM+8,PUT,23100,2026-06-11
2026-06-11 12:44:00+05:30,426.0,427.85,423.0,424.65,1755,519675,16.238492,23296.1,23700.0,23500,ATM+8,PUT,23100,2026-06-11
2026-06-11 12:45:00+05:30,424.65,429.0,424.65,425.25,1105,520195,16.211697,23295.05,23700.0,23500,ATM+8,PUT,23100,2026-06-11
2026-06-11 12:46:00+05:30,424.45,425.25,417.0,417.0,2730,520325,15.815122,23301.4,23700.0,23500,ATM+8,PUT,23100,2026-06-11
2026-06-11 12:47:00+05:30,417.0,427.35,417.0,423.6,1950,520845,15.834867,23293.25,23700.0,23500,ATM+8,PUT,23100,2026-06-11
2026-06-11 12:48:00+05:30,425.3,433.0,423.6,431.65,2210,520585,16.131065,23286.1,23700.0,23500,ATM+8,PUT,23100,2026-06-11
2026-06-11 12:49:00+05:30,432.05,441.5,428.75,441.5,4485,521105,16.304205,23275.45,23700.0,23500,ATM+8,PUT,23100,2026-06-11
2026-06-11 12:50:00+05:30,438.95,441.5,432.65,434.4,1625,519870,16.108484,23282.4,23700.0,23500,ATM+8,PUT,23100,2026-06-11
2026-06-11 12:51:00+05:30,430.0,437.25,430.0,437.25,1560,520520,16.331091,23281.05,23700.0,23500,ATM+8,PUT,23100,2026-06-11
2026-06-11 12:52:00+05:30,436.6,439.0,436.6,438.0,520,520650,16.231677,23279.1,23700.0,23500,ATM+8,PUT,23100,2026-06-11
2026-06-11 12:53:00+05:30,436.8,438.0,430.25,432.5,1365,520455,16.096481,23284.65,23700.0,23500,ATM+8,PUT,23100,2026-06-11
2026-06-11 12:54:00+05:30,432.5,432.5,432.5,432.5,0,520455,15.304578,23276.95,23700.0,23500,ATM+8,PUT,23100,2026-06-11
2026-06-11 12:55:00+05:30,432.5,432.5,432.5,432.5,0,520455,15.304578,23276.95,23700.0,23500,ATM+8,PUT,23100,2026-06-11
2026-06-11 12:56:00+05:30,437.7,437.7,428.95,429.8,2145,521105,15.584287,23282.95,23700.0,23500,ATM+8,PUT,23100,2026-06-11
2026-06-11 12:57:00+05:30,433.35,433.5,417.0,417.0,2665,520520,15.587191,23299.0,23700.0,23500,ATM+8,PUT,23100,2026-06-11
2026-06-11 12:58:00+05:30,417.1,417.1,410.0,413.95,8190,520260,15.680204,23303.8,23700.0,23500,ATM+8,PUT,23100,2026-06-11
2026-06-11 12:59:00+05:30,412.6,419.0,406.95,406.95,4160,525005,15.251098,23308.25,23700.0,23500,ATM+8,PUT,23100,2026-06-11
2026-06-11 13:00:00+05:30,406.2,406.95,390.15,393.85,22815,525525,15.181501,23324.15,23700.0,23500,ATM+8,PUT,23100,2026-06-11
2026-06-11 13:01:00+05:30,393.3,405.35,391.5,405.35,7930,526500,15.620593,23314.1,23700.0,23500,ATM+8,PUT,23100,2026-06-11
2026-06-11 13:02:00+05:30,403.35,414.2,403.35,407.0,4485,525330,15.110413,23306.75,23700.0,23500,ATM+8,PUT,23100,2026-06-11
2026-06-11 13:03:00+05:30,412.35,414.05,407.0,413.3,2470,522860,15.637159,23304.15,23700.0,23500,ATM+8,PUT,23100,2026-06-11
2026-06-11 13:04:00+05:30,416.0,416.0,411.0,414.05,3965,522860,15.480779,23301.6,23700.0,23500,ATM+8,PUT,23100,2026-06-11
2026-06-11 13:05:00+05:30,414.15,416.75,413.1,414.65,2405,524550,15.66354,23302.7,23700.0,23500,ATM+8,PUT,23100,2026-06-11
2026-06-11 13:06:00+05:30,415.0,416.4,412.2,413.75,1820,525720,15.434611,23301.5,23700.0,23500,ATM+8,PUT,23100,2026-06-11
2026-06-11 13:07:00+05:30,417.0,418.0,412.8,418.0,1495,525070,15.721957,23299.05,23700.0,23500,ATM+8,PUT,23100,2026-06-11
2026-06-11 13:08:00+05:30,418.15,425.0,417.9,421.05,3640,522795,15.390377,23291.9,23700.0,23500,ATM+8,PUT,23100,2026-06-11
2026-06-11 13:09:00+05:30,421.0,433.1,421.0,433.1,4030,522860,15.7777,23280.65,23700.0,23500,ATM+8,PUT,23100,2026-06-11
2026-06-11 13:10:00+05:30,430.9,433.4,428.15,430.65,2730,522925,15.654662,23282.5,23700.0,23500,ATM+8,PUT,23100,2026-06-11
2026-06-11 13:11:00+05:30,430.15,435.05,429.65,435.05,1430,523380,15.853801,23278.95,23700.0,23500,ATM+8,PUT,23100,2026-06-11
2026-06-11 13:12:00+05:30,388.95,403.8,388.95,399.0,2535,220740,15.199758,23267.45,23650.0,23500,ATM+8,PUT,23100,2026-06-11
2026-06-11 13:13:00+05:30,399.2,404.9,399.0,403.4,2080,219700,15.048845,23260.35,23650.0,23500,ATM+8,PUT,23100,2026-06-11
2026-06-11 13:14:00+05:30,407.65,407.65,403.3,403.3,2210,220090,14.946628,23259.45,23650.0,23500,ATM+8,PUT,23100,2026-06-11
2026-06-11 13:15:00+05:30,404.15,404.25,401.45,403.45,2405,220675,15.046203,23260.25,23650.0,23500,ATM+8,PUT,23100,2026-06-11
2026-06-11 13:16:00+05:30,396.95,405.9,396.85,405.65,3250,219505,14.81409,23255.2,23650.0,23500,ATM+8,PUT,23100,2026-06-11
2026-06-11 13:17:00+05:30,406.9,410.4,397.9,401.55,7020,218010,15.107449,23263.25,23650.0,23500,ATM+8,PUT,23100,2026-06-11
2026-06-11 13:18:00+05:30,401.2,408.2,401.2,404.9,845,219570,14.567339,23253.75,23650.0,23500,ATM+8,PUT,23100,2026-06-11
2026-06-11 13:19:00+05:30,405.75,406.2,404.9,404.95,520,219440,14.611062,23254.1,23650.0,23500,ATM+8,PUT,23100,2026-06-11
2026-06-11 13:20:00+05:30,411.0,419.3,404.95,416.85,5135,218985,15.745749,23250.4,23650.0,23500,ATM+8,PUT,23100,2026-06-11
2026-06-11 13:21:00+05:30,425.35,426.85,416.85,421.2,2860,217490,15.119475,23238.8,23650.0,23500,ATM+8,PUT,23100,2026-06-11
2026-06-11 13:22:00+05:30,431.7,433.55,421.2,432.7,1950,217555,15.524293,23228.4,23650.0,23500,ATM+8,PUT,23100,2026-06-11
2026-06-11 13:23:00+05:30,433.8,433.8,417.1,418.85,2015,217555,15.33723,23243.8,23650.0,23500,ATM+8,PUT,23100,2026-06-11
2026-06-11 13:24:00+05:30,419.9,424.4,418.85,421.5,1040,217425,15.212758,23239.3,23650.0,23500,ATM+8,PUT,23100,2026-06-11
2026-06-11 13:25:00+05:30,422.9,428.0,421.5,428.0,975,216970,15.376419,23232.8,23650.0,23500,ATM+8,PUT,23100,2026-06-11
2026-06-11 13:26:00+05:30,431.5,438.3,428.0,434.0,2080,216320,15.34475,23225.1,23650.0,23500,ATM+8,PUT,23100,2026-06-11
2026-06-11 13:27:00+05:30,433.85,435.25,428.1,431.45,1495,216060,15.595617,23230.6,23650.0,23500,ATM+8,PUT,23100,2026-06-11
2026-06-11 13:28:00+05:30,433.35,434.35,427.0,427.0,715,216255,15.36348,23233.9,23650.0,23500,ATM+8,PUT,23100,2026-06-11
2026-06-11 13:29:00+05:30,422.65,427.0,422.3,422.3,845,215540,15.687672,23242.9,23650.0,23500,ATM+8,PUT,23100,2026-06-11
2026-06-11 13:30:00+05:30,420.0,422.3,402.05,407.4,1235,215150,15.275327,23257.5,23650.0,23500,ATM+8,PUT,23100,2026-06-11
2026-06-11 13:31:00+05:30,408.15,414.25,407.4,413.85,1755,214825,15.992951,23256.7,23650.0,23500,ATM+8,PUT,23100,2026-06-11
2026-06-11 13:32:00+05:30,404.15,413.85,399.4,402.8,1625,214760,15.226654,23262.8,23650.0,23500,ATM+8,PUT,23100,2026-06-11
2026-06-11 13:33:00+05:30,404.0,405.75,394.65,405.75,1885,215215,15.194708,23258.75,23650.0,23500,ATM+8,PUT,23100,2026-06-11
2026-06-11 13:34:00+05:30,414.45,417.9,405.75,417.9,650,215215,15.205492,23243.65,23650.0,23500,ATM+8,PUT,23100,2026-06-11
2026-06-11 13:35:00+05:30,416.4,417.9,410.6,410.6,1235,213980,14.818475,23249.0,23650.0,23500,ATM+8,PUT,23100,2026-06-11
2026-06-11 13:36:00+05:30,411.75,412.85,407.6,407.6,585,214110,15.183961,23256.3,23650.0,23500,ATM+8,PUT,23100,2026-06-11
2026-06-11 13:37:00+05:30,405.3,412.05,405.3,412.05,1495,214175,15.222725,23251.1,23650.0,23500,ATM+8,PUT,23100,2026-06-11
2026-06-11 13:38:00+05:30,413.5,422.55,412.05,422.55,780,214175,15.673999,23242.4,23650.0,23500,ATM+8,PUT,23100,2026-06-11
2026-06-11 13:39:00+05:30,421.6,432.75,421.6,430.45,2665,214370,15.691586,23232.7,23650.0,23500,ATM+8,PUT,23100,2026-06-11
2026-06-11 13:40:00+05:30,425.35,431.55,423.9,431.55,5070,217230,15.838657,23232.75,23650.0,23500,ATM+8,PUT,23100,2026-06-11
2026-06-11 13:41:00+05:30,432.85,435.5,430.9,431.7,1235,217750,15.520003,23229.5,23650.0,23500,ATM+8,PUT,23100,2026-06-11
2026-06-11 13:42:00+05:30,427.5,431.9,427.1,431.9,1625,218075,15.567812,23229.7,23650.0,23500,ATM+8,PUT,23100,2026-06-11
2026-06-11 13:43:00+05:30,390.0,397.55,386.75,392.15,12545,663520,14.584072,23219.45,23600.0,23500,ATM+8,PUT,23100,2026-06-11
2026-06-11 13:44:00+05:30,393.9,398.2,387.8,387.8,14040,661830,14.482951,23223.9,23600.0,23500,ATM+8,PUT,23100,2026-06-11
2026-06-11 13:45:00+05:30,389.35,393.9,387.8,393.9,4615,658645,14.973752,23221.15,23600.0,23500,ATM+8,PUT,23100,2026-06-11
2026-06-11 13:46:00+05:30,435.7,441.0,428.05,428.05,3185,216450,14.839278,23227.7,23650.0,23500,ATM+8,PUT,23100,2026-06-11
2026-06-11 13:47:00+05:30,425.85,428.05,416.05,423.55,3055,216385,14.790535,23232.75,23650.0,23500,ATM+8,PUT,23100,2026-06-11
2026-06-11 13:48:00+05:30,423.55,425.25,418.65,425.25,1170,216515,14.932088,23231.95,23650.0,23500,ATM+8,PUT,23100,2026-06-11
2026-06-11 13:49:00+05:30,425.75,426.55,425.25,426.55,520,216515,14.931627,23230.35,23650.0,23500,ATM+8,PUT,23100,2026-06-11
2026-06-11 13:50:00+05:30,386.1,390.3,384.55,389.7,3835,657930,14.75414,23224.2,23600.0,23500,ATM+8,PUT,23100,2026-06-11
2026-06-11 13:51:00+05:30,428.5,434.85,426.95,429.5,1820,216320,14.871492,23226.2,23650.0,23500,ATM+8,PUT,23100,2026-06-11
2026-06-11 13:52:00+05:30,427.55,433.3,423.1,423.1,1430,217295,14.415067,23229.95,23650.0,23500,ATM+8,PUT,23100,2026-06-11
2026-06-11 13:53:00+05:30,422.75,423.1,418.9,418.9,325,217295,14.506521,23235.85,23650.0,23500,ATM+8,PUT,23100,2026-06-11
2026-06-11 13:54:00+05:30,423.95,423.95,418.9,422.05,325,217230,14.784504,23234.5,23650.0,23500,ATM+8,PUT,23100,2026-06-11
2026-06-11 13:55:00+05:30,423.55,423.7,422.05,423.7,455,217100,15.16756,23236.0,23650.0,23500,ATM+8,PUT,23100,2026-06-11
2026-06-11 13:56:00+05:30,420.8,423.75,418.75,418.75,650,217360,14.974887,23240.3,23650.0,23500,ATM+8,PUT,23100,2026-06-11
2026-06-11 13:57:00+05:30,418.4,422.6,414.2,422.6,1495,217945,15.372922,23239.3,23650.0,23500,ATM+8,PUT,23100,2026-06-11
2026-06-11 13:58:00+05:30,415.0,422.6,409.65,409.65,585,218010,14.604091,23248.05,23650.0,23500,ATM+8,PUT,23100,2026-06-11
2026-06-11 13:59:00+05:30,412.55,426.1,409.65,423.65,585,217880,14.837342,23233.0,23650.0,23500,ATM+8,PUT,23100,2026-06-11
2026-06-11 14:00:00+05:30,425.55,426.3,418.5,418.5,260,218075,14.933156,23240.2,23650.0,23500,ATM+8,PUT,23100,2026-06-11
2026-06-11 14:01:00+05:30,422.2,422.2,418.5,422.2,195,218075,14.955642,23235.85,23650.0,23500,ATM+8,PUT,23100,2026-06-11
2026-06-11 14:02:00+05:30,423.0,424.5,421.55,421.6,780,218010,14.537029,23232.8,23650.0,23500,ATM+8,PUT,23100,2026-06-11
2026-06-11 14:03:00+05:30,420.45,421.6,420.45,420.45,195,218010,14.76579,23236.25,23650.0,23500,ATM+8,PUT,23100,2026-06-11
2026-06-11 14:04:00+05:30,424.6,424.6,420.45,421.85,780,218465,14.964684,23236.35,23650.0,23500,ATM+8,PUT,23100,2026-06-11
2026-06-11 14:05:00+05:30,421.3,430.0,421.3,426.8,1040,218075,15.180303,23232.25,23650.0,23500,ATM+8,PUT,23100,2026-06-11
2026-06-11 14:06:00+05:30,423.2,426.8,420.55,422.45,520,218335,14.660955,23232.85,23650.0,23500,ATM+8,PUT,23100,2026-06-11
2026-06-11 14:07:00+05:30,381.65,396.75,380.75,396.75,4355,655785,15.226146,23220.0,23600.0,23500,ATM+8,PUT,23100,2026-06-11
2026-06-11 14:08:00+05:30,396.1,406.0,396.0,406.0,11960,651560,15.399662,23210.05,23600.0,23500,ATM+8,PUT,23100,2026-06-11
2026-06-11 14:09:00+05:30,406.1,410.4,398.4,399.15,23595,647530,14.791811,23212.6,23600.0,23500,ATM+8,PUT,23100,2026-06-11
2026-06-11 14:10:00+05:30,402.8,402.8,393.35,400.35,16640,652405,15.145121,23214.6,23600.0,23500,ATM+8,PUT,23100,2026-06-11
2026-06-11 14:11:00+05:30,401.5,405.15,397.4,398.7,7410,652080,14.78641,23213.1,23600.0,23500,ATM+8,PUT,23100,2026-06-11
2026-06-11 14:12:00+05:30,400.4,403.85,398.3,402.0,2795,651625,14.932649,23210.4,23600.0,23500,ATM+8,PUT,23100,2026-06-11
2026-06-11 14:13:00+05:30,400.45,403.1,388.5,388.5,5915,651950,14.520415,23223.25,23600.0,23500,ATM+8,PUT,23100,2026-06-11
2026-06-11 14:14:00+05:30,388.75,395.3,385.0,394.75,4420,652015,14.962218,23219.8,23600.0,23500,ATM+8,PUT,23100,2026-06-11
2026-06-11 14:15:00+05:30,394.55,398.6,392.3,396.4,3250,652665,14.70912,23215.2,23600.0,23500,ATM+8,PUT,23100,2026-06-11
2026-06-11 14:16:00+05:30,393.0,396.4,390.0,394.25,14365,651560,14.547122,23216.3,23600.0,23500,ATM+8,PUT,23100,2026-06-11
2026-06-11 14:17:00+05:30,396.0,398.0,394.25,397.0,2340,656955,14.689727,23214.25,23600.0,23500,ATM+8,PUT,23100,2026-06-11
2026-06-11 14:18:00+05:30,397.6,405.0,397.0,404.8,6760,656435,15.048365,23208.0,23600.0,23500,ATM+8,PUT,23100,2026-06-11
2026-06-11 14:19:00+05:30,404.55,407.2,396.0,396.0,3640,656240,14.822527,23216.8,23600.0,23500,ATM+8,PUT,23100,2026-06-11
2026-06-11 14:20:00+05:30,393.85,396.0,386.2,388.0,7410,654940,14.435103,23223.0,23600.0,23500,ATM+8,PUT,23100,2026-06-11
2026-06-11 14:21:00+05:30,388.0,393.0,387.35,388.0,2275,654420,14.099603,23219.75,23600.0,23500,ATM+8,PUT,23100,2026-06-11
2026-06-11 14:22:00+05:30,393.65,393.7,388.0,391.55,4160,656110,14.58312,23220.0,23600.0,23500,ATM+8,PUT,23100,2026-06-11
2026-06-11 14:23:00+05:30,391.35,404.55,391.35,403.2,4355,656500,14.974288,23209.25,23600.0,23500,ATM+8,PUT,23100,2026-06-11
2026-06-11 14:24:00+05:30,403.0,404.9,400.75,401.55,2340,657020,14.463618,23206.4,23600.0,23500,ATM+8,PUT,23100,2026-06-11
2026-06-11 14:25:00+05:30,401.5,401.55,393.2,393.2,3185,657280,14.442171,23216.55,23600.0,23500,ATM+8,PUT,23100,2026-06-11
2026-06-11 14:26:00+05:30,433.0,440.4,426.85,426.85,845,212160,14.385852,23225.05,23650.0,23500,ATM+8,PUT,23100,2026-06-11
2026-06-11 14:27:00+05:30,429.9,429.9,424.75,426.8,975,212225,14.531172,23226.35,23650.0,23500,ATM+8,PUT,23100,2026-06-11
2026-06-11 14:28:00+05:30,417.8,426.8,408.15,408.15,4615,210990,14.793625,23251.55,23650.0,23500,ATM+8,PUT,23100,2026-06-11
2026-06-11 14:29:00+05:30,406.8,415.3,406.8,415.0,975,211055,14.58271,23241.15,23650.0,23500,ATM+8,PUT,23100,2026-06-11
2026-06-11 14:30:00+05:30,423.65,426.2,415.0,417.6,1040,210860,15.382901,23245.45,23650.0,23500,ATM+8,PUT,23100,2026-06-11
2026-06-11 14:31:00+05:30,417.6,418.6,415.45,417.85,845,210795,14.851283,23240.1,23650.0,23500,ATM+8,PUT,23100,2026-06-11
2026-06-11 14:32:00+05:30,417.5,422.75,417.5,418.75,1755,210860,15.325417,23243.45,23650.0,23500,ATM+8,PUT,23100,2026-06-11
2026-06-11 14:33:00+05:30,419.0,427.0,418.75,427.0,260,211185,14.869209,23229.05,23650.0,23500,ATM+8,PUT,23100,2026-06-11
2026-06-11 14:34:00+05:30,432.6,432.6,426.05,428.15,1170,211250,15.315169,23231.7,23650.0,23500,ATM+8,PUT,23100,2026-06-11
2026-06-11 14:35:00+05:30,427.65,428.15,419.15,426.65,2535,210730,15.704094,23237.25,23650.0,23500,ATM+8,PUT,23100,2026-06-11
2026-06-11 14:36:00+05:30,383.05,398.4,382.4,397.7,9815,668395,14.691531,23213.3,23600.0,23500,ATM+8,PUT,23100,2026-06-11
2026-06-11 14:37:00+05:30,452.1,452.1,438.4,438.4,2990,209365,16.061518,23226.05,23650.0,23500,ATM+8,PUT,23100,2026-06-11
2026-06-11 14:38:00+05:30,393.9,403.4,391.1,401.3,4485,667355,15.648095,23218.4,23600.0,23500,ATM+8,PUT,23100,2026-06-11
2026-06-11 14:39:00+05:30,401.1,414.7,401.1,403.3,16770,667810,15.768477,23217.1,23600.0,23500,ATM+8,PUT,23100,2026-06-11
2026-06-11 14:40:00+05:30,405.6,413.7,403.3,410.9,6435,666835,15.849991,23208.25,23600.0,23500,ATM+8,PUT,23100,2026-06-11
2026-06-11 14:41:00+05:30,412.55,418.0,409.0,409.0,9620,664105,16.148492,23213.8,23600.0,23500,ATM+8,PUT,23100,2026-06-11
2026-06-11 14:42:00+05:30,409.3,415.05,407.4,413.35,6760,664365,16.378065,23210.65,23600.0,23500,ATM+8,PUT,23100,2026-06-11
2026-06-11 14:43:00+05:30,414.8,427.85,410.75,427.85,21190,661505,16.874848,23197.3,23600.0,23500,ATM+8,PUT,23100,2026-06-11
2026-06-11 14:44:00+05:30,427.85,429.65,420.9,424.85,8840,659360,16.785867,23200.2,23600.0,23500,ATM+8,PUT,23100,2026-06-11
2026-06-11 14:45:00+05:30,423.65,430.0,423.65,427.2,6890,658515,16.792787,23197.25,23600.0,23500,ATM+8,PUT,23100,2026-06-11
2026-06-11 14:46:00+05:30,428.95,435.0,419.5,433.2,12675,658775,17.024548,23192.0,23600.0,23500,ATM+8,PUT,23100,2026-06-11
2026-06-11 14:47:00+05:30,393.0,412.9,391.3,411.0,19695,191945,16.724312,23167.1,23550.0,23500,ATM+8,PUT,23100,2026-06-11
2026-06-11 14:48:00+05:30,453.85,455.2,438.3,441.0,6630,653315,16.860625,23180.35,23600.0,23500,ATM+8,PUT,23100,2026-06-11
2026-06-11 14:49:00+05:30,439.5,441.7,430.3,432.55,11115,651820,17.051807,23193.1,23600.0,23500,ATM+8,PUT,23100,2026-06-11
2026-06-11 14:50:00+05:30,392.75,406.0,390.0,405.4,6565,191750,16.577774,23172.75,23550.0,23500,ATM+8,PUT,23100,2026-06-11
2026-06-11 14:51:00+05:30,404.8,407.0,396.65,406.6,4550,192205,16.687888,23172.4,23550.0,23500,ATM+8,PUT,23100,2026-06-11
2026-06-11 14:52:00+05:30,403.6,407.5,401.5,407.5,3185,192140,16.67728,23171.1,23550.0,23500,ATM+8,PUT,23100,2026-06-11
2026-06-11 14:53:00+05:30,405.2,407.5,400.9,400.9,4225,191555,16.161113,23174.0,23550.0,23500,ATM+8,PUT,23100,2026-06-11
2026-06-11 14:54:00+05:30,400.9,406.0,400.9,403.85,585,190775,16.301568,23171.7,23550.0,23500,ATM+8,PUT,23100,2026-06-11
2026-06-11 14:55:00+05:30,403.85,405.05,399.1,404.1,2990,190970,16.414209,23172.6,23550.0,23500,ATM+8,PUT,23100,2026-06-11
2026-06-11 14:56:00+05:30,401.4,406.8,400.6,406.8,2145,192140,16.529511,23170.35,23550.0,23500,ATM+8,PUT,23100,2026-06-11
2026-06-11 14:57:00+05:30,410.0,410.0,405.7,407.0,2080,191295,16.170509,23166.2,23550.0,23500,ATM+8,PUT,23100,2026-06-11
2026-06-11 14:58:00+05:30,404.7,407.0,402.9,402.9,1040,191295,16.264643,23172.5,23550.0,23500,ATM+8,PUT,23100,2026-06-11
2026-06-11 14:59:00+05:30,442.0,450.3,440.65,445.75,9815,648635,17.135124,23177.05,23600.0,23500,ATM+8,PUT,23100,2026-06-11
2026-06-11 15:00:00+05:30,397.15,415.75,384.9,415.75,8060,189670,16.075641,23154.0,23550.0,23500,ATM+8,PUT,23100,2026-06-11
2026-06-11 15:01:00+05:30,413.8,423.4,412.95,415.95,5330,188695,16.018005,23153.15,23550.0,23500,ATM+8,PUT,23100,2026-06-11
2026-06-11 15:02:00+05:30,419.8,427.3,413.65,415.0,7865,188825,16.44508,23158.8,23550.0,23500,ATM+8,PUT,23100,2026-06-11
2026-06-11 15:03:00+05:30,418.4,422.95,415.0,419.0,1495,189280,16.875444,23158.25,23550.0,23500,ATM+8,PUT,23100,2026-06-11
2026-06-11 15:04:00+05:30,418.9,423.9,416.4,422.6,2405,189345,16.045625,23145.0,23550.0,23500,ATM+8,PUT,23100,2026-06-11
2026-06-11 15:05:00+05:30,425.0,428.8,420.75,422.05,10400,186680,16.230182,23147.55,23550.0,23500,ATM+8,PUT,23100,2026-06-11
2026-06-11 15:06:00+05:30,420.0,430.45,420.0,428.3,5005,186615,16.200457,23139.35,23550.0,23500,ATM+8,PUT,23100,2026-06-11
2026-06-11 15:07:00+05:30,431.0,431.4,422.35,426.0,1820,186550,16.771552,23148.1,23550.0,23500,ATM+8,PUT,23100,2026-06-11
2026-06-11 15:08:00+05:30,418.75,426.0,416.9,424.15,2860,186160,15.35778,23136.4,23550.0,23500,ATM+8,PUT,23100,2026-06-11
2026-06-11 15:09:00+05:30,424.5,424.5,416.65,416.65,1560,186160,15.163038,23143.85,23550.0,23500,ATM+8,PUT,23100,2026-06-11
2026-06-11 15:10:00+05:30,415.3,416.65,407.15,407.15,3510,185185,14.752089,23151.75,23550.0,23500,ATM+8,PUT,23100,2026-06-11
2026-06-11 15:11:00+05:30,407.0,414.55,403.2,413.3,2405,185315,14.744617,23144.1,23550.0,23500,ATM+8,PUT,23100,2026-06-11
2026-06-11 15:12:00+05:30,413.35,417.55,407.05,407.05,3705,184665,14.718347,23151.55,23550.0,23500,ATM+8,PUT,23100,2026-06-11
2026-06-11 15:13:00+05:30,408.0,408.0,404.55,404.8,1235,184665,15.490797,23161.85,23550.0,23500,ATM+8,PUT,23100,2026-06-11
2026-06-11 15:14:00+05:30,400.75,407.6,398.35,405.55,1105,183755,15.967603,23165.8,23550.0,23500,ATM+8,PUT,23100,2026-06-11
2026-06-11 15:15:00+05:30,406.5,415.45,405.55,406.2,6825,182455,16.104151,23166.4,23550.0,23500,ATM+8,PUT,23100,2026-06-11
2026-06-11 15:16:00+05:30,447.0,448.85,432.8,435.15,5460,621465,16.157955,23180.55,23600.0,23500,ATM+8,PUT,23100,2026-06-11
2026-06-11 15:17:00+05:30,432.25,435.15,428.45,433.4,4420,621465,16.072332,23181.9,23600.0,23500,ATM+8,PUT,23100,2026-06-11
2026-06-11 15:18:00+05:30,431.0,442.6,431.0,441.0,2990,621465,16.959471,23181.15,23600.0,23500,ATM+8,PUT,23100,2026-06-11
2026-06-11 15:19:00+05:30,402.4,405.25,398.25,403.65,780,179595,16.321962,23172.0,23550.0,23500,ATM+8,PUT,23100,2026-06-11
2026-06-11 15:20:00+05:30,445.3,446.8,441.0,441.0,3380,618410,16.667936,23178.2,23600.0,23500,ATM+8,PUT,23100,2026-06-11
2026-06-11 15:21:00+05:30,442.0,442.3,435.95,442.3,2795,617695,16.677219,23176.65,23600.0,23500,ATM+8,PUT,23100,2026-06-11
2026-06-11 15:22:00+05:30,398.0,402.9,398.0,402.9,585,179140,16.038752,23169.9,23550.0,23500,ATM+8,PUT,23100,2026-06-11
2026-06-11 15:23:00+05:30,406.05,406.05,398.85,399.75,325,179140,15.751497,23170.9,23550.0,23500,ATM+8,PUT,23100,2026-06-11
2026-06-11 15:24:00+05:30,398.25,400.35,396.6,397.0,2665,178230,15.673784,23173.6,23550.0,23500,ATM+8,PUT,23100,2026-06-11
2026-06-11 15:25:00+05:30,396.9,398.8,389.0,389.0,4420,177840,14.760383,23174.4,23550.0,23500,ATM+8,PUT,23100,2026-06-11
2026-06-11 15:26:00+05:30,426.15,432.05,422.15,423.6,7995,604565,14.150612,23176.6,23600.0,23500,ATM+8,PUT,23100,2026-06-11
2026-06-11 15:27:00+05:30,423.95,428.65,423.35,426.2,2600,603785,14.813817,23179.1,23600.0,23500,ATM+8,PUT,23100,2026-06-11
2026-06-11 15:28:00+05:30,425.1,428.4,425.1,425.7,3055,603785,14.853123,23180.05,23600.0,23500,ATM+8,PUT,23100,2026-06-11
2026-06-11 15:29:00+05:30,427.05,427.05,420.0,423.75,5785,601055,15.30693,23186.55,23600.0,23500,ATM+8,PUT,23100,2026-06-11
2026-06-11 09:15:00+05:30,30.0,39.05,29.75,35.25,451685,1405495,14.505789,23104.4,23550.0,23550,ATM+9,CALL,23100,2026-06-11
2026-06-11 09:16:00+05:30,35.1,35.25,31.2,31.5,363740,1372800,14.464067,23082.3,23550.0,23550,ATM+9,CALL,23100,2026-06-11
2026-06-11 09:17:00+05:30,31.4,33.7,31.25,33.65,248105,1355315,14.543126,23092.9,23550.0,23550,ATM+9,CALL,23100,2026-06-11
2026-06-11 09:18:00+05:30,33.45,34.9,32.65,33.35,209105,1388010,14.333855,23100.1,23550.0,23550,ATM+9,CALL,23100,2026-06-11
2026-06-11 09:19:00+05:30,33.15,34.8,33.15,34.75,94250,1394575,14.17045,23115.85,23550.0,23550,ATM+9,CALL,23100,2026-06-11
2026-06-11 09:20:00+05:30,28.3,28.65,27.1,28.65,363805,3700710,14.079026,23128.6,23600.0,23550,ATM+9,CALL,23100,2026-06-11
2026-06-11 09:21:00+05:30,28.55,31.15,28.15,30.65,357760,3788135,14.077709,23142.45,23600.0,23550,ATM+9,CALL,23100,2026-06-11
2026-06-11 09:22:00+05:30,30.25,30.7,28.25,29.1,399100,3773900,13.831456,23142.9,23600.0,23550,ATM+9,CALL,23100,2026-06-11
2026-06-11 09:23:00+05:30,29.05,29.7,27.8,28.3,437645,3915925,13.878877,23135.25,23600.0,23550,ATM+9,CALL,23100,2026-06-11
2026-06-11 09:24:00+05:30,35.4,35.95,33.25,33.25,163020,1510210,13.938097,23116.8,23550.0,23550,ATM+9,CALL,23100,2026-06-11
2026-06-11 09:25:00+05:30,33.0,33.25,32.25,32.5,149175,1522950,14.01069,23109.0,23550.0,23550,ATM+9,CALL,23100,2026-06-11
2026-06-11 09:26:00+05:30,32.4,33.2,32.0,33.1,138840,1556035,14.134138,23107.5,23550.0,23550,ATM+9,CALL,23100,2026-06-11
2026-06-11 09:27:00+05:30,32.85,33.5,31.15,32.2,177710,1585610,14.142416,23101.45,23550.0,23550,ATM+9,CALL,23100,2026-06-11
2026-06-11 09:28:00+05:30,32.25,33.65,32.2,33.3,105950,1648920,13.930637,23117.6,23550.0,23550,ATM+9,CALL,23100,2026-06-11
2026-06-11 09:29:00+05:30,33.65,34.5,32.75,33.8,128765,1671865,13.903139,23121.9,23550.0,23550,ATM+9,CALL,23100,2026-06-11
2026-06-11 09:30:00+05:30,33.9,33.9,31.5,32.0,93340,1686295,13.910984,23110.35,23550.0,23550,ATM+9,CALL,23100,2026-06-11
2026-06-11 09:31:00+05:30,31.95,32.9,31.2,32.85,53950,1712490,13.884729,23116.9,23550.0,23550,ATM+9,CALL,23100,2026-06-11
2026-06-11 09:32:00+05:30,33.2,33.8,32.25,32.25,72930,1715935,13.866576,23113.95,23550.0,23550,ATM+9,CALL,23100,2026-06-11
2026-06-11 09:33:00+05:30,31.95,32.25,30.15,30.4,87360,1723085,13.87554,23101.6,23550.0,23550,ATM+9,CALL,23100,2026-06-11
2026-06-11 09:34:00+05:30,30.15,31.65,30.15,31.45,41730,1741350,13.849704,23109.65,23550.0,23550,ATM+9,CALL,23100,2026-06-11
2026-06-11 09:35:00+05:30,31.4,31.55,29.85,29.85,70460,1747720,13.899439,23096.95,23550.0,23550,ATM+9,CALL,23100,2026-06-11
2026-06-11 09:36:00+05:30,30.0,31.4,29.85,31.4,64870,1767935,13.782189,23112.35,23550.0,23550,ATM+9,CALL,23100,2026-06-11
2026-06-11 09:37:00+05:30,31.3,32.65,31.1,32.25,89180,1769170,13.746476,23119.35,23550.0,23550,ATM+9,CALL,23100,2026-06-11
2026-06-11 09:38:00+05:30,25.85,27.0,25.65,26.7,148850,4232995,13.756008,23129.95,23600.0,23550,ATM+9,CALL,23100,2026-06-11
2026-06-11 09:39:00+05:30,26.7,27.45,26.7,27.1,227500,4222725,13.768389,23132.35,23600.0,23550,ATM+9,CALL,23100,2026-06-11
2026-06-11 09:40:00+05:30,34.0,34.05,31.95,32.0,131365,1771770,13.70363,23119.75,23550.0,23550,ATM+9,CALL,23100,2026-06-11
2026-06-11 09:41:00+05:30,31.95,32.65,31.4,32.25,40430,1802450,13.727189,23120.35,23550.0,23550,ATM+9,CALL,23100,2026-06-11
2026-06-11 09:42:00+05:30,32.15,32.45,31.1,31.95,63765,1808690,13.692472,23120.0,23550.0,23550,ATM+9,CALL,23100,2026-06-11
2026-06-11 09:43:00+05:30,25.8,27.7,25.4,27.4,168610,4206605,13.621718,23141.3,23600.0,23550,ATM+9,CALL,23100,2026-06-11
2026-06-11 09:44:00+05:30,27.8,28.1,27.35,27.65,194935,4189315,13.59651,23144.25,23600.0,23550,ATM+9,CALL,23100,2026-06-11
2026-06-11 09:45:00+05:30,27.65,28.5,26.75,27.65,213135,4142060,13.566265,23145.65,23600.0,23550,ATM+9,CALL,23100,2026-06-11
2026-06-11 09:46:00+05:30,27.9,28.55,27.15,28.55,86905,4132570,13.510221,23154.45,23600.0,23550,ATM+9,CALL,23100,2026-06-11
2026-06-11 09:47:00+05:30,28.45,28.55,27.65,27.9,137085,4159090,13.516907,23149.7,23600.0,23550,ATM+9,CALL,23100,2026-06-11
2026-06-11 09:48:00+05:30,27.9,28.15,26.9,26.9,71045,4210375,13.542617,23141.5,23600.0,23550,ATM+9,CALL,23100,2026-06-11
2026-06-11 09:49:00+05:30,26.9,28.55,26.9,28.3,91130,4202510,13.500323,23153.3,23600.0,23550,ATM+9,CALL,23100,2026-06-11
2026-06-11 09:50:00+05:30,28.4,30.45,27.5,30.15,245895,4200755,13.565897,23162.9,23600.0,23550,ATM+9,CALL,23100,2026-06-11
2026-06-11 09:51:00+05:30,29.8,31.05,29.5,30.5,399490,4154280,13.514039,23167.5,23600.0,23550,ATM+9,CALL,23100,2026-06-11
2026-06-11 09:52:00+05:30,30.45,30.85,29.55,30.45,194740,4077710,13.431977,23170.8,23600.0,23550,ATM+9,CALL,23100,2026-06-11
2026-06-11 09:53:00+05:30,30.5,31.1,30.1,30.55,143000,4071470,13.413354,23172.3,23600.0,23550,ATM+9,CALL,23100,2026-06-11
2026-06-11 09:54:00+05:30,30.6,30.6,28.55,28.55,145535,4067180,13.565131,23152.35,23600.0,23550,ATM+9,CALL,23100,2026-06-11
2026-06-11 09:55:00+05:30,28.65,28.65,26.95,27.35,229840,4073420,13.613118,23141.85,23600.0,23550,ATM+9,CALL,23100,2026-06-11
2026-06-11 09:56:00+05:30,27.25,28.3,26.9,27.05,117455,4058535,13.596374,23140.5,23600.0,23550,ATM+9,CALL,23100,2026-06-11
2026-06-11 09:57:00+05:30,26.75,27.05,25.65,25.85,125710,4078555,13.609813,23131.15,23600.0,23550,ATM+9,CALL,23100,2026-06-11
2026-06-11 09:58:00+05:30,32.0,32.1,30.5,30.5,125190,1800565,13.615649,23114.7,23550.0,23550,ATM+9,CALL,23100,2026-06-11
2026-06-11 09:59:00+05:30,30.6,31.85,30.35,30.85,77220,1829425,13.602183,23117.6,23550.0,23550,ATM+9,CALL,23100,2026-06-11
2026-06-11 10:00:00+05:30,24.65,26.15,24.55,25.95,116935,4059055,13.649898,23130.2,23600.0,23550,ATM+9,CALL,23100,2026-06-11
2026-06-11 10:01:00+05:30,26.15,26.4,25.8,26.0,105495,4072445,13.608524,23132.5,23600.0,23550,ATM+9,CALL,23100,2026-06-11
2026-06-11 10:02:00+05:30,32.3,32.4,31.05,31.5,59540,1837030,13.578773,23122.9,23550.0,23550,ATM+9,CALL,23100,2026-06-11
2026-06-11 10:03:00+05:30,31.35,32.55,30.7,31.25,43420,1839565,13.59035,23120.85,23550.0,23550,ATM+9,CALL,23100,2026-06-11
2026-06-11 10:04:00+05:30,31.25,31.6,30.05,30.05,59475,1834495,13.694449,23108.55,23550.0,23550,ATM+9,CALL,23100,2026-06-11
2026-06-11 10:05:00+05:30,30.05,30.9,29.4,30.65,103935,1854970,13.70564,23112.05,23550.0,23550,ATM+9,CALL,23100,2026-06-11
2026-06-11 10:06:00+05:30,24.7,26.6,24.55,26.25,283530,4091165,13.548281,23137.3,23600.0,23550,ATM+9,CALL,23100,2026-06-11
2026-06-11 10:07:00+05:30,26.45,27.6,26.15,27.3,225095,4128865,13.484252,23147.8,23600.0,23550,ATM+9,CALL,23100,2026-06-11
2026-06-11 10:08:00+05:30,27.35,28.95,27.0,28.95,197275,4099290,13.537525,23156.9,23600.0,23550,ATM+9,CALL,23100,2026-06-11
2026-06-11 10:09:00+05:30,29.2,29.2,28.1,28.1,221650,4066595,13.406403,23156.95,23600.0,23550,ATM+9,CALL,23100,2026-06-11
2026-06-11 10:10:00+05:30,27.95,29.2,27.7,28.0,114335,4079335,13.361502,23158.3,23600.0,23550,ATM+9,CALL,23100,2026-06-11
2026-06-11 10:11:00+05:30,28.0,28.8,27.9,28.4,98280,4103255,13.318205,23163.0,23600.0,23550,ATM+9,CALL,23100,2026-06-11
2026-06-11 10:12:00+05:30,28.55,28.8,27.6,27.7,109135,4094155,13.353851,23156.65,23600.0,23550,ATM+9,CALL,23100,2026-06-11
2026-06-11 10:13:00+05:30,27.85,28.6,27.7,28.15,120185,4079140,13.354922,23159.75,23600.0,23550,ATM+9,CALL,23100,2026-06-11
2026-06-11 10:14:00+05:30,28.15,28.6,26.45,26.85,120380,4111055,13.426315,23147.5,23600.0,23550,ATM+9,CALL,23100,2026-06-11
2026-06-11 10:15:00+05:30,26.8,28.0,26.7,27.6,98605,4114955,13.31307,23157.9,23600.0,23550,ATM+9,CALL,23100,2026-06-11
2026-06-11 10:16:00+05:30,27.8,28.65,27.6,27.9,100750,4117295,13.201999,23164.95,23600.0,23550,ATM+9,CALL,23100,2026-06-11
2026-06-11 10:17:00+05:30,27.9,29.4,27.85,29.15,198445,4120415,13.298704,23169.15,23600.0,23550,ATM+9,CALL,23100,2026-06-11
2026-06-11 10:18:00+05:30,29.2,30.0,28.15,29.75,178685,4079270,13.302037,23173.0,23600.0,23550,ATM+9,CALL,23100,2026-06-11
2026-06-11 10:19:00+05:30,23.7,24.2,23.4,24.05,94445,1633840,13.258637,23183.15,23650.0,23550,ATM+9,CALL,23100,2026-06-11
2026-06-11 10:20:00+05:30,24.2,25.6,23.5,25.6,152815,1626300,13.360887,23190.25,23650.0,23550,ATM+9,CALL,23100,2026-06-11
2026-06-11 10:21:00+05:30,25.15,25.6,23.65,23.9,118560,1608555,13.256939,23182.15,23650.0,23550,ATM+9,CALL,23100,2026-06-11
2026-06-11 10:22:00+05:30,24.0,24.45,23.85,24.1,36725,1619475,13.340221,23179.9,23650.0,23550,ATM+9,CALL,23100,2026-06-11
2026-06-11 10:23:00+05:30,24.05,24.9,24.0,24.15,58565,1619605,13.313841,23181.55,23650.0,23550,ATM+9,CALL,23100,2026-06-11
2026-06-11 10:24:00+05:30,24.25,24.4,23.5,24.1,45175,1621490,13.345359,23179.75,23650.0,23550,ATM+9,CALL,23100,2026-06-11
2026-06-11 10:25:00+05:30,24.25,24.25,23.4,23.5,78000,1621815,13.253446,23179.35,23650.0,23550,ATM+9,CALL,23100,2026-06-11
2026-06-11 10:26:00+05:30,23.6,25.25,23.4,25.05,94185,1595035,13.21321,23193.15,23650.0,23550,ATM+9,CALL,23100,2026-06-11
2026-06-11 10:27:00+05:30,25.0,27.1,24.8,27.1,219180,1583205,13.222966,23207.6,23650.0,23550,ATM+9,CALL,23100,2026-06-11
2026-06-11 10:28:00+05:30,27.0,27.25,25.1,25.75,163085,1606215,13.191393,23199.4,23650.0,23550,ATM+9,CALL,23100,2026-06-11
2026-06-11 10:29:00+05:30,25.65,26.65,25.5,26.0,83200,1599455,13.230313,23199.5,23650.0,23550,ATM+9,CALL,23100,2026-06-11
2026-06-11 10:30:00+05:30,26.1,26.85,24.2,24.55,125710,1565720,13.227456,23188.9,23650.0,23550,ATM+9,CALL,23100,2026-06-11
2026-06-11 10:31:00+05:30,24.45,25.25,23.85,25.0,90480,1559740,13.078199,23199.15,23650.0,23550,ATM+9,CALL,23100,2026-06-11
2026-06-11 10:32:00+05:30,25.1,26.15,24.45,25.65,53950,1563445,13.077524,23204.0,23650.0,23550,ATM+9,CALL,23100,2026-06-11
2026-06-11 10:33:00+05:30,25.55,25.65,24.35,25.15,45435,1563055,13.108874,23198.95,23650.0,23550,ATM+9,CALL,23100,2026-06-11
2026-06-11 10:34:00+05:30,25.05,25.4,24.8,25.05,33800,1573650,13.0529,23200.8,23650.0,23550,ATM+9,CALL,23100,2026-06-11
2026-06-11 10:35:00+05:30,25.2,26.15,25.05,25.15,50115,1576835,13.056889,23201.4,23650.0,23550,ATM+9,CALL,23100,2026-06-11
2026-06-11 10:36:00+05:30,25.0,25.15,24.35,24.85,75985,1580280,13.123026,23196.2,23650.0,23550,ATM+9,CALL,23100,2026-06-11
2026-06-11 10:37:00+05:30,24.9,25.35,24.25,24.55,47060,1584960,13.168603,23191.9,23650.0,23550,ATM+9,CALL,23100,2026-06-11
2026-06-11 10:38:00+05:30,25.0,25.55,24.55,25.45,36595,1583270,13.15894,23199.1,23650.0,23550,ATM+9,CALL,23100,2026-06-11
2026-06-11 10:39:00+05:30,25.8,26.6,25.2,26.05,54925,1584050,13.071664,23207.45,23650.0,23550,ATM+9,CALL,23100,2026-06-11
2026-06-11 10:40:00+05:30,25.95,26.6,25.5,26.6,62140,1589380,13.049508,23212.4,23650.0,23550,ATM+9,CALL,23100,2026-06-11
2026-06-11 10:41:00+05:30,26.55,26.6,25.3,25.3,75140,1588535,13.041637,23203.45,23650.0,23550,ATM+9,CALL,23100,2026-06-11
2026-06-11 10:42:00+05:30,25.5,26.0,24.9,25.95,70850,1584440,13.093989,23205.85,23650.0,23550,ATM+9,CALL,23100,2026-06-11
2026-06-11 10:43:00+05:30,25.9,26.25,25.3,25.55,59150,1564680,13.113647,23202.1,23650.0,23550,ATM+9,CALL,23100,2026-06-11
2026-06-11 10:44:00+05:30,25.5,25.95,25.0,25.65,60580,1564420,13.069933,23204.85,23650.0,23550,ATM+9,CALL,23100,2026-06-11
2026-06-11 10:45:00+05:30,25.4,25.65,24.55,25.35,71695,1563705,13.028077,23204.6,23650.0,23550,ATM+9,CALL,23100,2026-06-11
2026-06-11 10:46:00+05:30,25.4,26.0,24.9,24.95,32045,1560130,12.920222,23206.6,23650.0,23550,ATM+9,CALL,23100,2026-06-11
2026-06-11 10:47:00+05:30,24.95,25.8,24.9,25.8,23335,1571700,12.974931,23210.35,23650.0,23550,ATM+9,CALL,23100,2026-06-11
2026-06-11 10:48:00+05:30,25.75,26.2,24.65,25.2,53495,1572220,12.982372,23205.7,23650.0,23550,ATM+9,CALL,23100,2026-06-11
2026-06-11 10:49:00+05:30,25.15,25.2,24.0,24.0,49140,1571960,13.048203,23193.75,23650.0,23550,ATM+9,CALL,23100,2026-06-11
2026-06-11 10:50:00+05:30,23.95,24.1,22.95,23.0,93145,1566305,13.039716,23186.4,23650.0,23550,ATM+9,CALL,23100,2026-06-11
2026-06-11 10:51:00+05:30,23.2,24.6,23.0,23.7,44525,1565525,13.081355,23190.0,23650.0,23550,ATM+9,CALL,23100,2026-06-11
2026-06-11 10:52:00+05:30,23.75,24.35,23.2,23.4,23985,1565330,13.073932,23188.05,23650.0,23550,ATM+9,CALL,23100,2026-06-11
2026-06-11 10:53:00+05:30,29.45,29.6,27.65,27.75,202020,4547725,12.988675,23174.9,23600.0,23550,ATM+9,CALL,23100,2026-06-11
2026-06-11 10:54:00+05:30,27.85,28.45,27.25,27.95,100295,4532970,13.024803,23174.7,23600.0,23550,ATM+9,CALL,23100,2026-06-11
2026-06-11 10:55:00+05:30,27.8,28.15,27.2,27.7,87685,4534465,13.021361,23173.2,23600.0,23550,ATM+9,CALL,23100,2026-06-11
2026-06-11 10:56:00+05:30,21.85,22.5,21.6,22.3,33020,1583595,13.066415,23179.8,23650.0,23550,ATM+9,CALL,23100,2026-06-11
2026-06-11 10:57:00+05:30,22.2,22.4,21.5,21.9,38805,1592175,13.050805,23177.3,23650.0,23550,ATM+9,CALL,23100,2026-06-11
2026-06-11 10:58:00+05:30,21.75,22.2,21.3,21.5,43095,1587300,13.01624,23175.65,23650.0,23550,ATM+9,CALL,23100,2026-06-11
2026-06-11 10:59:00+05:30,21.5,22.25,20.9,22.25,55575,1607775,13.129988,23176.55,23650.0,23550,ATM+9,CALL,23100,2026-06-11
2026-06-11 11:00:00+05:30,27.8,28.55,26.65,26.8,121095,4567225,12.971042,23169.45,23600.0,23550,ATM+9,CALL,23100,2026-06-11
2026-06-11 11:01:00+05:30,26.65,27.75,26.4,26.8,183820,4580745,13.023655,23167.15,23600.0,23550,ATM+9,CALL,23100,2026-06-11
2026-06-11 11:02:00+05:30,27.05,27.25,26.55,26.65,158730,4586530,12.984224,23167.9,23600.0,23550,ATM+9,CALL,23100,2026-06-11
2026-06-11 11:03:00+05:30,20.9,22.25,20.7,22.25,24765,1600170,13.05032,23180.45,23650.0,23550,ATM+9,CALL,23100,2026-06-11
2026-06-11 11:04:00+05:30,22.3,22.85,21.85,22.05,125125,1605890,12.991785,23181.6,23650.0,23550,ATM+9,CALL,23100,2026-06-11
2026-06-11 11:05:00+05:30,22.25,23.9,22.05,23.7,71825,1614405,12.881263,23199.8,23650.0,23550,ATM+9,CALL,23100,2026-06-11
2026-06-11 11:06:00+05:30,23.7,24.15,22.8,24.0,94705,1608100,12.835891,23204.2,23650.0,23550,ATM+9,CALL,23100,2026-06-11
2026-06-11 11:07:00+05:30,24.15,24.45,22.4,22.4,59280,1617915,12.874038,23190.05,23650.0,23550,ATM+9,CALL,23100,2026-06-11
2026-06-11 11:08:00+05:30,22.5,23.5,22.15,22.75,72475,1624090,12.832492,23194.8,23650.0,23550,ATM+9,CALL,23100,2026-06-11
2026-06-11 11:09:00+05:30,22.65,22.75,21.3,22.35,65130,1640080,12.79198,23193.55,23650.0,23550,ATM+9,CALL,23100,2026-06-11
2026-06-11 11:10:00+05:30,22.1,22.45,21.55,22.4,35100,1646190,12.845605,23191.5,23650.0,23550,ATM+9,CALL,23100,2026-06-11
2026-06-11 11:11:00+05:30,22.05,22.55,21.65,21.95,100750,1683370,12.818165,23189.2,23650.0,23550,ATM+9,CALL,23100,2026-06-11
2026-06-11 11:12:00+05:30,21.95,22.2,21.3,21.9,31720,1690650,12.857501,23187.0,23650.0,23550,ATM+9,CALL,23100,2026-06-11
2026-06-11 11:13:00+05:30,21.9,22.5,21.7,22.05,81185,1695070,12.922011,23185.25,23650.0,23550,ATM+9,CALL,23100,2026-06-11
2026-06-11 11:14:00+05:30,22.05,22.55,21.5,21.95,25545,1692990,12.949369,23183.2,23650.0,23550,ATM+9,CALL,23100,2026-06-11
2026-06-11 11:15:00+05:30,21.85,22.6,21.65,22.25,43680,1692145,12.894216,23188.25,23650.0,23550,ATM+9,CALL,23100,2026-06-11
2026-06-11 11:16:00+05:30,22.3,22.6,21.8,22.35,12805,1692405,12.886619,23189.45,23650.0,23550,ATM+9,CALL,23100,2026-06-11
2026-06-11 11:17:00+05:30,22.05,22.95,21.65,22.5,51090,1672320,12.816414,23193.95,23650.0,23550,ATM+9,CALL,23100,2026-06-11
2026-06-11 11:18:00+05:30,22.6,23.8,22.3,23.65,58175,1683955,12.768172,23205.15,23650.0,23550,ATM+9,CALL,23100,2026-06-11
2026-06-11 11:19:00+05:30,23.85,24.3,23.15,23.35,48360,1682135,12.756175,23203.45,23650.0,23550,ATM+9,CALL,23100,2026-06-11
2026-06-11 11:20:00+05:30,23.35,24.55,22.95,24.4,54990,1695590,12.731048,23212.55,23650.0,23550,ATM+9,CALL,23100,2026-06-11
2026-06-11 11:21:00+05:30,24.5,25.8,24.25,25.75,109720,1693445,12.777039,23220.3,23650.0,23550,ATM+9,CALL,23100,2026-06-11
2026-06-11 11:22:00+05:30,25.5,25.75,24.55,24.6,99450,1687595,12.731212,23214.1,23650.0,23550,ATM+9,CALL,23100,2026-06-11
2026-06-11 11:23:00+05:30,24.45,25.8,24.35,24.5,126945,1683630,12.739051,23213.05,23650.0,23550,ATM+9,CALL,23100,2026-06-11
2026-06-11 11:24:00+05:30,24.5,25.3,24.0,25.3,73580,1681420,12.748271,23218.5,23650.0,23550,ATM+9,CALL,23100,2026-06-11
2026-06-11 11:25:00+05:30,25.15,25.9,24.95,25.0,94185,1683825,12.760991,23215.8,23650.0,23550,ATM+9,CALL,23100,2026-06-11
2026-06-11 11:26:00+05:30,19.25,20.8,19.25,20.8,209690,6269445,12.827819,23228.5,23700.0,23550,ATM+9,CALL,23100,2026-06-11
2026-06-11 11:27:00+05:30,20.7,22.15,20.7,21.9,349960,6253520,12.904292,23234.1,23700.0,23550,ATM+9,CALL,23100,2026-06-11
2026-06-11 11:28:00+05:30,22.0,22.0,20.9,21.45,249340,6227780,12.784838,23236.05,23700.0,23550,ATM+9,CALL,23100,2026-06-11
2026-06-11 11:29:00+05:30,21.1,21.55,20.4,21.5,150540,6224010,12.807314,23235.45,23700.0,23550,ATM+9,CALL,23100,2026-06-11
2026-06-11 11:30:00+05:30,21.4,22.25,20.8,20.85,214890,6203145,12.677454,23236.2,23700.0,23550,ATM+9,CALL,23100,2026-06-11
2026-06-11 11:31:00+05:30,21.0,21.45,19.9,20.2,194740,6211595,12.770447,23226.3,23700.0,23550,ATM+9,CALL,23100,2026-06-11
2026-06-11 11:32:00+05:30,20.15,20.25,19.5,20.0,138710,6212635,12.738064,23226.15,23700.0,23550,ATM+9,CALL,23100,2026-06-11
2026-06-11 11:33:00+05:30,20.0,21.3,20.0,20.9,196885,6254560,12.745243,23233.55,23700.0,23550,ATM+9,CALL,23100,2026-06-11
2026-06-11 11:34:00+05:30,20.85,20.9,19.7,19.75,141895,6273800,12.689917,23226.35,23700.0,23550,ATM+9,CALL,23100,2026-06-11
2026-06-11 11:35:00+05:30,19.85,20.95,19.35,20.8,127140,6287580,12.712305,23234.35,23700.0,23550,ATM+9,CALL,23100,2026-06-11
2026-06-11 11:36:00+05:30,27.0,27.05,25.0,25.0,50635,1691625,12.641236,23221.65,23650.0,23550,ATM+9,CALL,23100,2026-06-11
2026-06-11 11:37:00+05:30,25.3,25.6,25.0,25.0,62010,1684995,12.722106,23218.05,23650.0,23550,ATM+9,CALL,23100,2026-06-11
2026-06-11 11:38:00+05:30,24.95,25.35,24.4,24.4,56290,1683370,12.686865,23215.3,23650.0,23550,ATM+9,CALL,23100,2026-06-11
2026-06-11 11:39:00+05:30,24.25,25.1,23.85,25.05,102180,1698385,12.623063,23222.95,23650.0,23550,ATM+9,CALL,23100,2026-06-11
2026-06-11 11:40:00+05:30,25.05,25.6,24.75,24.9,62725,1715025,12.597743,23223.05,23650.0,23550,ATM+9,CALL,23100,2026-06-11
2026-06-11 11:41:00+05:30,19.2,20.2,19.05,20.1,121355,6293040,12.677299,23230.3,23700.0,23550,ATM+9,CALL,23100,2026-06-11
2026-06-11 11:42:00+05:30,20.0,22.1,20.0,21.9,276575,6254105,12.6933,23244.6,23700.0,23550,ATM+9,CALL,23100,2026-06-11
2026-06-11 11:43:00+05:30,21.9,21.95,21.1,21.5,263575,6171880,12.689986,23241.55,23700.0,23550,ATM+9,CALL,23100,2026-06-11
2026-06-11 11:44:00+05:30,21.35,23.05,21.35,23.05,363285,6139965,12.69461,23253.7,23700.0,23550,ATM+9,CALL,23100,2026-06-11
2026-06-11 11:45:00+05:30,23.15,24.0,22.7,23.1,359970,6089720,12.696311,23254.05,23700.0,23550,ATM+9,CALL,23100,2026-06-11
2026-06-11 11:46:00+05:30,23.1,23.8,22.9,23.8,205400,6111235,12.731971,23257.8,23700.0,23550,ATM+9,CALL,23100,2026-06-11
2026-06-11 11:47:00+05:30,23.9,25.75,23.15,25.55,645970,6157775,12.764881,23269.2,23700.0,23550,ATM+9,CALL,23100,2026-06-11
2026-06-11 11:48:00+05:30,25.7,25.9,23.85,24.8,322400,6248710,12.664685,23268.35,23700.0,23550,ATM+9,CALL,23100,2026-06-11
2026-06-11 11:49:00+05:30,24.65,24.8,23.85,24.55,347165,6265025,12.694836,23265.2,23700.0,23550,ATM+9,CALL,23100,2026-06-11
2026-06-11 11:50:00+05:30,24.7,25.75,24.55,25.5,187915,6252870,12.657234,23273.8,23700.0,23550,ATM+9,CALL,23100,2026-06-11
2026-06-11 11:51:00+05:30,25.5,25.95,25.05,25.05,207025,6241170,12.695401,23268.9,23700.0,23550,ATM+9,CALL,23100,2026-06-11
2026-06-11 11:52:00+05:30,25.1,25.5,24.5,25.45,135330,6224725,12.733544,23270.1,23700.0,23550,ATM+9,CALL,23100,2026-06-11
2026-06-11 11:53:00+05:30,25.4,25.5,24.85,25.15,91130,6224855,12.597695,23274.1,23700.0,23550,ATM+9,CALL,23100,2026-06-11
2026-06-11 11:54:00+05:30,25.45,26.5,24.85,25.25,163280,6213220,12.640116,23272.95,23700.0,23550,ATM+9,CALL,23100,2026-06-11
2026-06-11 11:55:00+05:30,25.5,26.4,25.25,25.55,124930,6203275,12.669731,23273.8,23700.0,23550,ATM+9,CALL,23100,2026-06-11
2026-06-11 11:56:00+05:30,19.95,22.8,19.7,22.2,353405,2436655,12.928619,23285.3,23750.0,23550,ATM+9,CALL,23100,2026-06-11
2026-06-11 11:57:00+05:30,22.05,22.25,21.25,21.75,197665,2431650,12.858697,23284.95,23750.0,23550,ATM+9,CALL,23100,2026-06-11
2026-06-11 11:58:00+05:30,21.6,22.7,21.45,21.8,187525,2387645,12.741241,23290.9,23750.0,23550,ATM+9,CALL,23100,2026-06-11
2026-06-11 11:59:00+05:30,21.85,21.9,20.9,21.0,88725,2362035,12.76662,23283.15,23750.0,23550,ATM+9,CALL,23100,2026-06-11
2026-06-11 12:00:00+05:30,21.25,22.0,20.9,21.05,166140,2266355,12.746727,23284.55,23750.0,23550,ATM+9,CALL,23100,2026-06-11
2026-06-11 12:01:00+05:30,21.0,22.25,20.95,22.0,56615,2268370,12.828998,23288.55,23750.0,23550,ATM+9,CALL,23100,2026-06-11
2026-06-11 12:02:00+05:30,21.9,22.25,21.3,21.5,48035,2274610,12.803521,23285.7,23750.0,23550,ATM+9,CALL,23100,2026-06-11
2026-06-11 12:03:00+05:30,21.5,22.3,21.25,22.1,48035,2270320,12.817101,23290.0,23750.0,23550,ATM+9,CALL,23100,2026-06-11
2026-06-11 12:04:00+05:30,22.0,22.1,21.1,21.25,165230,2168595,12.740092,23286.7,23750.0,23550,ATM+9,CALL,23100,2026-06-11
2026-06-11 12:05:00+05:30,21.4,21.65,19.9,20.4,114270,2157415,12.707013,23281.15,23750.0,23550,ATM+9,CALL,23100,2026-06-11
2026-06-11 12:06:00+05:30,20.6,21.15,19.95,20.85,68965,2143440,12.768575,23282.1,23750.0,23550,ATM+9,CALL,23100,2026-06-11
2026-06-11 12:07:00+05:30,20.95,22.1,20.85,22.05,72475,2143180,12.805707,23290.3,23750.0,23550,ATM+9,CALL,23100,2026-06-11
2026-06-11 12:08:00+05:30,22.0,22.1,20.7,21.15,63830,2140840,12.768603,23284.7,23750.0,23550,ATM+9,CALL,23100,2026-06-11
2026-06-11 12:09:00+05:30,21.2,21.35,20.6,20.6,51025,2159950,12.702288,23283.25,23750.0,23550,ATM+9,CALL,23100,2026-06-11
2026-06-11 12:10:00+05:30,20.7,20.8,20.15,20.45,143390,2183025,12.772264,23278.7,23750.0,23550,ATM+9,CALL,23100,2026-06-11
2026-06-11 12:11:00+05:30,20.35,20.55,19.55,19.8,91585,2191085,12.67912,23277.55,23750.0,23550,ATM+9,CALL,23100,2026-06-11
2026-06-11 12:12:00+05:30,20.0,20.15,19.45,20.15,45045,2203175,12.624001,23283.25,23750.0,23550,ATM+9,CALL,23100,2026-06-11
2026-06-11 12:13:00+05:30,20.4,20.65,19.7,20.45,32435,2204150,12.611408,23286.45,23750.0,23550,ATM+9,CALL,23100,2026-06-11
2026-06-11 12:14:00+05:30,20.25,20.8,19.65,20.8,69355,2204800,12.651506,23287.55,23750.0,23550,ATM+9,CALL,23100,2026-06-11
2026-06-11 12:15:00+05:30,20.85,22.8,20.8,22.3,181415,2181335,12.623752,23301.1,23750.0,23550,ATM+9,CALL,23100,2026-06-11
2026-06-11 12:16:00+05:30,22.7,22.8,21.15,22.45,178815,2141360,12.578897,23304.4,23750.0,23550,ATM+9,CALL,23100,2026-06-11
2026-06-11 12:17:00+05:30,22.4,23.05,21.15,21.3,103350,2138695,12.527209,23297.65,23750.0,23550,ATM+9,CALL,23100,2026-06-11
2026-06-11 12:18:00+05:30,21.25,21.45,20.7,21.0,45435,2136160,12.547043,23294.3,23750.0,23550,ATM+9,CALL,23100,2026-06-11
2026-06-11 12:19:00+05:30,20.85,21.0,20.35,20.4,45435,2136160,12.543386,23289.5,23750.0,23550,ATM+9,CALL,23100,2026-06-11
2026-06-11 12:20:00+05:30,20.35,20.6,19.55,19.55,119275,2143830,12.507322,23283.95,23750.0,23550,ATM+9,CALL,23100,2026-06-11
2026-06-11 12:21:00+05:30,19.8,20.05,19.3,19.9,44850,2124720,12.587872,23283.2,23750.0,23550,ATM+9,CALL,23100,2026-06-11
2026-06-11 12:22:00+05:30,19.95,20.65,19.85,20.3,33865,2125955,12.573637,23287.35,23750.0,23550,ATM+9,CALL,23100,2026-06-11
2026-06-11 12:23:00+05:30,20.2,21.2,19.95,20.95,65325,2120950,12.563002,23293.35,23750.0,23550,ATM+9,CALL,23100,2026-06-11
2026-06-11 12:24:00+05:30,20.8,20.95,20.1,20.75,52000,2114645,12.562565,23291.75,23750.0,23550,ATM+9,CALL,23100,2026-06-11
2026-06-11 12:25:00+05:30,20.8,20.8,19.95,20.3,37635,2122705,12.547821,23288.7,23750.0,23550,ATM+9,CALL,23100,2026-06-11
2026-06-11 12:26:00+05:30,20.3,21.45,20.3,20.7,29250,2128100,12.536386,23292.65,23750.0,23550,ATM+9,CALL,23100,2026-06-11
2026-06-11 12:27:00+05:30,20.65,21.3,20.65,21.1,33930,2124070,12.603729,23292.85,23750.0,23550,ATM+9,CALL,23100,2026-06-11
2026-06-11 12:28:00+05:30,21.1,22.0,20.6,21.75,44720,2118415,12.547702,23300.8,23750.0,23550,ATM+9,CALL,23100,2026-06-11
2026-06-11 12:29:00+05:30,21.4,22.15,21.3,21.6,54470,2112175,12.591365,23297.6,23750.0,23550,ATM+9,CALL,23100,2026-06-11
2026-06-11 12:30:00+05:30,21.55,23.4,21.55,22.75,193960,2130570,12.608799,23305.95,23750.0,23550,ATM+9,CALL,23100,2026-06-11
2026-06-11 12:31:00+05:30,22.5,24.1,22.1,23.9,214760,2149875,12.581243,23316.0,23750.0,23550,ATM+9,CALL,23100,2026-06-11
2026-06-11 12:32:00+05:30,23.95,24.95,23.8,24.45,131170,2199990,12.581268,23320.1,23750.0,23550,ATM+9,CALL,23100,2026-06-11
2026-06-11 12:33:00+05:30,24.55,24.55,23.8,24.2,87555,2174380,12.630982,23316.05,23750.0,23550,ATM+9,CALL,23100,2026-06-11
2026-06-11 12:34:00+05:30,24.0,24.3,23.15,24.05,194220,2168010,12.475202,23322.05,23750.0,23550,ATM+9,CALL,23100,2026-06-11
2026-06-11 12:35:00+05:30,24.4,25.0,21.3,22.1,593125,2061410,12.347344,23313.15,23750.0,23550,ATM+9,CALL,23100,2026-06-11
2026-06-11 12:36:00+05:30,22.15,22.45,21.3,21.65,53235,1776060,12.38708,23307.8,23750.0,23550,ATM+9,CALL,23100,2026-06-11
2026-06-11 12:37:00+05:30,21.65,22.0,20.7,21.0,98735,1791140,12.589877,23293.1,23750.0,23550,ATM+9,CALL,23100,2026-06-11
2026-06-11 12:38:00+05:30,21.2,21.5,20.3,20.5,70655,1792830,12.490457,23293.65,23750.0,23550,ATM+9,CALL,23100,2026-06-11
2026-06-11 12:39:00+05:30,20.45,21.95,20.4,21.75,57200,1788475,12.625419,23297.65,23750.0,23550,ATM+9,CALL,23100,2026-06-11
2026-06-11 12:40:00+05:30,21.8,21.95,21.15,21.25,72085,1799915,12.533987,23297.9,23750.0,23550,ATM+9,CALL,23100,2026-06-11
2026-06-11 12:41:00+05:30,21.4,21.8,20.9,21.05,58695,1834820,12.558607,23295.15,23750.0,23550,ATM+9,CALL,23100,2026-06-11
2026-06-11 12:42:00+05:30,21.2,21.7,20.6,21.15,54080,1845285,12.547173,23296.55,23750.0,23550,ATM+9,CALL,23100,2026-06-11
2026-06-11 12:43:00+05:30,21.05,21.4,20.0,20.9,50505,1835665,12.569158,23293.5,23750.0,23550,ATM+9,CALL,23100,2026-06-11
2026-06-11 12:44:00+05:30,20.9,21.65,20.8,21.25,78390,1828060,12.576141,23296.1,23750.0,23550,ATM+9,CALL,23100,2026-06-11
2026-06-11 12:45:00+05:30,21.3,21.5,20.8,21.35,35685,1825330,12.617029,23295.05,23750.0,23550,ATM+9,CALL,23100,2026-06-11
2026-06-11 12:46:00+05:30,21.75,22.85,21.35,22.25,65065,1822600,12.637076,23301.4,23750.0,23550,ATM+9,CALL,23100,2026-06-11
2026-06-11 12:47:00+05:30,22.15,22.6,20.85,21.1,56810,1818960,12.613443,23293.25,23750.0,23550,ATM+9,CALL,23100,2026-06-11
2026-06-11 12:48:00+05:30,21.3,21.3,20.25,20.25,40040,1838720,12.614724,23286.1,23750.0,23550,ATM+9,CALL,23100,2026-06-11
2026-06-11 12:49:00+05:30,20.5,20.55,18.95,19.0,95420,1837810,12.609459,23275.45,23750.0,23550,ATM+9,CALL,23100,2026-06-11
2026-06-11 12:50:00+05:30,19.1,20.4,18.9,20.35,66235,1855100,12.712858,23282.4,23750.0,23550,ATM+9,CALL,23100,2026-06-11
2026-06-11 12:51:00+05:30,20.65,21.2,19.95,20.0,58045,1846520,12.678724,23281.05,23750.0,23550,ATM+9,CALL,23100,2026-06-11
2026-06-11 12:52:00+05:30,20.05,20.15,19.6,19.95,21450,1836835,12.711579,23279.1,23750.0,23550,ATM+9,CALL,23100,2026-06-11
2026-06-11 12:53:00+05:30,20.25,20.85,19.95,20.5,26975,1833520,12.695044,23284.65,23750.0,23550,ATM+9,CALL,23100,2026-06-11
2026-06-11 12:54:00+05:30,20.2,20.6,20.2,20.6,5850,1836380,12.877979,23276.95,23750.0,23550,ATM+9,CALL,23100,2026-06-11
2026-06-11 12:55:00+05:30,20.6,20.6,20.6,20.6,0,1836380,12.877981,23276.95,23750.0,23550,ATM+9,CALL,23100,2026-06-11
2026-06-11 12:56:00+05:30,19.75,20.85,19.75,19.95,92690,1848600,12.634142,23282.95,23750.0,23550,ATM+9,CALL,23100,2026-06-11
2026-06-11 12:57:00+05:30,20.05,22.1,19.95,22.05,70135,1841905,12.664664,23299.0,23750.0,23550,ATM+9,CALL,23100,2026-06-11
2026-06-11 12:58:00+05:30,22.0,23.1,21.9,22.7,70135,1815840,12.672709,23303.8,23750.0,23550,ATM+9,CALL,23100,2026-06-11
2026-06-11 12:59:00+05:30,22.45,23.55,21.7,23.55,72410,1813695,12.719244,23308.25,23750.0,23550,ATM+9,CALL,23100,2026-06-11
2026-06-11 13:00:00+05:30,23.45,25.4,23.45,24.95,194740,1787565,12.597518,23324.15,23750.0,23550,ATM+9,CALL,23100,2026-06-11
2026-06-11 13:01:00+05:30,25.15,25.3,22.95,23.0,103285,1766245,12.501467,23314.1,23750.0,23550,ATM+9,CALL,23100,2026-06-11
2026-06-11 13:02:00+05:30,23.5,23.5,21.6,22.65,57395,1786330,12.603813,23306.75,23750.0,23550,ATM+9,CALL,23100,2026-06-11
2026-06-11 13:03:00+05:30,22.5,22.65,21.85,21.95,25675,1788865,12.541786,23304.15,23750.0,23550,ATM+9,CALL,23100,2026-06-11
2026-06-11 13:04:00+05:30,21.9,22.15,21.55,21.8,47125,1788085,12.571906,23301.6,23750.0,23550,ATM+9,CALL,23100,2026-06-11
2026-06-11 13:05:00+05:30,21.6,22.15,21.35,21.95,75075,1791920,12.574931,23302.7,23750.0,23550,ATM+9,CALL,23100,2026-06-11
2026-06-11 13:06:00+05:30,22.2,22.2,21.4,21.75,70005,1788865,12.567251,23301.5,23750.0,23550,ATM+9,CALL,23100,2026-06-11
2026-06-11 13:07:00+05:30,21.7,22.1,21.35,21.4,48555,1794325,12.560108,23299.05,23750.0,23550,ATM+9,CALL,23100,2026-06-11
2026-06-11 13:08:00+05:30,21.25,21.45,20.5,20.85,56680,1792570,12.61724,23291.9,23750.0,23550,ATM+9,CALL,23100,2026-06-11
2026-06-11 13:09:00+05:30,20.95,20.95,19.45,19.45,84955,1793740,12.602657,23280.65,23750.0,23550,ATM+9,CALL,23100,2026-06-11
2026-06-11 13:10:00+05:30,19.7,19.95,19.35,19.85,42510,1823120,12.638193,23282.5,23750.0,23550,ATM+9,CALL,23100,2026-06-11
2026-06-11 13:11:00+05:30,20.0,20.0,18.9,19.35,45760,1826695,12.621633,23278.95,23750.0,23550,ATM+9,CALL,23100,2026-06-11
2026-06-11 13:12:00+05:30,25.45,25.45,23.25,24.1,320060,6325280,12.648059,23267.45,23700.0,23550,ATM+9,CALL,23100,2026-06-11
2026-06-11 13:13:00+05:30,23.9,24.1,22.7,22.7,168870,6355115,12.572243,23260.35,23700.0,23550,ATM+9,CALL,23100,2026-06-11
2026-06-11 13:14:00+05:30,22.7,23.15,22.55,22.7,141960,6363175,12.592814,23259.45,23700.0,23550,ATM+9,CALL,23100,2026-06-11
2026-06-11 13:15:00+05:30,22.65,23.05,22.5,22.7,209560,6355375,12.57626,23260.25,23700.0,23550,ATM+9,CALL,23100,2026-06-11
2026-06-11 13:16:00+05:30,23.05,23.45,22.05,22.15,170170,6399250,12.593549,23255.2,23700.0,23550,ATM+9,CALL,23100,2026-06-11
2026-06-11 13:17:00+05:30,22.1,23.1,21.25,22.7,345670,6409975,12.512518,23263.25,23700.0,23550,ATM+9,CALL,23100,2026-06-11
2026-06-11 13:18:00+05:30,22.45,22.7,21.65,22.35,114465,6395285,12.661139,23253.75,23700.0,23550,ATM+9,CALL,23100,2026-06-11
2026-06-11 13:19:00+05:30,22.35,22.65,21.55,21.65,90090,6393400,12.533956,23254.1,23700.0,23550,ATM+9,CALL,23100,2026-06-11
2026-06-11 13:20:00+05:30,21.65,21.8,20.3,20.65,355615,6397885,12.439243,23250.4,23700.0,23550,ATM+9,CALL,23100,2026-06-11
2026-06-11 13:21:00+05:30,20.5,20.65,18.9,19.0,437580,6390995,12.38706,23238.8,23700.0,23550,ATM+9,CALL,23100,2026-06-11
2026-06-11 13:22:00+05:30,18.9,19.15,18.5,18.7,196300,6407505,12.549804,23228.4,23700.0,23550,ATM+9,CALL,23100,2026-06-11
2026-06-11 13:23:00+05:30,18.8,21.05,18.7,20.2,165230,6413095,12.502489,23243.8,23700.0,23550,ATM+9,CALL,23100,2026-06-11
2026-06-11 13:24:00+05:30,20.35,20.85,19.8,20.7,121680,6412120,12.689136,23239.3,23700.0,23550,ATM+9,CALL,23100,2026-06-11
2026-06-11 13:25:00+05:30,20.8,20.95,19.35,19.35,169455,6417060,12.581884,23232.8,23700.0,23550,ATM+9,CALL,23100,2026-06-11
2026-06-11 13:26:00+05:30,19.35,19.35,18.35,18.95,151905,6386055,12.669658,23225.1,23700.0,23550,ATM+9,CALL,23100,2026-06-11
2026-06-11 13:27:00+05:30,19.0,19.6,18.85,19.05,159705,6374615,12.574088,23230.6,23700.0,23550,ATM+9,CALL,23100,2026-06-11
2026-06-11 13:28:00+05:30,19.05,19.85,18.7,19.35,106405,6359860,12.56146,23233.9,23700.0,23550,ATM+9,CALL,23100,2026-06-11
2026-06-11 13:29:00+05:30,19.55,20.35,19.35,20.15,101530,6366165,12.518095,23242.9,23700.0,23550,ATM+9,CALL,23100,2026-06-11
2026-06-11 13:30:00+05:30,20.25,22.6,20.15,21.6,328380,6384105,12.461764,23257.5,23700.0,23550,ATM+9,CALL,23100,2026-06-11
2026-06-11 13:31:00+05:30,21.75,21.75,20.5,21.35,175760,6360120,12.436617,23256.7,23700.0,23550,ATM+9,CALL,23100,2026-06-11
2026-06-11 13:32:00+05:30,21.95,22.5,21.35,22.2,170755,6359990,12.45136,23262.8,23700.0,23550,ATM+9,CALL,23100,2026-06-11
2026-06-11 13:33:00+05:30,22.1,22.7,21.35,21.45,149825,6371560,12.411464,23258.75,23700.0,23550,ATM+9,CALL,23100,2026-06-11
2026-06-11 13:34:00+05:30,21.2,21.45,19.9,19.95,317265,6382935,12.470518,23243.65,23700.0,23550,ATM+9,CALL,23100,2026-06-11
2026-06-11 13:35:00+05:30,20.2,21.0,19.85,20.65,134810,6254820,12.482858,23249.0,23700.0,23550,ATM+9,CALL,23100,2026-06-11
2026-06-11 13:36:00+05:30,20.55,21.8,20.4,21.8,157300,6255990,12.527794,23256.3,23700.0,23550,ATM+9,CALL,23100,2026-06-11
2026-06-11 13:37:00+05:30,21.75,21.8,20.75,20.85,80405,6280365,12.475074,23251.1,23700.0,23550,ATM+9,CALL,23100,2026-06-11
2026-06-11 13:38:00+05:30,20.7,20.85,19.75,19.85,261170,6238895,12.482563,23242.4,23700.0,23550,ATM+9,CALL,23100,2026-06-11
2026-06-11 13:39:00+05:30,19.95,19.95,18.9,19.35,218465,6115655,12.596811,23232.7,23700.0,23550,ATM+9,CALL,23100,2026-06-11
2026-06-11 13:40:00+05:30,19.5,20.1,19.0,19.05,120055,6100380,12.540804,23232.75,23700.0,23550,ATM+9,CALL,23100,2026-06-11
2026-06-11 13:41:00+05:30,19.0,19.35,18.75,19.2,64285,6091475,12.638073,23229.5,23700.0,23550,ATM+9,CALL,23100,2026-06-11
2026-06-11 13:42:00+05:30,19.1,19.65,18.95,19.05,76310,6090175,12.606716,23229.7,23700.0,23550,ATM+9,CALL,23100,2026-06-11
2026-06-11 13:43:00+05:30,24.85,25.25,23.45,23.95,103480,1884610,12.636248,23219.45,23650.0,23550,ATM+9,CALL,23100,2026-06-11
2026-06-11 13:44:00+05:30,23.9,24.5,23.0,24.3,107770,1884805,12.595432,23223.9,23650.0,23550,ATM+9,CALL,23100,2026-06-11
2026-06-11 13:45:00+05:30,24.2,24.3,23.7,23.7,62660,1872325,12.559147,23221.15,23650.0,23550,ATM+9,CALL,23100,2026-06-11
2026-06-11 13:46:00+05:30,18.2,19.1,17.75,19.1,162045,6114095,12.661774,23227.7,23700.0,23550,ATM+9,CALL,23100,2026-06-11
2026-06-11 13:47:00+05:30,18.95,20.05,18.95,18.95,195780,6085430,12.528485,23232.75,23700.0,23550,ATM+9,CALL,23100,2026-06-11
2026-06-11 13:48:00+05:30,18.95,19.65,18.7,18.7,77025,6084390,12.499191,23231.95,23700.0,23550,ATM+9,CALL,23100,2026-06-11
2026-06-11 13:49:00+05:30,18.85,19.15,18.45,18.85,112775,6075355,12.561918,23230.35,23700.0,23550,ATM+9,CALL,23100,2026-06-11
2026-06-11 13:50:00+05:30,24.8,24.8,24.1,24.3,48685,1890850,12.594274,23224.2,23650.0,23550,ATM+9,CALL,23100,2026-06-11
2026-06-11 13:51:00+05:30,18.75,19.1,18.25,18.85,93340,6069440,12.650754,23226.2,23700.0,23550,ATM+9,CALL,23100,2026-06-11
2026-06-11 13:52:00+05:30,18.85,19.25,18.3,19.25,84110,6046820,12.648067,23229.95,23700.0,23550,ATM+9,CALL,23100,2026-06-11
2026-06-11 13:53:00+05:30,19.2,19.7,18.95,19.45,97760,6039995,12.561688,23235.85,23700.0,23550,ATM+9,CALL,23100,2026-06-11
2026-06-11 13:54:00+05:30,19.4,19.75,19.15,19.25,108355,6035965,12.554035,23234.5,23700.0,23550,ATM+9,CALL,23100,2026-06-11
2026-06-11 13:55:00+05:30,19.4,19.7,18.9,19.7,86190,6038370,12.606429,23236.0,23700.0,23550,ATM+9,CALL,23100,2026-06-11
2026-06-11 13:56:00+05:30,19.5,20.2,19.4,20.0,322400,6066710,12.570929,23240.3,23700.0,23550,ATM+9,CALL,23100,2026-06-11
2026-06-11 13:57:00+05:30,20.0,20.4,19.3,19.55,132210,5997420,12.510782,23239.3,23700.0,23550,ATM+9,CALL,23100,2026-06-11
2026-06-11 13:58:00+05:30,19.7,20.5,19.55,20.25,537680,6068985,12.452679,23248.05,23700.0,23550,ATM+9,CALL,23100,2026-06-11
2026-06-11 13:59:00+05:30,19.95,20.25,18.7,19.05,131755,6120010,12.552921,23233.0,23700.0,23550,ATM+9,CALL,23100,2026-06-11
2026-06-11 14:00:00+05:30,19.1,20.1,18.85,19.9,156390,6106490,12.558513,23240.2,23700.0,23550,ATM+9,CALL,23100,2026-06-11
2026-06-11 14:01:00+05:30,19.7,19.9,19.25,19.4,65065,6157320,12.559772,23235.85,23700.0,23550,ATM+9,CALL,23100,2026-06-11
2026-06-11 14:02:00+05:30,19.25,19.7,19.15,19.6,129285,6170320,12.662183,23232.8,23700.0,23550,ATM+9,CALL,23100,2026-06-11
2026-06-11 14:03:00+05:30,19.7,20.0,19.45,19.45,87620,6143540,12.5624,23236.25,23700.0,23550,ATM+9,CALL,23100,2026-06-11
2026-06-11 14:04:00+05:30,19.45,19.9,19.25,19.45,132535,6132230,12.561202,23236.35,23700.0,23550,ATM+9,CALL,23100,2026-06-11
2026-06-11 14:05:00+05:30,19.5,19.6,18.55,19.3,125645,6145620,12.6209,23232.25,23700.0,23550,ATM+9,CALL,23100,2026-06-11
2026-06-11 14:06:00+05:30,19.3,19.6,19.0,19.35,85995,6139055,12.618463,23232.85,23700.0,23550,ATM+9,CALL,23100,2026-06-11
2026-06-11 14:07:00+05:30,25.4,25.4,23.0,23.0,114140,1989325,12.488478,23220.0,23650.0,23550,ATM+9,CALL,23100,2026-06-11
2026-06-11 14:08:00+05:30,23.0,23.35,21.9,21.9,142025,1971580,12.521049,23210.05,23650.0,23550,ATM+9,CALL,23100,2026-06-11
2026-06-11 14:09:00+05:30,21.95,22.95,21.75,22.9,105625,1958385,12.636725,23212.6,23650.0,23550,ATM+9,CALL,23100,2026-06-11
2026-06-11 14:10:00+05:30,22.5,23.9,22.5,22.95,91910,1972555,12.602024,23214.6,23650.0,23550,ATM+9,CALL,23100,2026-06-11
2026-06-11 14:11:00+05:30,22.85,23.2,22.05,22.85,83395,1955525,12.619118,23213.1,23650.0,23550,ATM+9,CALL,23100,2026-06-11
2026-06-11 14:12:00+05:30,22.85,23.0,22.0,22.4,73905,1962805,12.602886,23210.4,23650.0,23550,ATM+9,CALL,23100,2026-06-11
2026-06-11 14:13:00+05:30,22.45,24.2,22.35,23.9,49660,1966900,12.571213,23223.25,23650.0,23550,ATM+9,CALL,23100,2026-06-11
2026-06-11 14:14:00+05:30,24.0,24.3,23.15,23.55,109980,1955590,12.591034,23219.8,23650.0,23550,ATM+9,CALL,23100,2026-06-11
2026-06-11 14:15:00+05:30,23.6,23.85,23.0,23.3,109005,1938755,12.652198,23215.2,23650.0,23550,ATM+9,CALL,23100,2026-06-11
2026-06-11 14:16:00+05:30,23.65,24.2,23.25,23.45,42510,1907100,12.653852,23216.3,23650.0,23550,ATM+9,CALL,23100,2026-06-11
2026-06-11 14:17:00+05:30,23.25,23.45,22.7,22.95,26325,1906970,12.616218,23214.25,23650.0,23550,ATM+9,CALL,23100,2026-06-11
2026-06-11 14:18:00+05:30,22.9,22.95,21.55,21.55,46865,1918995,12.514292,23208.0,23650.0,23550,ATM+9,CALL,23100,2026-06-11
2026-06-11 14:19:00+05:30,21.65,22.85,21.55,22.6,35295,1921010,12.502751,23216.8,23650.0,23550,ATM+9,CALL,23100,2026-06-11
2026-06-11 14:20:00+05:30,23.25,23.95,22.6,23.6,46865,1920555,12.533764,23223.0,23650.0,23550,ATM+9,CALL,23100,2026-06-11
2026-06-11 14:21:00+05:30,23.55,24.5,23.55,24.5,45175,1926860,12.75519,23219.75,23650.0,23550,ATM+9,CALL,23100,2026-06-11
2026-06-11 14:22:00+05:30,23.65,24.55,23.65,24.05,34645,1922050,12.676683,23220.0,23650.0,23550,ATM+9,CALL,23100,2026-06-11
2026-06-11 14:23:00+05:30,24.25,24.35,22.3,22.3,61100,1934855,12.621153,23209.25,23650.0,23550,ATM+9,CALL,23100,2026-06-11
2026-06-11 14:24:00+05:30,22.35,22.85,22.3,22.75,26000,1937130,12.761567,23206.4,23650.0,23550,ATM+9,CALL,23100,2026-06-11
2026-06-11 14:25:00+05:30,22.75,23.8,22.75,23.8,41210,1937585,12.714937,23216.55,23650.0,23550,ATM+9,CALL,23100,2026-06-11
2026-06-11 14:26:00+05:30,18.2,19.1,18.0,19.05,137085,6043180,12.745107,23225.05,23700.0,23550,ATM+9,CALL,23100,2026-06-11
2026-06-11 14:27:00+05:30,18.9,19.1,18.65,19.05,160745,6081855,12.718695,23226.35,23700.0,23550,ATM+9,CALL,23100,2026-06-11
2026-06-11 14:28:00+05:30,19.45,21.0,19.05,20.8,240825,6077110,12.503173,23251.55,23700.0,23550,ATM+9,CALL,23100,2026-06-11
2026-06-11 14:29:00+05:30,21.0,21.0,19.75,19.8,148395,6082375,12.546681,23241.15,23700.0,23550,ATM+9,CALL,23100,2026-06-11
2026-06-11 14:30:00+05:30,19.6,20.25,18.85,19.95,165035,6100575,12.483278,23245.45,23700.0,23550,ATM+9,CALL,23100,2026-06-11
2026-06-11 14:31:00+05:30,19.9,19.95,19.1,19.1,129805,6100575,12.441703,23240.1,23700.0,23550,ATM+9,CALL,23100,2026-06-11
2026-06-11 14:32:00+05:30,19.0,19.55,18.65,19.55,72540,6128590,12.454699,23243.45,23700.0,23550,ATM+9,CALL,23100,2026-06-11
2026-06-11 14:33:00+05:30,19.15,19.55,18.05,18.05,110045,6128785,12.477035,23229.05,23700.0,23550,ATM+9,CALL,23100,2026-06-11
2026-06-11 14:34:00+05:30,18.2,18.9,17.95,18.6,88335,6135675,12.527588,23231.7,23700.0,23550,ATM+9,CALL,23100,2026-06-11
2026-06-11 14:35:00+05:30,18.6,19.5,18.5,18.75,66820,6134050,12.440084,23237.25,23700.0,23550,ATM+9,CALL,23100,2026-06-11
2026-06-11 14:36:00+05:30,24.6,24.6,22.8,23.0,80275,1904760,12.66327,23213.3,23650.0,23550,ATM+9,CALL,23100,2026-06-11
2026-06-11 14:37:00+05:30,17.5,17.95,16.65,17.85,290745,6107530,12.504555,23226.05,23700.0,23550,ATM+9,CALL,23100,2026-06-11
2026-06-11 14:38:00+05:30,23.6,23.75,22.35,22.7,49595,1876485,12.501868,23218.4,23650.0,23550,ATM+9,CALL,23100,2026-06-11
2026-06-11 14:39:00+05:30,22.6,22.7,21.1,21.95,173680,1875640,12.403793,23217.1,23650.0,23550,ATM+9,CALL,23100,2026-06-11
2026-06-11 14:40:00+05:30,22.05,22.2,21.05,21.25,187200,1866670,12.476685,23208.25,23650.0,23550,ATM+9,CALL,23100,2026-06-11
2026-06-11 14:41:00+05:30,21.2,21.3,20.35,21.25,102310,1845220,12.356807,23213.8,23650.0,23550,ATM+9,CALL,23100,2026-06-11
2026-06-11 14:42:00+05:30,21.15,21.35,20.3,20.6,80860,1842620,12.311984,23210.65,23650.0,23550,ATM+9,CALL,23100,2026-06-11
2026-06-11 14:43:00+05:30,20.7,21.05,18.95,19.05,178425,1844765,12.318579,23197.3,23650.0,23550,ATM+9,CALL,23100,2026-06-11
2026-06-11 14:44:00+05:30,19.05,19.8,18.95,19.75,120965,1833390,12.386194,23200.2,23650.0,23550,ATM+9,CALL,23100,2026-06-11
2026-06-11 14:45:00+05:30,20.05,20.05,19.4,19.7,129090,1813110,12.441106,23197.25,23650.0,23550,ATM+9,CALL,23100,2026-06-11
2026-06-11 14:46:00+05:30,19.55,20.4,19.3,19.3,98800,1797575,12.480343,23192.0,23650.0,23550,ATM+9,CALL,23100,2026-06-11
2026-06-11 14:47:00+05:30,24.3,24.6,22.1,22.45,662480,5703555,12.524766,23167.1,23600.0,23550,ATM+9,CALL,23100,2026-06-11
2026-06-11 14:48:00+05:30,17.95,19.1,17.8,19.05,125905,1812980,12.682466,23180.35,23650.0,23550,ATM+9,CALL,23100,2026-06-11
2026-06-11 14:49:00+05:30,19.25,19.7,19.05,19.35,112775,1803945,12.468946,23193.1,23650.0,23550,ATM+9,CALL,23100,2026-06-11
2026-06-11 14:50:00+05:30,24.4,24.7,22.85,22.95,204880,5699980,12.48696,23172.75,23600.0,23550,ATM+9,CALL,23100,2026-06-11
2026-06-11 14:51:00+05:30,23.0,23.75,22.8,22.8,139165,5701085,12.470423,23172.4,23600.0,23550,ATM+9,CALL,23100,2026-06-11
2026-06-11 14:52:00+05:30,22.95,23.2,22.25,22.4,125840,5739305,12.43248,23171.1,23600.0,23550,ATM+9,CALL,23100,2026-06-11
2026-06-11 14:53:00+05:30,22.3,22.85,22.05,22.55,346060,5946135,12.394605,23174.0,23600.0,23550,ATM+9,CALL,23100,2026-06-11
2026-06-11 14:54:00+05:30,22.55,22.7,22.1,22.5,108810,5942300,12.438009,23171.7,23600.0,23550,ATM+9,CALL,23100,2026-06-11
2026-06-11 14:55:00+05:30,22.4,22.85,22.1,22.45,120445,5967780,12.410528,23172.6,23600.0,23550,ATM+9,CALL,23100,2026-06-11
2026-06-11 14:56:00+05:30,22.45,22.6,21.8,21.9,127270,5976035,12.367345,23170.35,23600.0,23550,ATM+9,CALL,23100,2026-06-11
2026-06-11 14:57:00+05:30,21.95,22.4,21.6,21.9,161135,5975320,12.459598,23166.2,23600.0,23550,ATM+9,CALL,23100,2026-06-11
2026-06-11 14:58:00+05:30,21.9,22.2,21.8,22.15,106925,5981300,12.3645,23172.5,23600.0,23550,ATM+9,CALL,23100,2026-06-11
2026-06-11 14:59:00+05:30,17.5,17.85,16.7,17.65,71825,1766180,12.493045,23177.05,23650.0,23550,ATM+9,CALL,23100,2026-06-11
2026-06-11 15:00:00+05:30,22.75,24.6,21.3,21.3,381615,6009510,12.624827,23154.0,23600.0,23550,ATM+9,CALL,23100,2026-06-11
2026-06-11 15:01:00+05:30,21.15,21.5,20.35,20.65,296660,6008990,12.528772,23153.15,23600.0,23550,ATM+9,CALL,23100,2026-06-11
2026-06-11 15:02:00+05:30,20.75,21.4,19.8,21.15,418990,6008340,12.495613,23158.8,23600.0,23550,ATM+9,CALL,23100,2026-06-11
2026-06-11 15:03:00+05:30,21.05,21.35,20.45,21.25,164905,6011785,12.526132,23158.25,23600.0,23550,ATM+9,CALL,23100,2026-06-11
2026-06-11 15:04:00+05:30,21.15,21.6,21.0,21.15,141960,6029010,12.797644,23145.0,23600.0,23550,ATM+9,CALL,23100,2026-06-11
2026-06-11 15:05:00+05:30,21.0,21.2,20.45,20.85,290940,6018935,12.689632,23147.55,23600.0,23550,ATM+9,CALL,23100,2026-06-11
2026-06-11 15:06:00+05:30,20.85,20.95,20.15,20.5,176475,6029270,12.804529,23139.35,23600.0,23550,ATM+9,CALL,23100,2026-06-11
2026-06-11 15:07:00+05:30,20.25,21.25,20.25,21.25,218725,6060405,12.750944,23148.1,23600.0,23550,ATM+9,CALL,23100,2026-06-11
2026-06-11 15:08:00+05:30,21.45,21.8,21.2,21.2,154180,6054685,12.996787,23136.4,23600.0,23550,ATM+9,CALL,23100,2026-06-11
2026-06-11 15:09:00+05:30,21.2,22.0,21.2,21.65,126490,6063265,12.916305,23143.85,23600.0,23550,ATM+9,CALL,23100,2026-06-11
2026-06-11 15:10:00+05:30,21.8,22.6,21.65,22.6,150475,6065605,12.910459,23151.75,23600.0,23550,ATM+9,CALL,23100,2026-06-11
2026-06-11 15:11:00+05:30,22.75,23.1,22.3,22.3,148395,6064110,13.027203,23144.1,23600.0,23550,ATM+9,CALL,23100,2026-06-11
2026-06-11 15:12:00+05:30,22.25,23.3,22.15,23.1,205140,6061770,13.002809,23151.55,23600.0,23550,ATM+9,CALL,23100,2026-06-11
2026-06-11 15:13:00+05:30,23.0,23.95,23.0,23.6,388375,6171620,12.860187,23161.85,23600.0,23550,ATM+9,CALL,23100,2026-06-11
2026-06-11 15:14:00+05:30,23.6,24.3,23.6,23.85,337285,6215040,12.814919,23165.8,23600.0,23550,ATM+9,CALL,23100,2026-06-11
2026-06-11 15:15:00+05:30,24.1,24.55,22.85,23.65,339625,6193720,12.769041,23166.4,23600.0,23550,ATM+9,CALL,23100,2026-06-11
2026-06-11 15:16:00+05:30,18.6,19.8,18.55,19.4,179920,1958450,12.770219,23180.55,23650.0,23550,ATM+9,CALL,23100,2026-06-11
2026-06-11 15:17:00+05:30,19.3,19.85,19.3,19.6,103285,1969695,12.77984,23181.9,23650.0,23550,ATM+9,CALL,23100,2026-06-11
2026-06-11 15:18:00+05:30,19.65,20.1,19.5,19.5,115440,1971385,12.778068,23181.15,23650.0,23550,ATM+9,CALL,23100,2026-06-11
2026-06-11 15:19:00+05:30,24.75,24.8,23.9,24.05,223275,6190925,12.714051,23172.0,23600.0,23550,ATM+9,CALL,23100,2026-06-11
2026-06-11 15:20:00+05:30,18.85,19.45,18.55,18.55,114335,1995305,12.662596,23178.2,23650.0,23550,ATM+9,CALL,23100,2026-06-11
2026-06-11 15:21:00+05:30,18.65,19.8,18.55,18.8,151905,1990755,12.744025,23176.65,23650.0,23550,ATM+9,CALL,23100,2026-06-11
2026-06-11 15:22:00+05:30,23.6,24.75,23.45,23.55,288665,6218030,12.680758,23169.9,23600.0,23550,ATM+9,CALL,23100,2026-06-11
2026-06-11 15:23:00+05:30,23.35,24.0,23.25,23.6,246675,6257485,12.667695,23170.9,23600.0,23550,ATM+9,CALL,23100,2026-06-11
2026-06-11 15:24:00+05:30,23.55,24.15,23.55,24.0,264030,6327750,12.674574,23173.6,23600.0,23550,ATM+9,CALL,23100,2026-06-11
2026-06-11 15:25:00+05:30,23.9,25.05,23.75,24.95,351130,6353815,12.813329,23174.4,23600.0,23550,ATM+9,CALL,23100,2026-06-11
2026-06-11 15:26:00+05:30,19.35,20.0,18.95,19.8,178880,2097550,12.938555,23176.6,23650.0,23550,ATM+9,CALL,23100,2026-06-11
2026-06-11 15:27:00+05:30,19.6,19.9,19.3,19.7,106600,2107235,12.867573,23179.1,23650.0,23550,ATM+9,CALL,23100,2026-06-11
2026-06-11 15:28:00+05:30,19.75,20.1,19.55,20.0,111475,2113670,12.90406,23180.05,23650.0,23550,ATM+9,CALL,23100,2026-06-11
2026-06-11 15:29:00+05:30,19.95,20.15,19.8,19.95,179205,2112435,12.756745,23186.55,23650.0,23550,ATM+9,CALL,23100,2026-06-11
2026-06-11 09:15:00+05:30,459.4,472.65,444.85,460.8,9295,153725,16.569301,23104.4,23550.0,23550,ATM+9,PUT,23100,2026-06-11
2026-06-11 09:16:00+05:30,465.0,488.35,460.8,488.35,3640,153790,17.816351,23082.3,23550.0,23550,ATM+9,PUT,23100,2026-06-11
2026-06-11 09:17:00+05:30,488.6,496.55,488.35,488.9,3575,153530,18.906679,23092.9,23550.0,23550,ATM+9,PUT,23100,2026-06-11
2026-06-11 09:18:00+05:30,478.5,488.9,467.55,475.1,1300,153595,17.925685,23100.1,23550.0,23550,ATM+9,PUT,23100,2026-06-11
2026-06-11 09:19:00+05:30,472.8,475.1,462.15,462.15,1625,153790,17.853164,23115.85,23550.0,23550,ATM+9,PUT,23100,2026-06-11
2026-06-11 09:20:00+05:30,509.25,514.5,494.3,495.8,8385,621400,18.34958,23128.6,23600.0,23550,ATM+9,PUT,23100,2026-06-11
2026-06-11 09:21:00+05:30,495.4,497.9,482.0,485.85,11635,623155,18.469558,23142.45,23600.0,23550,ATM+9,PUT,23100,2026-06-11
2026-06-11 09:22:00+05:30,487.0,492.95,479.45,484.0,8905,623415,18.289539,23142.9,23600.0,23550,ATM+9,PUT,23100,2026-06-11
2026-06-11 09:23:00+05:30,484.35,490.0,478.6,490.0,6760,626795,18.286237,23135.25,23600.0,23550,ATM+9,PUT,23100,2026-06-11
2026-06-11 09:24:00+05:30,449.0,462.0,443.05,459.6,3055,154700,17.640766,23116.8,23550.0,23550,ATM+9,PUT,23100,2026-06-11
2026-06-11 09:25:00+05:30,462.0,465.0,457.25,463.05,2340,155285,17.316021,23109.0,23550.0,23550,ATM+9,PUT,23100,2026-06-11
2026-06-11 09:26:00+05:30,464.95,467.55,459.4,464.7,2665,156065,17.373635,23107.5,23550.0,23550,ATM+9,PUT,23100,2026-06-11
2026-06-11 09:27:00+05:30,461.5,476.75,461.5,468.5,2145,156650,17.250332,23101.45,23550.0,23550,ATM+9,PUT,23100,2026-06-11
2026-06-11 09:28:00+05:30,469.35,469.35,455.3,456.25,2340,155675,17.315557,23117.6,23550.0,23550,ATM+9,PUT,23100,2026-06-11
2026-06-11 09:29:00+05:30,456.3,457.95,448.85,455.3,2990,156130,17.606171,23121.9,23550.0,23550,ATM+9,PUT,23100,2026-06-11
2026-06-11 09:30:00+05:30,453.5,467.95,453.5,467.7,2210,156585,18.011224,23110.35,23550.0,23550,ATM+9,PUT,23100,2026-06-11
2026-06-11 09:31:00+05:30,467.65,472.5,459.8,459.8,1235,156065,17.67895,23116.9,23550.0,23550,ATM+9,PUT,23100,2026-06-11
2026-06-11 09:32:00+05:30,454.4,459.8,449.95,458.85,6305,155675,17.28501,23113.95,23550.0,23550,ATM+9,PUT,23100,2026-06-11
2026-06-11 09:33:00+05:30,466.35,479.85,458.85,479.85,325,157430,18.648369,23101.6,23550.0,23550,ATM+9,PUT,23100,2026-06-11
2026-06-11 09:34:00+05:30,475.6,479.85,466.5,467.75,1365,156585,17.954579,23109.65,23550.0,23550,ATM+9,PUT,23100,2026-06-11
2026-06-11 09:35:00+05:30,470.65,480.0,467.75,480.0,390,156780,18.232007,23096.95,23550.0,23550,ATM+9,PUT,23100,2026-06-11
2026-06-11 09:36:00+05:30,479.25,480.0,466.95,466.95,1170,156585,18.112038,23112.35,23550.0,23550,ATM+9,PUT,23100,2026-06-11
2026-06-11 09:37:00+05:30,465.0,467.05,459.5,459.5,520,156455,17.874903,23119.35,23550.0,23550,ATM+9,PUT,23100,2026-06-11
2026-06-11 09:38:00+05:30,501.5,505.0,491.1,495.9,14625,619710,18.50682,23129.95,23600.0,23550,ATM+9,PUT,23100,2026-06-11
2026-06-11 09:39:00+05:30,494.35,495.9,485.85,491.1,13455,628615,18.149796,23132.35,23600.0,23550,ATM+9,PUT,23100,2026-06-11
2026-06-11 09:40:00+05:30,445.25,454.75,444.3,449.7,910,155025,16.729653,23119.75,23550.0,23550,ATM+9,PUT,23100,2026-06-11
2026-06-11 09:41:00+05:30,455.8,459.25,449.7,455.95,1235,155675,17.547719,23120.35,23550.0,23550,ATM+9,PUT,23100,2026-06-11
2026-06-11 09:42:00+05:30,457.4,463.35,455.8,461.5,1105,156195,18.17379,23120.0,23550.0,23550,ATM+9,PUT,23100,2026-06-11
2026-06-11 09:43:00+05:30,499.3,504.05,479.65,480.65,6565,627835,17.738239,23141.3,23600.0,23550,ATM+9,PUT,23100,2026-06-11
2026-06-11 09:44:00+05:30,478.35,482.5,476.35,479.3,4550,627315,17.861419,23144.25,23600.0,23550,ATM+9,PUT,23100,2026-06-11
2026-06-11 09:45:00+05:30,478.4,486.0,472.95,476.9,6435,627445,17.70295,23145.65,23600.0,23550,ATM+9,PUT,23100,2026-06-11
2026-06-11 09:46:00+05:30,476.9,481.3,472.0,472.05,2990,627640,17.959044,23154.45,23600.0,23550,ATM+9,PUT,23100,2026-06-11
2026-06-11 09:47:00+05:30,471.55,480.0,471.55,480.0,5460,626925,18.467826,23149.7,23600.0,23550,ATM+9,PUT,23100,2026-06-11
2026-06-11 09:48:00+05:30,478.05,487.0,477.6,487.0,7215,627185,18.538499,23141.5,23600.0,23550,ATM+9,PUT,23100,2026-06-11
2026-06-11 09:49:00+05:30,475.3,487.0,474.4,475.0,845,630110,18.207639,23153.3,23600.0,23550,ATM+9,PUT,23100,2026-06-11
2026-06-11 09:50:00+05:30,475.75,482.15,462.0,462.65,6825,629850,17.627669,23162.9,23600.0,23550,ATM+9,PUT,23100,2026-06-11
2026-06-11 09:51:00+05:30,468.15,468.15,459.25,460.85,7150,629785,17.843041,23167.5,23600.0,23550,ATM+9,PUT,23100,2026-06-11
2026-06-11 09:52:00+05:30,460.85,468.0,460.85,462.2,4420,628290,18.303017,23170.8,23600.0,23550,ATM+9,PUT,23100,2026-06-11
2026-06-11 09:53:00+05:30,458.95,464.4,457.95,459.9,5200,629330,18.170562,23172.3,23600.0,23550,ATM+9,PUT,23100,2026-06-11
2026-06-11 09:54:00+05:30,462.0,475.85,459.9,475.0,2665,629980,18.121899,23152.35,23600.0,23550,ATM+9,PUT,23100,2026-06-11
2026-06-11 09:55:00+05:30,472.85,485.0,472.85,480.0,13975,628875,17.719953,23141.85,23600.0,23550,ATM+9,PUT,23100,2026-06-11
2026-06-11 09:56:00+05:30,480.0,485.0,474.0,485.0,11895,623935,18.205644,23140.5,23600.0,23550,ATM+9,PUT,23100,2026-06-11
2026-06-11 09:57:00+05:30,486.0,495.4,484.4,492.4,10075,620555,18.205586,23131.15,23600.0,23550,ATM+9,PUT,23100,2026-06-11
2026-06-11 09:58:00+05:30,449.9,459.2,447.75,459.15,910,157755,17.410932,23114.7,23550.0,23550,ATM+9,PUT,23100,2026-06-11
2026-06-11 09:59:00+05:30,459.55,460.95,456.95,460.95,715,157300,17.901242,23117.6,23550.0,23550,ATM+9,PUT,23100,2026-06-11
2026-06-11 10:00:00+05:30,503.15,503.15,491.35,491.8,1625,609635,18.038392,23130.2,23600.0,23550,ATM+9,PUT,23100,2026-06-11
2026-06-11 10:01:00+05:30,491.6,493.6,488.65,492.7,2795,609570,18.378175,23132.5,23600.0,23550,ATM+9,PUT,23100,2026-06-11
2026-06-11 10:02:00+05:30,452.25,457.25,448.7,457.25,1885,157365,17.952734,23122.9,23550.0,23550,ATM+9,PUT,23100,2026-06-11
2026-06-11 10:03:00+05:30,453.75,460.2,453.75,460.2,130,157105,18.113929,23120.85,23550.0,23550,ATM+9,PUT,23100,2026-06-11
2026-06-11 10:04:00+05:30,456.1,468.5,456.1,468.5,1365,157170,17.962747,23108.55,23550.0,23550,ATM+9,PUT,23100,2026-06-11
2026-06-11 10:05:00+05:30,466.8,471.85,464.45,464.45,910,157495,17.805674,23112.05,23550.0,23550,ATM+9,PUT,23100,2026-06-11
2026-06-11 10:06:00+05:30,506.05,507.0,484.0,485.2,3900,608595,17.924389,23137.3,23600.0,23550,ATM+9,PUT,23100,2026-06-11
2026-06-11 10:07:00+05:30,490.0,490.0,475.0,475.0,2145,607880,17.693816,23147.8,23600.0,23550,ATM+9,PUT,23100,2026-06-11
2026-06-11 10:08:00+05:30,477.6,477.6,465.0,465.5,4810,607425,17.411663,23156.9,23600.0,23550,ATM+9,PUT,23100,2026-06-11
2026-06-11 10:09:00+05:30,465.25,467.15,463.05,467.15,4160,607750,17.619226,23156.95,23600.0,23550,ATM+9,PUT,23100,2026-06-11
2026-06-11 10:10:00+05:30,470.0,470.0,458.15,467.1,2665,608790,17.742994,23158.3,23600.0,23550,ATM+9,PUT,23100,2026-06-11
2026-06-11 10:11:00+05:30,465.0,467.1,460.0,461.85,2600,609310,17.555021,23163.0,23600.0,23550,ATM+9,PUT,23100,2026-06-11
2026-06-11 10:12:00+05:30,462.2,464.2,460.0,463.0,1040,609375,17.080228,23156.65,23600.0,23550,ATM+9,PUT,23100,2026-06-11
2026-06-11 10:13:00+05:30,467.9,468.8,463.0,463.95,975,609245,17.50081,23159.75,23600.0,23550,ATM+9,PUT,23100,2026-06-11
2026-06-11 10:14:00+05:30,463.95,477.1,462.35,477.1,2925,609830,17.927793,23147.5,23600.0,23550,ATM+9,PUT,23100,2026-06-11
2026-06-11 10:15:00+05:30,475.2,477.1,464.6,465.35,2990,609440,17.494926,23157.9,23600.0,23550,ATM+9,PUT,23100,2026-06-11
2026-06-11 10:16:00+05:30,463.0,465.35,455.9,460.85,3380,608595,17.622478,23164.95,23600.0,23550,ATM+9,PUT,23100,2026-06-11
2026-06-11 10:17:00+05:30,459.0,460.85,453.35,453.35,2535,608270,17.11418,23169.15,23600.0,23550,ATM+9,PUT,23100,2026-06-11
2026-06-11 10:18:00+05:30,455.35,460.0,447.9,447.9,2990,608400,16.819922,23173.0,23600.0,23550,ATM+9,PUT,23100,2026-06-11
2026-06-11 10:19:00+05:30,490.5,499.7,486.25,486.25,520,194155,17.618575,23183.15,23650.0,23550,ATM+9,PUT,23100,2026-06-11
2026-06-11 10:20:00+05:30,486.4,489.6,480.5,480.5,910,194220,17.609917,23190.25,23650.0,23550,ATM+9,PUT,23100,2026-06-11
2026-06-11 10:21:00+05:30,481.95,491.95,480.5,490.95,455,194545,18.109736,23182.15,23650.0,23550,ATM+9,PUT,23100,2026-06-11
2026-06-11 10:22:00+05:30,490.95,490.95,490.95,490.95,0,194545,17.885743,23179.9,23650.0,23550,ATM+9,PUT,23100,2026-06-11
2026-06-11 10:23:00+05:30,490.95,491.85,489.15,489.15,260,194350,17.82584,23181.55,23650.0,23550,ATM+9,PUT,23100,2026-06-11
2026-06-11 10:24:00+05:30,489.15,489.15,489.15,489.15,0,194350,17.643817,23179.75,23650.0,23550,ATM+9,PUT,23100,2026-06-11
2026-06-11 10:25:00+05:30,493.8,493.8,489.15,492.45,260,194285,18.021215,23179.35,23650.0,23550,ATM+9,PUT,23100,2026-06-11
2026-06-11 10:26:00+05:30,481.0,492.45,481.0,481.0,65,194155,17.961861,23193.15,23650.0,23550,ATM+9,PUT,23100,2026-06-11
2026-06-11 10:27:00+05:30,471.35,481.0,465.0,465.0,1170,193830,17.401055,23207.6,23650.0,23550,ATM+9,PUT,23100,2026-06-11
2026-06-11 10:28:00+05:30,466.9,478.1,465.0,474.0,455,193830,17.710584,23199.4,23650.0,23550,ATM+9,PUT,23100,2026-06-11
2026-06-11 10:29:00+05:30,475.05,475.05,473.0,473.0,520,193960,17.597861,23199.5,23650.0,23550,ATM+9,PUT,23100,2026-06-11
2026-06-11 10:30:00+05:30,477.25,483.55,473.0,483.55,260,193570,17.863171,23188.9,23650.0,23550,ATM+9,PUT,23100,2026-06-11
2026-06-11 10:31:00+05:30,485.05,486.45,476.15,476.15,910,192855,17.951667,23199.15,23650.0,23550,ATM+9,PUT,23100,2026-06-11
2026-06-11 10:32:00+05:30,474.15,476.15,469.25,469.25,455,192725,17.576709,23204.0,23650.0,23550,ATM+9,PUT,23100,2026-06-11
2026-06-11 10:33:00+05:30,473.4,473.4,469.25,473.4,130,192725,17.596136,23198.95,23650.0,23550,ATM+9,PUT,23100,2026-06-11
2026-06-11 10:34:00+05:30,473.4,473.4,473.4,473.4,0,192725,17.776856,23200.8,23650.0,23550,ATM+9,PUT,23100,2026-06-11
2026-06-11 10:35:00+05:30,475.25,475.25,470.0,470.0,260,192660,17.417248,23201.4,23650.0,23550,ATM+9,PUT,23100,2026-06-11
2026-06-11 10:36:00+05:30,482.15,483.95,470.0,481.15,260,192725,18.280763,23196.2,23650.0,23550,ATM+9,PUT,23100,2026-06-11
2026-06-11 10:37:00+05:30,480.85,485.15,480.85,485.15,260,192725,18.356654,23191.9,23650.0,23550,ATM+9,PUT,23100,2026-06-11
2026-06-11 10:38:00+05:30,479.25,485.15,475.55,475.55,1105,193050,17.878549,23199.1,23650.0,23550,ATM+9,PUT,23100,2026-06-11
2026-06-11 10:39:00+05:30,474.45,475.9,468.8,468.8,585,192985,17.85747,23207.45,23650.0,23550,ATM+9,PUT,23100,2026-06-11
2026-06-11 10:40:00+05:30,466.0,468.8,464.6,464.85,650,192855,17.84943,23212.4,23650.0,23550,ATM+9,PUT,23100,2026-06-11
2026-06-11 10:41:00+05:30,465.25,468.75,464.2,468.75,1495,192855,17.467776,23203.45,23650.0,23550,ATM+9,PUT,23100,2026-06-11
2026-06-11 10:42:00+05:30,474.4,477.9,468.75,474.1,390,192530,18.345279,23205.85,23650.0,23550,ATM+9,PUT,23100,2026-06-11
2026-06-11 10:43:00+05:30,472.55,475.25,471.45,475.25,325,192595,18.132431,23202.1,23650.0,23550,ATM+9,PUT,23100,2026-06-11
2026-06-11 10:44:00+05:30,478.75,478.75,475.25,477.4,325,192595,18.646036,23204.85,23650.0,23550,ATM+9,PUT,23100,2026-06-11
2026-06-11 10:45:00+05:30,475.0,479.25,475.0,479.25,130,192595,18.841964,23204.6,23650.0,23550,ATM+9,PUT,23100,2026-06-11
2026-06-11 10:46:00+05:30,471.5,479.25,469.2,474.95,195,192660,18.518525,23206.6,23650.0,23550,ATM+9,PUT,23100,2026-06-11
2026-06-11 10:47:00+05:30,473.3,474.95,473.3,473.3,130,192660,18.667108,23210.35,23650.0,23550,ATM+9,PUT,23100,2026-06-11
2026-06-11 10:48:00+05:30,466.0,475.95,465.25,475.95,325,192270,18.555687,23205.7,23650.0,23550,ATM+9,PUT,23100,2026-06-11
2026-06-11 10:49:00+05:30,477.6,477.6,475.95,477.6,65,192270,17.615549,23193.75,23650.0,23550,ATM+9,PUT,23100,2026-06-11
2026-06-11 10:50:00+05:30,486.15,486.15,477.6,486.15,260,192205,17.953304,23186.4,23650.0,23550,ATM+9,PUT,23100,2026-06-11
2026-06-11 10:51:00+05:30,481.05,486.15,481.05,481.05,130,192205,17.674781,23190.0,23650.0,23550,ATM+9,PUT,23100,2026-06-11
2026-06-11 10:52:00+05:30,481.05,481.05,481.05,481.05,0,192205,17.478952,23188.05,23650.0,23550,ATM+9,PUT,23100,2026-06-11
2026-06-11 10:53:00+05:30,440.75,451.9,439.0,449.0,8255,619840,17.158871,23174.9,23600.0,23550,ATM+9,PUT,23100,2026-06-11
2026-06-11 10:54:00+05:30,450.1,453.65,446.6,449.7,6630,615745,17.225225,23174.7,23600.0,23550,ATM+9,PUT,23100,2026-06-11
2026-06-11 10:55:00+05:30,451.0,454.9,448.8,449.45,3055,614380,17.052583,23173.2,23600.0,23550,ATM+9,PUT,23100,2026-06-11
2026-06-11 10:56:00+05:30,494.65,494.65,494.25,494.65,65,192010,18.36274,23179.8,23650.0,23550,ATM+9,PUT,23100,2026-06-11
2026-06-11 10:57:00+05:30,494.65,494.65,494.65,494.65,0,192010,18.114487,23177.3,23650.0,23550,ATM+9,PUT,23100,2026-06-11
2026-06-11 10:58:00+05:30,491.0,494.65,491.0,491.0,65,192010,17.479324,23175.65,23650.0,23550,ATM+9,PUT,23100,2026-06-11
2026-06-11 10:59:00+05:30,493.0,493.0,490.0,490.0,585,192010,17.444593,23176.55,23650.0,23550,ATM+9,PUT,23100,2026-06-11
2026-06-11 11:00:00+05:30,444.85,456.0,442.9,456.0,1430,613015,17.49335,23169.45,23600.0,23550,ATM+9,PUT,23100,2026-06-11
2026-06-11 11:01:00+05:30,458.35,458.35,450.0,455.0,5200,614380,17.15207,23167.15,23600.0,23550,ATM+9,PUT,23100,2026-06-11
2026-06-11 11:02:00+05:30,458.75,458.75,452.0,453.25,2340,613340,17.01032,23167.9,23600.0,23550,ATM+9,PUT,23100,2026-06-11
2026-06-11 11:03:00+05:30,492.8,496.35,492.8,492.8,65,192010,18.201689,23180.45,23650.0,23550,ATM+9,PUT,23100,2026-06-11
2026-06-11 11:04:00+05:30,484.35,492.8,484.35,489.9,455,191880,17.953596,23181.6,23650.0,23550,ATM+9,PUT,23100,2026-06-11
2026-06-11 11:05:00+05:30,483.7,489.9,469.45,469.6,650,191945,17.228062,23199.8,23650.0,23550,ATM+9,PUT,23100,2026-06-11
2026-06-11 11:06:00+05:30,470.0,475.75,466.45,468.85,455,191815,17.570285,23204.2,23650.0,23550,ATM+9,PUT,23100,2026-06-11
2026-06-11 11:07:00+05:30,471.9,479.55,468.85,479.55,130,191815,17.501685,23190.05,23650.0,23550,ATM+9,PUT,23100,2026-06-11
2026-06-11 11:08:00+05:30,482.1,482.1,471.8,475.1,845,192010,17.419835,23194.8,23650.0,23550,ATM+9,PUT,23100,2026-06-11
2026-06-11 11:09:00+05:30,478.55,489.0,475.1,476.75,1430,192010,17.502562,23193.55,23650.0,23550,ATM+9,PUT,23100,2026-06-11
2026-06-11 11:10:00+05:30,476.75,476.75,476.75,476.75,0,192010,17.295739,23191.5,23650.0,23550,ATM+9,PUT,23100,2026-06-11
2026-06-11 11:11:00+05:30,480.0,480.0,476.75,480.0,65,192075,17.475161,23189.2,23650.0,23550,ATM+9,PUT,23100,2026-06-11
2026-06-11 11:12:00+05:30,482.3,482.3,480.0,482.3,65,192075,17.544089,23187.0,23650.0,23550,ATM+9,PUT,23100,2026-06-11
2026-06-11 11:13:00+05:30,477.0,483.2,477.0,483.2,520,192075,17.48059,23185.25,23650.0,23550,ATM+9,PUT,23100,2026-06-11
2026-06-11 11:14:00+05:30,483.2,483.2,483.2,483.2,0,192075,17.269007,23183.2,23650.0,23550,ATM+9,PUT,23100,2026-06-11
2026-06-11 11:15:00+05:30,483.0,483.2,483.0,483.0,130,192010,17.760775,23188.25,23650.0,23550,ATM+9,PUT,23100,2026-06-11
2026-06-11 11:16:00+05:30,480.5,483.0,480.5,480.55,130,191945,17.573467,23189.45,23650.0,23550,ATM+9,PUT,23100,2026-06-11
2026-06-11 11:17:00+05:30,477.0,480.55,477.0,477.0,65,191945,17.579387,23193.95,23650.0,23550,ATM+9,PUT,23100,2026-06-11
2026-06-11 11:18:00+05:30,470.0,477.0,468.0,468.0,390,192140,17.566371,23205.15,23650.0,23550,ATM+9,PUT,23100,2026-06-11
2026-06-11 11:19:00+05:30,464.1,470.75,463.0,470.75,390,192335,17.739968,23203.45,23650.0,23550,ATM+9,PUT,23100,2026-06-11
2026-06-11 11:20:00+05:30,464.1,470.75,464.1,464.1,65,192335,17.80203,23212.55,23650.0,23550,ATM+9,PUT,23100,2026-06-11
2026-06-11 11:21:00+05:30,459.0,464.1,455.35,455.65,845,192530,17.515636,23220.3,23650.0,23550,ATM+9,PUT,23100,2026-06-11
2026-06-11 11:22:00+05:30,451.25,458.9,451.25,458.9,520,192465,17.319584,23214.1,23650.0,23550,ATM+9,PUT,23100,2026-06-11
2026-06-11 11:23:00+05:30,456.75,459.0,452.55,459.0,1040,192985,17.230711,23213.05,23650.0,23550,ATM+9,PUT,23100,2026-06-11
2026-06-11 11:24:00+05:30,461.55,465.0,457.7,457.7,1105,192855,17.594959,23218.5,23650.0,23550,ATM+9,PUT,23100,2026-06-11
2026-06-11 11:25:00+05:30,454.95,457.7,454.95,454.95,130,192855,17.000842,23215.8,23650.0,23550,ATM+9,PUT,23100,2026-06-11
2026-06-11 11:26:00+05:30,501.35,501.35,486.9,486.9,3055,508365,17.234568,23228.5,23700.0,23550,ATM+9,PUT,23100,2026-06-11
2026-06-11 11:27:00+05:30,485.0,486.9,477.0,477.15,3185,508690,16.550044,23234.1,23700.0,23550,ATM+9,PUT,23100,2026-06-11
2026-06-11 11:28:00+05:30,477.0,482.5,476.3,477.0,1040,508885,16.741272,23236.05,23700.0,23550,ATM+9,PUT,23100,2026-06-11
2026-06-11 11:29:00+05:30,485.0,485.55,477.0,478.75,1105,508040,16.907571,23235.45,23700.0,23550,ATM+9,PUT,23100,2026-06-11
2026-06-11 11:30:00+05:30,478.45,481.0,473.4,480.65,3250,508365,17.233274,23236.2,23700.0,23550,ATM+9,PUT,23100,2026-06-11
2026-06-11 11:31:00+05:30,480.35,487.5,478.35,485.4,7930,511745,16.803042,23226.3,23700.0,23550,ATM+9,PUT,23100,2026-06-11
2026-06-11 11:32:00+05:30,488.5,491.55,485.4,487.55,2860,511095,17.073196,23226.15,23700.0,23550,ATM+9,PUT,23100,2026-06-11
2026-06-11 11:33:00+05:30,485.6,487.55,477.7,481.45,2340,510445,17.061554,23233.55,23700.0,23550,ATM+9,PUT,23100,2026-06-11
2026-06-11 11:34:00+05:30,482.25,491.8,481.45,491.8,1365,510120,17.649553,23226.35,23700.0,23550,ATM+9,PUT,23100,2026-06-11
2026-06-11 11:35:00+05:30,492.0,494.0,483.45,483.45,3185,507715,17.404852,23234.35,23700.0,23550,ATM+9,PUT,23100,2026-06-11
2026-06-11 11:36:00+05:30,442.4,450.0,442.4,450.0,390,191490,16.968153,23221.65,23650.0,23550,ATM+9,PUT,23100,2026-06-11
2026-06-11 11:37:00+05:30,450.0,450.0,446.55,448.15,845,190775,16.381678,23218.05,23650.0,23550,ATM+9,PUT,23100,2026-06-11
2026-06-11 11:38:00+05:30,449.55,453.0,448.15,451.85,845,190775,16.572079,23215.3,23650.0,23550,ATM+9,PUT,23100,2026-06-11
2026-06-11 11:39:00+05:30,456.35,457.5,449.15,449.65,1365,191425,17.052773,23222.95,23650.0,23550,ATM+9,PUT,23100,2026-06-11
2026-06-11 11:40:00+05:30,449.55,450.15,448.7,448.7,585,191620,16.946831,23223.05,23650.0,23550,ATM+9,PUT,23100,2026-06-11
2026-06-11 11:41:00+05:30,495.2,495.2,489.75,489.75,585,504010,17.79798,23230.3,23700.0,23550,ATM+9,PUT,23100,2026-06-11
2026-06-11 11:42:00+05:30,487.5,489.75,470.0,470.0,2600,504140,16.740496,23244.6,23700.0,23550,ATM+9,PUT,23100,2026-06-11
2026-06-11 11:43:00+05:30,473.2,477.65,470.0,477.65,2730,504205,17.40729,23241.55,23700.0,23550,ATM+9,PUT,23100,2026-06-11
2026-06-11 11:44:00+05:30,475.0,477.65,464.2,464.2,2600,504465,16.936179,23253.7,23700.0,23550,ATM+9,PUT,23100,2026-06-11
2026-06-11 11:45:00+05:30,462.9,466.25,460.0,464.15,3640,506090,16.965877,23254.05,23700.0,23550,ATM+9,PUT,23100,2026-06-11
2026-06-11 11:46:00+05:30,463.55,464.85,463.05,464.3,1170,506090,17.357802,23257.8,23700.0,23550,ATM+9,PUT,23100,2026-06-11
2026-06-11 11:47:00+05:30,461.4,464.3,445.15,445.15,12350,503360,16.096277,23269.2,23700.0,23550,ATM+9,PUT,23100,2026-06-11
2026-06-11 11:48:00+05:30,445.0,456.35,443.45,450.0,2535,501735,16.623384,23268.35,23700.0,23550,ATM+9,PUT,23100,2026-06-11
2026-06-11 11:49:00+05:30,451.4,457.35,450.0,453.5,1560,502060,16.748017,23265.2,23700.0,23550,ATM+9,PUT,23100,2026-06-11
2026-06-11 11:50:00+05:30,453.55,453.55,448.7,449.8,2925,503295,17.130404,23273.8,23700.0,23550,ATM+9,PUT,23100,2026-06-11
2026-06-11 11:51:00+05:30,448.45,452.8,447.55,452.8,3900,502905,17.026092,23268.9,23700.0,23550,ATM+9,PUT,23100,2026-06-11
2026-06-11 11:52:00+05:30,453.1,455.75,451.7,452.95,2080,503100,17.160933,23270.1,23700.0,23550,ATM+9,PUT,23100,2026-06-11
2026-06-11 11:53:00+05:30,450.45,452.95,447.6,447.6,2600,504335,16.893129,23274.1,23700.0,23550,ATM+9,PUT,23100,2026-06-11
2026-06-11 11:54:00+05:30,447.15,452.0,443.0,449.5,3120,504335,17.015211,23272.95,23700.0,23550,ATM+9,PUT,23100,2026-06-11
2026-06-11 11:55:00+05:30,449.45,449.9,445.0,445.7,2210,503360,16.631392,23273.8,23700.0,23550,ATM+9,PUT,23100,2026-06-11
2026-06-11 11:56:00+05:30,495.2,496.35,477.85,478.2,2145,70135,16.807832,23285.3,23750.0,23550,ATM+9,PUT,23100,2026-06-11
2026-06-11 11:57:00+05:30,477.9,484.1,477.9,478.1,1170,70395,16.757853,23284.95,23750.0,23550,ATM+9,PUT,23100,2026-06-11
2026-06-11 11:58:00+05:30,479.0,479.25,471.65,475.5,1430,70395,17.046873,23290.9,23750.0,23550,ATM+9,PUT,23100,2026-06-11
2026-06-11 11:59:00+05:30,479.2,484.0,475.5,484.0,130,70395,17.337662,23283.15,23750.0,23550,ATM+9,PUT,23100,2026-06-11
2026-06-11 12:00:00+05:30,480.0,484.0,479.15,481.05,455,70395,17.103041,23284.55,23750.0,23550,ATM+9,PUT,23100,2026-06-11
2026-06-11 12:01:00+05:30,483.3,483.3,478.65,478.65,585,70525,17.210306,23288.55,23750.0,23550,ATM+9,PUT,23100,2026-06-11
2026-06-11 12:02:00+05:30,478.4,483.85,478.1,482.85,780,69875,17.455137,23285.7,23750.0,23550,ATM+9,PUT,23100,2026-06-11
2026-06-11 12:03:00+05:30,481.65,482.85,479.8,479.8,130,69875,17.506071,23290.0,23750.0,23550,ATM+9,PUT,23100,2026-06-11
2026-06-11 12:04:00+05:30,482.75,482.75,479.8,482.75,65,69875,17.545789,23286.7,23750.0,23550,ATM+9,PUT,23100,2026-06-11
2026-06-11 12:05:00+05:30,488.0,492.5,482.75,490.0,520,69940,17.901932,23281.15,23750.0,23550,ATM+9,PUT,23100,2026-06-11
2026-06-11 12:06:00+05:30,484.6,490.0,483.9,484.15,2470,69940,17.252101,23282.1,23750.0,23550,ATM+9,PUT,23100,2026-06-11
2026-06-11 12:07:00+05:30,483.25,484.15,475.55,478.45,780,69940,17.368114,23290.3,23750.0,23550,ATM+9,PUT,23100,2026-06-11
2026-06-11 12:08:00+05:30,478.4,484.9,478.4,484.9,195,69550,17.617987,23284.7,23750.0,23550,ATM+9,PUT,23100,2026-06-11
2026-06-11 12:09:00+05:30,482.3,484.9,482.3,482.3,130,69485,17.134518,23283.25,23750.0,23550,ATM+9,PUT,23100,2026-06-11
2026-06-11 12:10:00+05:30,490.1,490.1,482.3,488.45,260,69615,17.455945,23278.7,23750.0,23550,ATM+9,PUT,23100,2026-06-11
2026-06-11 12:11:00+05:30,486.6,492.0,486.6,489.95,1040,69615,17.530541,23277.55,23750.0,23550,ATM+9,PUT,23100,2026-06-11
2026-06-11 12:12:00+05:30,489.3,489.95,489.3,489.65,260,69030,18.073415,23283.25,23750.0,23550,ATM+9,PUT,23100,2026-06-11
2026-06-11 12:13:00+05:30,484.1,489.65,484.1,485.2,520,68900,17.835982,23286.45,23750.0,23550,ATM+9,PUT,23100,2026-06-11
2026-06-11 12:14:00+05:30,488.35,488.35,485.1,485.1,195,68640,17.933884,23287.55,23750.0,23550,ATM+9,PUT,23100,2026-06-11
2026-06-11 12:15:00+05:30,477.0,485.1,464.1,468.2,2015,68250,17.169793,23301.1,23750.0,23550,ATM+9,PUT,23100,2026-06-11
2026-06-11 12:16:00+05:30,465.0,475.0,465.0,465.75,455,67665,17.19314,23304.4,23750.0,23550,ATM+9,PUT,23100,2026-06-11
2026-06-11 12:17:00+05:30,464.35,473.0,459.9,473.0,1300,67730,17.428316,23297.65,23750.0,23550,ATM+9,PUT,23100,2026-06-11
2026-06-11 12:18:00+05:30,473.0,475.0,472.95,472.95,390,67470,17.083381,23294.3,23750.0,23550,ATM+9,PUT,23100,2026-06-11
2026-06-11 12:19:00+05:30,477.0,477.0,472.95,477.0,65,67340,17.108044,23289.5,23750.0,23550,ATM+9,PUT,23100,2026-06-11
2026-06-11 12:20:00+05:30,478.6,484.9,477.0,484.9,260,67275,17.54945,23283.95,23750.0,23550,ATM+9,PUT,23100,2026-06-11
2026-06-11 12:21:00+05:30,482.9,484.9,481.65,483.1,650,67340,17.240781,23283.2,23750.0,23550,ATM+9,PUT,23100,2026-06-11
2026-06-11 12:22:00+05:30,482.65,483.1,478.0,478.0,455,67340,17.014714,23287.35,23750.0,23550,ATM+9,PUT,23100,2026-06-11
2026-06-11 12:23:00+05:30,482.1,482.1,475.0,475.0,390,67015,17.250862,23293.35,23750.0,23550,ATM+9,PUT,23100,2026-06-11
2026-06-11 12:24:00+05:30,475.0,475.0,475.0,475.0,0,67015,17.08708,23291.75,23750.0,23550,ATM+9,PUT,23100,2026-06-11
2026-06-11 12:25:00+05:30,475.0,475.0,475.0,475.0,0,67015,16.767559,23288.7,23750.0,23550,ATM+9,PUT,23100,2026-06-11
2026-06-11 12:26:00+05:30,477.9,477.9,475.0,476.6,390,66820,17.384825,23292.65,23750.0,23550,ATM+9,PUT,23100,2026-06-11
2026-06-11 12:27:00+05:30,477.4,477.95,475.9,475.9,520,66820,17.316977,23292.85,23750.0,23550,ATM+9,PUT,23100,2026-06-11
2026-06-11 12:28:00+05:30,475.55,477.0,470.0,471.0,390,66950,17.498947,23300.8,23750.0,23550,ATM+9,PUT,23100,2026-06-11
2026-06-11 12:29:00+05:30,472.05,475.4,469.2,475.4,260,66950,17.730732,23297.6,23750.0,23550,ATM+9,PUT,23100,2026-06-11
2026-06-11 12:30:00+05:30,467.55,475.4,460.0,460.0,1430,66950,16.631868,23305.95,23750.0,23550,ATM+9,PUT,23100,2026-06-11
2026-06-11 12:31:00+05:30,464.15,465.8,454.7,456.75,1040,66755,17.227248,23316.0,23750.0,23550,ATM+9,PUT,23100,2026-06-11
2026-06-11 12:32:00+05:30,456.1,456.75,448.6,449.05,2665,67145,16.677925,23320.1,23750.0,23550,ATM+9,PUT,23100,2026-06-11
2026-06-11 12:33:00+05:30,451.6,455.6,449.05,455.6,2860,67600,17.0921,23316.05,23750.0,23550,ATM+9,PUT,23100,2026-06-11
2026-06-11 12:34:00+05:30,451.05,455.6,450.0,450.0,2405,67860,16.98705,23322.05,23750.0,23550,ATM+9,PUT,23100,2026-06-11
2026-06-11 12:35:00+05:30,445.95,462.05,445.95,458.85,1365,69160,17.211293,23313.15,23750.0,23550,ATM+9,PUT,23100,2026-06-11
2026-06-11 12:36:00+05:30,455.65,460.7,455.65,458.55,2340,68640,16.640074,23307.8,23750.0,23550,ATM+9,PUT,23100,2026-06-11
2026-06-11 12:37:00+05:30,459.25,466.0,458.55,464.95,3380,68640,15.911936,23293.1,23750.0,23550,ATM+9,PUT,23100,2026-06-11
2026-06-11 12:38:00+05:30,464.8,472.0,463.8,468.25,1755,68445,16.415748,23293.65,23750.0,23550,ATM+9,PUT,23100,2026-06-11
2026-06-11 12:39:00+05:30,467.15,468.25,463.8,464.9,975,67990,16.403364,23297.65,23750.0,23550,ATM+9,PUT,23100,2026-06-11
2026-06-11 12:40:00+05:30,465.7,466.75,464.9,466.75,780,67990,16.672043,23297.9,23750.0,23550,ATM+9,PUT,23100,2026-06-11
2026-06-11 12:41:00+05:30,468.25,469.0,466.05,467.5,1625,68835,16.479511,23295.15,23750.0,23550,ATM+9,PUT,23100,2026-06-11
2026-06-11 12:42:00+05:30,472.0,473.4,465.35,468.25,4940,68575,16.726401,23296.55,23750.0,23550,ATM+9,PUT,23100,2026-06-11
2026-06-11 12:43:00+05:30,470.8,477.0,468.25,471.35,455,68575,16.809557,23293.5,23750.0,23550,ATM+9,PUT,23100,2026-06-11
2026-06-11 12:44:00+05:30,471.35,471.45,469.05,471.45,845,68510,17.093134,23296.1,23750.0,23550,ATM+9,PUT,23100,2026-06-11
2026-06-11 12:45:00+05:30,469.05,471.45,469.05,469.05,325,68770,16.674461,23295.05,23750.0,23550,ATM+9,PUT,23100,2026-06-11
2026-06-11 12:46:00+05:30,464.95,469.05,460.0,460.85,1755,69095,16.275176,23301.4,23750.0,23550,ATM+9,PUT,23100,2026-06-11
2026-06-11 12:47:00+05:30,463.5,470.2,460.85,468.75,2730,69680,16.444049,23293.25,23750.0,23550,ATM+9,PUT,23100,2026-06-11
2026-06-11 12:48:00+05:30,468.75,469.95,468.75,468.75,455,70265,15.64338,23286.1,23750.0,23550,ATM+9,PUT,23100,2026-06-11
2026-06-11 12:49:00+05:30,482.0,483.75,468.75,483.75,585,70265,16.502846,23275.45,23750.0,23550,ATM+9,PUT,23100,2026-06-11
2026-06-11 12:50:00+05:30,480.4,483.75,478.0,479.15,650,70200,16.652469,23282.4,23750.0,23550,ATM+9,PUT,23100,2026-06-11
2026-06-11 12:51:00+05:30,479.15,479.15,479.15,479.15,195,70265,16.504177,23281.05,23750.0,23550,ATM+9,PUT,23100,2026-06-11
2026-06-11 12:52:00+05:30,480.0,481.95,479.15,481.95,260,70265,16.667162,23279.1,23750.0,23550,ATM+9,PUT,23100,2026-06-11
2026-06-11 12:53:00+05:30,475.1,481.95,475.1,475.1,65,70200,16.356688,23284.65,23750.0,23550,ATM+9,PUT,23100,2026-06-11
2026-06-11 12:54:00+05:30,475.1,475.1,475.1,475.1,0,70200,15.463162,23276.95,23750.0,23550,ATM+9,PUT,23100,2026-06-11
2026-06-11 12:55:00+05:30,475.1,475.1,475.1,475.1,0,70200,15.463163,23276.95,23750.0,23550,ATM+9,PUT,23100,2026-06-11
2026-06-11 12:56:00+05:30,476.55,476.55,473.25,474.65,585,70265,16.105658,23282.95,23750.0,23550,ATM+9,PUT,23100,2026-06-11
2026-06-11 12:57:00+05:30,475.75,475.75,466.0,466.0,195,70395,16.700317,23299.0,23750.0,23550,ATM+9,PUT,23100,2026-06-11
2026-06-11 12:58:00+05:30,460.25,466.0,453.55,454.9,1105,70460,15.75064,23303.8,23750.0,23550,ATM+9,PUT,23100,2026-06-11
2026-06-11 12:59:00+05:30,459.05,459.05,448.65,449.8,1495,71240,15.554982,23308.25,23750.0,23550,ATM+9,PUT,23100,2026-06-11
2026-06-11 13:00:00+05:30,445.0,449.8,433.4,433.4,2405,70980,15.099599,23324.15,23750.0,23550,ATM+9,PUT,23100,2026-06-11
2026-06-11 13:01:00+05:30,434.7,446.9,433.4,446.9,2470,73450,15.804805,23314.1,23750.0,23550,ATM+9,PUT,23100,2026-06-11
2026-06-11 13:02:00+05:30,445.95,452.9,445.95,452.9,910,72280,15.807828,23306.75,23750.0,23550,ATM+9,PUT,23100,2026-06-11
2026-06-11 13:03:00+05:30,453.95,454.55,452.9,454.55,650,71825,15.744716,23304.15,23750.0,23550,ATM+9,PUT,23100,2026-06-11
2026-06-11 13:04:00+05:30,458.75,458.75,454.55,457.05,260,71630,15.800769,23301.6,23750.0,23550,ATM+9,PUT,23100,2026-06-11
2026-06-11 13:05:00+05:30,459.35,459.35,457.05,459.35,65,71955,16.227547,23302.7,23750.0,23550,ATM+9,PUT,23100,2026-06-11
2026-06-11 13:06:00+05:30,458.15,459.35,458.0,458.0,260,71955,15.91866,23301.5,23750.0,23550,ATM+9,PUT,23100,2026-06-11
2026-06-11 13:07:00+05:30,457.05,458.4,454.9,458.4,650,72020,15.701516,23299.05,23750.0,23550,ATM+9,PUT,23100,2026-06-11
2026-06-11 13:08:00+05:30,462.65,468.2,458.4,465.05,1170,72020,15.806451,23291.9,23750.0,23550,ATM+9,PUT,23100,2026-06-11
2026-06-11 13:09:00+05:30,463.95,476.25,463.95,476.25,455,72670,16.070957,23280.65,23750.0,23550,ATM+9,PUT,23100,2026-06-11
2026-06-11 13:10:00+05:30,476.3,476.3,476.25,476.3,325,72670,16.288978,23282.5,23750.0,23550,ATM+9,PUT,23100,2026-06-11
2026-06-11 13:11:00+05:30,473.5,478.8,472.2,476.05,585,72605,15.846181,23278.95,23750.0,23550,ATM+9,PUT,23100,2026-06-11
2026-06-11 13:12:00+05:30,432.85,445.85,432.85,440.35,7085,522080,15.327643,23267.45,23700.0,23550,ATM+9,PUT,23100,2026-06-11
2026-06-11 13:13:00+05:30,442.6,448.0,440.35,447.75,5590,518700,15.542569,23260.35,23700.0,23550,ATM+9,PUT,23100,2026-06-11
2026-06-11 13:14:00+05:30,446.25,448.0,443.85,445.3,2015,515775,15.106447,23259.45,23700.0,23550,ATM+9,PUT,23100,2026-06-11
2026-06-11 13:15:00+05:30,446.2,447.0,444.05,446.2,1690,515840,15.32175,23260.25,23700.0,23550,ATM+9,PUT,23100,2026-06-11
2026-06-11 13:16:00+05:30,444.05,450.0,439.3,448.65,6565,515125,15.083942,23255.2,23700.0,23550,ATM+9,PUT,23100,2026-06-11
2026-06-11 13:17:00+05:30,448.65,455.0,440.05,440.05,6500,511420,14.81432,23263.25,23700.0,23550,ATM+9,PUT,23100,2026-06-11
2026-06-11 13:18:00+05:30,444.45,450.65,440.05,447.3,1690,511485,14.721202,23253.75,23700.0,23550,ATM+9,PUT,23100,2026-06-11
2026-06-11 13:19:00+05:30,449.3,452.0,444.6,452.0,2405,511680,15.42483,23254.1,23700.0,23550,ATM+9,PUT,23100,2026-06-11
2026-06-11 13:20:00+05:30,451.85,464.25,450.0,462.0,8190,509730,16.366272,23250.4,23700.0,23550,ATM+9,PUT,23100,2026-06-11
2026-06-11 13:21:00+05:30,462.65,471.4,462.0,471.4,8450,508625,16.358718,23238.8,23700.0,23550,ATM+9,PUT,23100,2026-06-11
2026-06-11 13:22:00+05:30,472.4,477.0,471.35,476.85,4160,506350,15.925444,23228.4,23700.0,23550,ATM+9,PUT,23100,2026-06-11
2026-06-11 13:23:00+05:30,478.0,478.0,457.4,464.7,5070,505310,16.006465,23243.8,23700.0,23550,ATM+9,PUT,23100,2026-06-11
2026-06-11 13:24:00+05:30,460.85,468.95,460.85,462.2,2730,505310,15.129683,23239.3,23700.0,23550,ATM+9,PUT,23100,2026-06-11
2026-06-11 13:25:00+05:30,464.25,474.0,462.2,474.0,2535,503815,16.039451,23232.8,23700.0,23550,ATM+9,PUT,23100,2026-06-11
2026-06-11 13:26:00+05:30,475.0,482.0,474.0,481.85,5590,503945,16.246308,23225.1,23700.0,23550,ATM+9,PUT,23100,2026-06-11
2026-06-11 13:27:00+05:30,479.75,481.85,472.2,475.65,4355,501150,16.016421,23230.6,23700.0,23550,ATM+9,PUT,23100,2026-06-11
2026-06-11 13:28:00+05:30,475.75,477.6,470.0,474.15,2925,500240,16.188025,23233.9,23700.0,23550,ATM+9,PUT,23100,2026-06-11
2026-06-11 13:29:00+05:30,470.0,474.15,465.0,465.0,650,499460,15.949404,23242.9,23700.0,23550,ATM+9,PUT,23100,2026-06-11
2026-06-11 13:30:00+05:30,462.25,465.0,443.05,447.95,4355,499135,15.258104,23257.5,23700.0,23550,ATM+9,PUT,23100,2026-06-11
2026-06-11 13:31:00+05:30,452.25,459.1,447.95,455.3,3055,499915,16.163163,23256.7,23700.0,23550,ATM+9,PUT,23100,2026-06-11
2026-06-11 13:32:00+05:30,447.65,455.3,442.9,443.7,2665,500240,15.274878,23262.8,23700.0,23550,ATM+9,PUT,23100,2026-06-11
2026-06-11 13:33:00+05:30,444.0,449.8,438.1,449.8,3900,500175,15.652922,23258.75,23700.0,23550,ATM+9,PUT,23100,2026-06-11
2026-06-11 13:34:00+05:30,450.0,462.45,449.8,459.8,3575,500175,15.311686,23243.65,23700.0,23550,ATM+9,PUT,23100,2026-06-11
2026-06-11 13:35:00+05:30,460.65,463.0,453.75,457.1,4745,499265,15.556152,23249.0,23700.0,23550,ATM+9,PUT,23100,2026-06-11
2026-06-11 13:36:00+05:30,458.3,458.45,449.85,449.85,2470,498160,15.386775,23256.3,23700.0,23550,ATM+9,PUT,23100,2026-06-11
2026-06-11 13:37:00+05:30,451.15,455.0,449.85,454.9,2275,497640,15.492493,23251.1,23700.0,23550,ATM+9,PUT,23100,2026-06-11
2026-06-11 13:38:00+05:30,459.25,467.05,454.9,466.8,3380,498940,16.144274,23242.4,23700.0,23550,ATM+9,PUT,23100,2026-06-11
2026-06-11 13:39:00+05:30,470.0,476.5,466.8,472.7,3445,497835,15.852425,23232.7,23700.0,23550,ATM+9,PUT,23100,2026-06-11
2026-06-11 13:40:00+05:30,472.6,473.8,467.4,473.8,1495,497510,16.013561,23232.75,23700.0,23550,ATM+9,PUT,23100,2026-06-11
2026-06-11 13:41:00+05:30,475.95,479.15,473.8,475.0,1365,497640,15.801986,23229.5,23700.0,23550,ATM+9,PUT,23100,2026-06-11
2026-06-11 13:42:00+05:30,473.05,475.0,469.6,472.85,1950,497835,15.516767,23229.7,23700.0,23550,ATM+9,PUT,23100,2026-06-11
2026-06-11 13:43:00+05:30,432.0,439.25,428.25,435.5,1885,218075,14.929268,23219.45,23650.0,23550,ATM+9,PUT,23100,2026-06-11
2026-06-11 13:44:00+05:30,438.0,440.85,431.8,431.8,4485,217685,14.924444,23223.9,23650.0,23550,ATM+9,PUT,23100,2026-06-11
2026-06-11 13:45:00+05:30,431.9,435.25,431.1,435.25,1690,217555,15.087833,23221.15,23650.0,23550,ATM+9,PUT,23100,2026-06-11
2026-06-11 13:46:00+05:30,479.9,485.0,472.0,472.0,1300,496925,15.144993,23227.7,23700.0,23550,ATM+9,PUT,23100,2026-06-11
2026-06-11 13:47:00+05:30,470.0,472.0,460.85,469.0,2730,496470,15.330544,23232.75,23700.0,23550,ATM+9,PUT,23100,2026-06-11
2026-06-11 13:48:00+05:30,462.2,471.0,462.2,471.0,910,496275,15.524371,23231.95,23700.0,23550,ATM+9,PUT,23100,2026-06-11
2026-06-11 13:49:00+05:30,470.85,475.0,468.3,470.6,2275,496795,15.270288,23230.35,23700.0,23550,ATM+9,PUT,23100,2026-06-11
2026-06-11 13:50:00+05:30,430.9,432.1,426.55,431.65,390,215995,14.940454,23224.2,23650.0,23550,ATM+9,PUT,23100,2026-06-11
2026-06-11 13:51:00+05:30,475.0,479.0,469.35,472.4,3965,496925,15.015953,23226.2,23700.0,23550,ATM+9,PUT,23100,2026-06-11
2026-06-11 13:52:00+05:30,471.05,473.8,467.1,467.1,1365,497835,14.693039,23229.95,23700.0,23550,ATM+9,PUT,23100,2026-06-11
2026-06-11 13:53:00+05:30,468.05,468.05,465.0,466.1,585,497965,15.289347,23235.85,23700.0,23550,ATM+9,PUT,23100,2026-06-11
2026-06-11 13:54:00+05:30,466.85,467.75,464.25,466.15,1040,498030,15.130933,23234.5,23700.0,23550,ATM+9,PUT,23100,2026-06-11
2026-06-11 13:55:00+05:30,467.6,471.65,466.15,467.6,780,497835,15.525173,23236.0,23700.0,23550,ATM+9,PUT,23100,2026-06-11
2026-06-11 13:56:00+05:30,466.4,467.6,460.0,460.0,1235,498290,14.944199,23240.3,23700.0,23550,ATM+9,PUT,23100,2026-06-11
2026-06-11 13:57:00+05:30,460.85,466.3,458.0,465.45,1430,498030,15.611279,23239.3,23700.0,23550,ATM+9,PUT,23100,2026-06-11
2026-06-11 13:58:00+05:30,458.6,465.45,454.75,454.75,1235,497250,15.125071,23248.05,23700.0,23550,ATM+9,PUT,23100,2026-06-11
2026-06-11 13:59:00+05:30,455.55,468.15,454.75,468.15,1235,497055,15.242,23233.0,23700.0,23550,ATM+9,PUT,23100,2026-06-11
2026-06-11 14:00:00+05:30,468.25,472.4,460.85,460.85,1950,497380,15.058475,23240.2,23700.0,23550,ATM+9,PUT,23100,2026-06-11
2026-06-11 14:01:00+05:30,462.6,463.7,460.85,463.7,130,497380,14.939039,23235.85,23700.0,23550,ATM+9,PUT,23100,2026-06-11
2026-06-11 14:02:00+05:30,467.3,468.0,463.7,465.1,845,497640,14.761423,23232.8,23700.0,23550,ATM+9,PUT,23100,2026-06-11
2026-06-11 14:03:00+05:30,462.55,467.75,462.55,467.75,715,497900,15.580353,23236.25,23700.0,23550,ATM+9,PUT,23100,2026-06-11
2026-06-11 14:04:00+05:30,467.7,470.35,462.65,467.4,1495,497640,15.54265,23236.35,23700.0,23550,ATM+9,PUT,23100,2026-06-11
2026-06-11 14:05:00+05:30,465.3,477.7,464.85,472.65,2600,497705,15.805343,23232.25,23700.0,23550,ATM+9,PUT,23100,2026-06-11
2026-06-11 14:06:00+05:30,469.75,472.65,464.7,464.7,715,497705,14.708363,23232.85,23700.0,23550,ATM+9,PUT,23100,2026-06-11
2026-06-11 14:07:00+05:30,423.05,436.85,422.45,434.9,1560,217880,14.920103,23220.0,23650.0,23550,ATM+9,PUT,23100,2026-06-11
2026-06-11 14:08:00+05:30,437.85,446.35,434.9,446.35,1300,216775,15.370378,23210.05,23650.0,23550,ATM+9,PUT,23100,2026-06-11
2026-06-11 14:09:00+05:30,449.55,454.25,441.65,443.0,9100,216190,15.198087,23212.6,23650.0,23550,ATM+9,PUT,23100,2026-06-11
2026-06-11 14:10:00+05:30,444.6,444.6,436.65,436.65,1625,216190,14.536533,23214.6,23650.0,23550,ATM+9,PUT,23100,2026-06-11
2026-06-11 14:11:00+05:30,445.25,448.55,436.65,440.9,1105,213005,14.963671,23213.1,23650.0,23550,ATM+9,PUT,23100,2026-06-11
2026-06-11 14:12:00+05:30,443.05,446.3,439.65,444.15,3055,212680,15.106562,23210.4,23650.0,23550,ATM+9,PUT,23100,2026-06-11
2026-06-11 14:13:00+05:30,442.45,444.2,431.5,431.5,2145,212940,14.823011,23223.25,23650.0,23550,ATM+9,PUT,23100,2026-06-11
2026-06-11 14:14:00+05:30,430.3,438.05,427.7,437.25,1365,211640,15.223773,23219.8,23650.0,23550,ATM+9,PUT,23100,2026-06-11
2026-06-11 14:15:00+05:30,436.8,439.65,436.65,437.15,650,211315,14.68164,23215.2,23650.0,23550,ATM+9,PUT,23100,2026-06-11
2026-06-11 14:16:00+05:30,437.0,437.15,433.85,435.25,780,211315,14.541503,23216.3,23650.0,23550,ATM+9,PUT,23100,2026-06-11
2026-06-11 14:17:00+05:30,442.1,442.1,435.25,440.5,2340,212095,15.043596,23214.25,23650.0,23550,ATM+9,PUT,23100,2026-06-11
2026-06-11 14:18:00+05:30,444.3,447.55,440.5,442.8,195,212550,14.631751,23208.0,23650.0,23550,ATM+9,PUT,23100,2026-06-11
2026-06-11 14:19:00+05:30,450.1,451.0,440.2,441.95,1950,211380,15.530887,23216.8,23650.0,23550,ATM+9,PUT,23100,2026-06-11
2026-06-11 14:20:00+05:30,436.9,441.95,428.6,433.3,715,211250,15.045716,23223.0,23650.0,23550,ATM+9,PUT,23100,2026-06-11
2026-06-11 14:21:00+05:30,430.0,433.3,430.0,432.55,455,211250,14.567879,23219.75,23650.0,23550,ATM+9,PUT,23100,2026-06-11
2026-06-11 14:22:00+05:30,436.65,436.85,432.55,434.4,780,212030,14.857555,23220.0,23650.0,23550,ATM+9,PUT,23100,2026-06-11
2026-06-11 14:23:00+05:30,436.75,436.75,434.4,436.75,65,212030,13.88912,23209.25,23650.0,23550,ATM+9,PUT,23100,2026-06-11
2026-06-11 14:24:00+05:30,445.7,446.3,436.75,446.3,130,211965,14.946433,23206.4,23650.0,23550,ATM+9,PUT,23100,2026-06-11
2026-06-11 14:25:00+05:30,442.0,446.3,440.4,440.4,260,212160,15.295397,23216.55,23650.0,23550,ATM+9,PUT,23100,2026-06-11
2026-06-11 14:26:00+05:30,481.25,481.9,472.0,472.0,2600,488670,14.818104,23225.05,23700.0,23550,ATM+9,PUT,23100,2026-06-11
2026-06-11 14:27:00+05:30,473.95,474.3,468.4,469.65,2015,489775,14.62477,23226.35,23700.0,23550,ATM+9,PUT,23100,2026-06-11
2026-06-11 14:28:00+05:30,465.0,469.65,450.0,450.0,4420,489450,14.875167,23251.55,23700.0,23550,ATM+9,PUT,23100,2026-06-11
2026-06-11 14:29:00+05:30,448.0,462.0,447.25,462.0,3900,487630,15.353927,23241.15,23700.0,23550,ATM+9,PUT,23100,2026-06-11
2026-06-11 14:30:00+05:30,463.75,471.25,458.0,458.0,2470,487175,15.294843,23245.45,23700.0,23550,ATM+9,PUT,23100,2026-06-11
2026-06-11 14:31:00+05:30,460.8,462.0,458.0,462.0,1560,487500,15.227823,23240.1,23700.0,23550,ATM+9,PUT,23100,2026-06-11
2026-06-11 14:32:00+05:30,460.4,467.1,458.1,458.1,1885,487370,15.068819,23243.45,23700.0,23550,ATM+9,PUT,23100,2026-06-11
2026-06-11 14:33:00+05:30,462.1,475.0,458.1,475.0,1235,487305,15.773845,23229.05,23700.0,23550,ATM+9,PUT,23100,2026-06-11
2026-06-11 14:34:00+05:30,475.0,476.25,470.1,471.85,1365,487240,15.639014,23231.7,23700.0,23550,ATM+9,PUT,23100,2026-06-11
2026-06-11 14:35:00+05:30,471.95,472.0,463.0,471.25,1820,486785,16.205415,23237.25,23700.0,23550,ATM+9,PUT,23100,2026-06-11
2026-06-11 14:36:00+05:30,425.55,440.3,425.2,440.3,1105,210275,14.913895,23213.3,23650.0,23550,ATM+9,PUT,23100,2026-06-11
2026-06-11 14:37:00+05:30,486.5,499.1,481.25,485.1,7215,485810,16.84523,23226.05,23700.0,23550,ATM+9,PUT,23100,2026-06-11
2026-06-11 14:38:00+05:30,435.5,446.25,433.3,444.55,3120,209495,16.060416,23218.4,23650.0,23550,ATM+9,PUT,23100,2026-06-11
2026-06-11 14:39:00+05:30,445.9,457.75,444.55,455.9,5070,209495,17.377246,23217.1,23650.0,23550,ATM+9,PUT,23100,2026-06-11
2026-06-11 14:40:00+05:30,447.25,455.95,447.25,455.95,975,209365,16.481748,23208.25,23650.0,23550,ATM+9,PUT,23100,2026-06-11
2026-06-11 14:41:00+05:30,456.0,461.35,453.1,455.15,2210,209235,16.954771,23213.8,23650.0,23550,ATM+9,PUT,23100,2026-06-11
2026-06-11 14:42:00+05:30,452.8,460.1,451.35,459.25,3250,208845,17.157372,23210.65,23650.0,23550,ATM+9,PUT,23100,2026-06-11
2026-06-11 14:43:00+05:30,458.7,473.05,455.0,473.05,4615,208975,17.559183,23197.3,23650.0,23550,ATM+9,PUT,23100,2026-06-11
2026-06-11 14:44:00+05:30,469.25,473.05,465.05,469.2,4810,207545,17.363762,23200.2,23650.0,23550,ATM+9,PUT,23100,2026-06-11
2026-06-11 14:45:00+05:30,465.6,473.15,465.6,471.85,1690,207155,17.401481,23197.25,23650.0,23550,ATM+9,PUT,23100,2026-06-11
2026-06-11 14:46:00+05:30,476.1,477.4,463.0,477.4,1300,207220,17.575129,23192.0,23650.0,23550,ATM+9,PUT,23100,2026-06-11
2026-06-11 14:47:00+05:30,439.45,456.75,433.2,454.3,28340,655135,17.212485,23167.1,23600.0,23550,ATM+9,PUT,23100,2026-06-11
2026-06-11 14:48:00+05:30,496.35,499.6,482.4,484.6,3835,205400,17.287397,23180.35,23650.0,23550,ATM+9,PUT,23100,2026-06-11
2026-06-11 14:49:00+05:30,485.55,485.55,475.15,476.0,1235,205010,17.510353,23193.1,23650.0,23550,ATM+9,PUT,23100,2026-06-11
2026-06-11 14:50:00+05:30,435.5,450.75,432.55,449.0,15340,653250,17.110909,23172.75,23600.0,23550,ATM+9,PUT,23100,2026-06-11
2026-06-11 14:51:00+05:30,448.4,449.65,440.05,447.9,10595,651625,16.938675,23172.4,23600.0,23550,ATM+9,PUT,23100,2026-06-11
2026-06-11 14:52:00+05:30,446.0,450.65,444.2,449.9,7540,652665,17.061323,23171.1,23600.0,23550,ATM+9,PUT,23100,2026-06-11
2026-06-11 14:53:00+05:30,447.75,449.9,442.0,443.35,5070,650845,16.524048,23174.0,23600.0,23550,ATM+9,PUT,23100,2026-06-11
2026-06-11 14:54:00+05:30,443.85,449.65,443.35,447.0,3445,650845,16.756254,23171.7,23600.0,23550,ATM+9,PUT,23100,2026-06-11
2026-06-11 14:55:00+05:30,447.55,448.2,442.25,444.45,3705,650130,16.522932,23172.6,23600.0,23550,ATM+9,PUT,23100,2026-06-11
2026-06-11 14:56:00+05:30,443.9,450.0,442.7,448.95,3510,650000,16.868757,23170.35,23600.0,23550,ATM+9,PUT,23100,2026-06-11
2026-06-11 14:57:00+05:30,452.75,455.0,448.7,449.3,8125,649220,16.487958,23166.2,23600.0,23550,ATM+9,PUT,23100,2026-06-11
2026-06-11 14:58:00+05:30,447.4,449.3,445.0,445.0,4550,648570,16.585063,23172.5,23600.0,23550,ATM+9,PUT,23100,2026-06-11
2026-06-11 14:59:00+05:30,493.6,495.1,485.3,490.2,1690,204685,17.683197,23177.05,23650.0,23550,ATM+9,PUT,23100,2026-06-11
2026-06-11 15:00:00+05:30,433.25,458.0,426.3,456.7,17160,648310,16.160522,23154.0,23600.0,23550,ATM+9,PUT,23100,2026-06-11
2026-06-11 15:01:00+05:30,459.0,468.55,455.0,459.75,11765,647270,16.478185,23153.15,23600.0,23550,ATM+9,PUT,23100,2026-06-11
2026-06-11 15:02:00+05:30,465.0,471.9,456.7,460.0,9360,645190,17.1073,23158.8,23600.0,23550,ATM+9,PUT,23100,2026-06-11
2026-06-11 15:03:00+05:30,458.95,467.65,458.95,462.75,5135,645255,17.40314,23158.25,23600.0,23550,ATM+9,PUT,23100,2026-06-11
2026-06-11 15:04:00+05:30,460.6,468.0,460.6,466.1,4160,646685,16.441074,23145.0,23600.0,23550,ATM+9,PUT,23100,2026-06-11
2026-06-11 15:05:00+05:30,470.0,472.85,464.85,466.15,13455,642915,16.72819,23147.55,23600.0,23550,ATM+9,PUT,23100,2026-06-11
2026-06-11 15:06:00+05:30,465.7,476.95,465.05,473.9,20475,638300,16.874223,23139.35,23600.0,23550,ATM+9,PUT,23100,2026-06-11
2026-06-11 15:07:00+05:30,475.0,475.95,465.8,466.0,14560,635895,16.768896,23148.1,23600.0,23550,ATM+9,PUT,23100,2026-06-11
2026-06-11 15:08:00+05:30,462.3,468.2,458.7,468.2,8255,633815,15.74449,23136.4,23600.0,23550,ATM+9,PUT,23100,2026-06-11
2026-06-11 15:09:00+05:30,467.2,468.2,459.95,463.35,11050,630890,15.933778,23143.85,23600.0,23550,ATM+9,PUT,23100,2026-06-11
2026-06-11 15:10:00+05:30,455.6,463.35,449.5,449.5,8385,628550,14.890742,23151.75,23600.0,23550,ATM+9,PUT,23100,2026-06-11
2026-06-11 15:11:00+05:30,449.2,457.4,445.8,456.05,8775,627315,14.909709,23144.1,23600.0,23550,ATM+9,PUT,23100,2026-06-11
2026-06-11 15:12:00+05:30,458.0,460.2,449.75,450.3,2275,627510,14.984211,23151.55,23600.0,23550,ATM+9,PUT,23100,2026-06-11
2026-06-11 15:13:00+05:30,450.95,451.0,443.1,444.15,3770,626730,15.327672,23161.85,23600.0,23550,ATM+9,PUT,23100,2026-06-11
2026-06-11 15:14:00+05:30,443.75,449.1,440.65,448.7,4550,626730,16.377994,23165.8,23600.0,23550,ATM+9,PUT,23100,2026-06-11
2026-06-11 15:15:00+05:30,447.8,459.0,447.45,448.85,10075,623415,16.461409,23166.4,23600.0,23550,ATM+9,PUT,23100,2026-06-11
2026-06-11 15:16:00+05:30,491.15,492.3,477.0,477.0,2275,206375,16.284949,23180.55,23650.0,23550,ATM+9,PUT,23100,2026-06-11
2026-06-11 15:17:00+05:30,473.45,477.0,472.9,476.5,975,206375,16.371996,23181.9,23650.0,23550,ATM+9,PUT,23100,2026-06-11
2026-06-11 15:18:00+05:30,476.5,476.5,476.5,476.5,0,206375,16.285549,23181.15,23650.0,23550,ATM+9,PUT,23100,2026-06-11
2026-06-11 15:19:00+05:30,441.1,447.95,441.0,446.8,2860,620425,16.777519,23172.0,23600.0,23550,ATM+9,PUT,23100,2026-06-11
2026-06-11 15:20:00+05:30,489.6,491.05,484.4,486.2,1950,206505,17.288293,23178.2,23650.0,23550,ATM+9,PUT,23100,2026-06-11
2026-06-11 15:21:00+05:30,482.2,486.2,482.2,484.75,520,205855,16.919363,23176.65,23650.0,23550,ATM+9,PUT,23100,2026-06-11
2026-06-11 15:22:00+05:30,442.0,446.35,442.0,445.7,7930,615290,16.421875,23169.9,23600.0,23550,ATM+9,PUT,23100,2026-06-11
2026-06-11 15:23:00+05:30,446.35,449.5,441.6,441.6,13910,610675,15.990556,23170.9,23600.0,23550,ATM+9,PUT,23100,2026-06-11
2026-06-11 15:24:00+05:30,440.75,442.0,438.75,440.5,4485,608075,16.133078,23173.6,23600.0,23550,ATM+9,PUT,23100,2026-06-11
2026-06-11 15:25:00+05:30,440.5,440.5,430.0,430.0,6305,607360,14.802675,23174.4,23600.0,23550,ATM+9,PUT,23100,2026-06-11
2026-06-11 15:26:00+05:30,472.6,476.4,465.2,465.2,1235,205400,13.97625,23176.6,23650.0,23550,ATM+9,PUT,23100,2026-06-11
2026-06-11 15:27:00+05:30,470.4,473.15,465.2,473.15,1300,205400,15.560383,23179.1,23650.0,23550,ATM+9,PUT,23100,2026-06-11
2026-06-11 15:28:00+05:30,471.35,473.15,470.3,470.3,780,204620,15.254727,23180.05,23650.0,23550,ATM+9,PUT,23100,2026-06-11
2026-06-11 15:29:00+05:30,469.65,470.3,464.55,464.55,1170,204295,15.214301,23186.55,23650.0,23550,ATM+9,PUT,23100,2026-06-11
2026-06-11 09:15:00+05:30,29.4,31.5,21.6,28.5,838045,3450135,14.586332,23104.4,23600.0,23600,ATM+10,CALL,23100,2026-06-11
2026-06-11 09:16:00+05:30,27.9,28.5,25.45,25.5,579475,3411850,14.570651,23082.3,23600.0,23600,ATM+10,CALL,23100,2026-06-11
2026-06-11 09:17:00+05:30,25.75,27.25,25.4,27.25,503295,3501810,14.636692,23092.9,23600.0,23600,ATM+10,CALL,23100,2026-06-11
2026-06-11 09:18:00+05:30,27.4,28.45,26.6,27.05,447200,3543345,14.447662,23100.1,23600.0,23600,ATM+10,CALL,23100,2026-06-11
2026-06-11 09:19:00+05:30,26.85,28.3,26.85,28.1,356655,3588650,14.273465,23115.85,23600.0,23600,ATM+10,CALL,23100,2026-06-11
2026-06-11 09:20:00+05:30,23.0,23.05,21.9,23.0,221065,1323140,14.18367,23128.6,23650.0,23600,ATM+10,CALL,23100,2026-06-11
2026-06-11 09:21:00+05:30,22.9,25.15,22.6,24.4,225290,1387555,14.137054,23142.45,23650.0,23600,ATM+10,CALL,23100,2026-06-11
2026-06-11 09:22:00+05:30,24.15,24.75,22.7,23.45,190255,1390090,13.963342,23142.9,23650.0,23600,ATM+10,CALL,23100,2026-06-11
2026-06-11 09:23:00+05:30,23.4,23.7,22.1,22.65,158405,1426165,13.98417,23135.25,23650.0,23600,ATM+10,CALL,23100,2026-06-11
2026-06-11 09:24:00+05:30,28.6,28.9,26.7,26.7,239980,3948165,14.031134,23116.8,23600.0,23600,ATM+10,CALL,23100,2026-06-11
2026-06-11 09:25:00+05:30,26.45,26.85,25.65,25.95,266565,3976440,14.078744,23109.0,23600.0,23600,ATM+10,CALL,23100,2026-06-11
2026-06-11 09:26:00+05:30,26.0,26.85,25.55,26.45,180245,4031170,14.195264,23107.5,23600.0,23600,ATM+10,CALL,23100,2026-06-11
2026-06-11 09:27:00+05:30,26.45,27.0,25.05,26.05,211900,4032600,14.261375,23101.45,23600.0,23600,ATM+10,CALL,23100,2026-06-11
2026-06-11 09:28:00+05:30,26.05,27.05,25.95,26.8,164450,4032405,14.033851,23117.6,23600.0,23600,ATM+10,CALL,23100,2026-06-11
2026-06-11 09:29:00+05:30,26.8,27.6,26.25,27.0,152685,4014985,13.972894,23121.9,23600.0,23600,ATM+10,CALL,23100,2026-06-11
2026-06-11 09:30:00+05:30,27.35,27.35,25.4,25.7,157365,4042675,14.012713,23110.35,23600.0,23600,ATM+10,CALL,23100,2026-06-11
2026-06-11 09:31:00+05:30,25.7,26.4,25.15,26.4,173355,4081935,13.986726,23116.9,23600.0,23600,ATM+10,CALL,23100,2026-06-11
2026-06-11 09:32:00+05:30,26.7,27.1,25.8,25.8,154960,4116320,13.953053,23113.95,23600.0,23600,ATM+10,CALL,23100,2026-06-11
2026-06-11 09:33:00+05:30,25.7,25.8,24.3,24.4,171015,4131920,13.984706,23101.6,23600.0,23600,ATM+10,CALL,23100,2026-06-11
2026-06-11 09:34:00+05:30,24.4,25.5,24.4,25.45,147290,4163055,13.990044,23109.65,23600.0,23600,ATM+10,CALL,23100,2026-06-11
2026-06-11 09:35:00+05:30,25.35,25.45,24.15,24.2,175760,4196400,14.051889,23096.95,23600.0,23600,ATM+10,CALL,23100,2026-06-11
2026-06-11 09:36:00+05:30,24.3,25.15,24.2,25.1,160875,4238520,13.874774,23112.35,23600.0,23600,ATM+10,CALL,23100,2026-06-11
2026-06-11 09:37:00+05:30,25.2,26.15,24.9,25.85,122070,4233775,13.848558,23119.35,23600.0,23600,ATM+10,CALL,23100,2026-06-11
2026-06-11 09:38:00+05:30,20.8,21.6,20.5,21.25,122135,1536925,13.854963,23129.95,23650.0,23600,ATM+10,CALL,23100,2026-06-11
2026-06-11 09:39:00+05:30,21.25,21.95,21.25,21.75,95615,1534325,13.897815,23132.35,23650.0,23600,ATM+10,CALL,23100,2026-06-11
2026-06-11 09:40:00+05:30,27.2,27.35,25.8,25.8,89050,4203615,13.834495,23119.75,23600.0,23600,ATM+10,CALL,23100,2026-06-11
2026-06-11 09:41:00+05:30,25.7,26.25,25.3,26.0,95030,4206280,13.855356,23120.35,23600.0,23600,ATM+10,CALL,23100,2026-06-11
2026-06-11 09:42:00+05:30,25.9,26.2,25.0,25.7,97565,4206085,13.814454,23120.0,23600.0,23600,ATM+10,CALL,23100,2026-06-11
2026-06-11 09:43:00+05:30,20.7,22.2,20.5,22.1,97565,1604720,13.77775,23141.3,23650.0,23600,ATM+10,CALL,23100,2026-06-11
2026-06-11 09:44:00+05:30,22.15,22.6,22.0,22.2,71045,1607515,13.734686,23144.25,23650.0,23600,ATM+10,CALL,23100,2026-06-11
2026-06-11 09:45:00+05:30,22.25,22.8,21.55,22.3,94315,1614080,13.724075,23145.65,23650.0,23600,ATM+10,CALL,23100,2026-06-11
2026-06-11 09:46:00+05:30,22.3,22.85,21.8,22.85,33540,1616160,13.636424,23154.45,23650.0,23600,ATM+10,CALL,23100,2026-06-11
2026-06-11 09:47:00+05:30,22.9,22.9,22.3,22.3,71500,1624220,13.640627,23149.7,23650.0,23600,ATM+10,CALL,23100,2026-06-11
2026-06-11 09:48:00+05:30,22.35,22.55,21.55,21.55,38675,1646385,13.678818,23141.5,23650.0,23600,ATM+10,CALL,23100,2026-06-11
2026-06-11 09:49:00+05:30,21.65,22.9,21.55,22.7,45240,1650415,13.6373,23153.3,23650.0,23600,ATM+10,CALL,23100,2026-06-11
2026-06-11 09:50:00+05:30,22.75,24.45,22.1,24.3,150540,1654120,13.710192,23162.9,23650.0,23600,ATM+10,CALL,23100,2026-06-11
2026-06-11 09:51:00+05:30,23.85,24.95,23.65,24.45,198380,1624545,13.637512,23167.5,23650.0,23600,ATM+10,CALL,23100,2026-06-11
2026-06-11 09:52:00+05:30,24.4,24.7,23.6,24.4,104455,1591200,13.558852,23170.8,23650.0,23600,ATM+10,CALL,23100,2026-06-11
2026-06-11 09:53:00+05:30,24.4,24.9,24.15,24.45,56940,1593150,13.535839,23172.3,23650.0,23600,ATM+10,CALL,23100,2026-06-11
2026-06-11 09:54:00+05:30,24.4,24.45,22.85,22.85,65975,1589705,13.688655,23152.35,23650.0,23600,ATM+10,CALL,23100,2026-06-11
2026-06-11 09:55:00+05:30,22.9,23.2,21.75,21.85,88530,1579890,13.732666,23141.85,23650.0,23600,ATM+10,CALL,23100,2026-06-11
2026-06-11 09:56:00+05:30,22.0,22.75,21.5,21.5,60905,1576120,13.698314,23140.5,23650.0,23600,ATM+10,CALL,23100,2026-06-11
2026-06-11 09:57:00+05:30,21.4,21.6,20.75,20.8,105625,1578330,13.764867,23131.15,23650.0,23600,ATM+10,CALL,23100,2026-06-11
2026-06-11 09:58:00+05:30,25.95,25.95,24.5,24.55,246025,4058470,13.752501,23114.7,23600.0,23600,ATM+10,CALL,23100,2026-06-11
2026-06-11 09:59:00+05:30,24.65,25.6,24.3,24.7,138190,4037280,13.716081,23117.6,23600.0,23600,ATM+10,CALL,23100,2026-06-11
2026-06-11 10:00:00+05:30,19.75,21.05,19.75,20.85,96980,1594840,13.796806,23130.2,23650.0,23600,ATM+10,CALL,23100,2026-06-11
2026-06-11 10:01:00+05:30,21.0,21.25,20.75,21.0,53560,1612780,13.777927,23132.5,23650.0,23600,ATM+10,CALL,23100,2026-06-11
2026-06-11 10:02:00+05:30,26.1,26.1,25.0,25.1,111540,4100395,13.670989,23122.9,23600.0,23600,ATM+10,CALL,23100,2026-06-11
2026-06-11 10:03:00+05:30,25.2,26.05,24.75,25.15,73060,4106375,13.724908,23120.85,23600.0,23600,ATM+10,CALL,23100,2026-06-11
2026-06-11 10:04:00+05:30,25.1,25.4,24.2,24.2,139685,4113720,13.831317,23108.55,23600.0,23600,ATM+10,CALL,23100,2026-06-11
2026-06-11 10:05:00+05:30,24.25,24.75,23.65,24.7,162175,4134845,13.842023,23112.05,23600.0,23600,ATM+10,CALL,23100,2026-06-11
2026-06-11 10:06:00+05:30,19.85,21.4,19.75,21.25,98020,1646645,13.728997,23137.3,23650.0,23600,ATM+10,CALL,23100,2026-06-11
2026-06-11 10:07:00+05:30,21.2,22.15,21.0,22.05,62920,1654380,13.65518,23147.8,23650.0,23600,ATM+10,CALL,23100,2026-06-11
2026-06-11 10:08:00+05:30,21.85,23.15,21.7,23.15,78195,1649895,13.657974,23156.9,23650.0,23600,ATM+10,CALL,23100,2026-06-11
2026-06-11 10:09:00+05:30,23.2,23.4,22.55,22.55,99060,1626950,13.552632,23156.95,23650.0,23600,ATM+10,CALL,23100,2026-06-11
2026-06-11 10:10:00+05:30,22.45,23.15,22.25,22.35,54145,1623245,13.489651,23158.3,23650.0,23600,ATM+10,CALL,23100,2026-06-11
2026-06-11 10:11:00+05:30,22.3,22.95,22.25,22.75,51220,1624740,13.461086,23163.0,23650.0,23600,ATM+10,CALL,23100,2026-06-11
2026-06-11 10:12:00+05:30,22.85,22.95,22.1,22.2,49010,1625195,13.499918,23156.65,23650.0,23600,ATM+10,CALL,23100,2026-06-11
2026-06-11 10:13:00+05:30,22.2,22.85,22.2,22.75,85670,1636570,13.532148,23159.75,23650.0,23600,ATM+10,CALL,23100,2026-06-11
2026-06-11 10:14:00+05:30,22.65,22.9,21.25,21.3,76310,1632475,13.532578,23147.5,23650.0,23600,ATM+10,CALL,23100,2026-06-11
2026-06-11 10:15:00+05:30,21.45,22.4,21.3,22.15,43160,1623830,13.467447,23157.9,23650.0,23600,ATM+10,CALL,23100,2026-06-11
2026-06-11 10:16:00+05:30,22.45,22.9,22.05,22.3,70265,1621360,13.345455,23164.95,23650.0,23600,ATM+10,CALL,23100,2026-06-11
2026-06-11 10:17:00+05:30,22.2,23.45,22.2,23.35,122720,1632085,13.439438,23169.15,23650.0,23600,ATM+10,CALL,23100,2026-06-11
2026-06-11 10:18:00+05:30,23.1,23.95,22.45,23.65,79495,1633385,13.409091,23173.0,23650.0,23600,ATM+10,CALL,23100,2026-06-11
2026-06-11 10:19:00+05:30,18.7,19.1,18.35,19.1,271895,6044025,13.391612,23183.15,23700.0,23600,ATM+10,CALL,23100,2026-06-11
2026-06-11 10:20:00+05:30,19.05,20.2,18.45,20.2,253370,6013085,13.455696,23190.25,23700.0,23600,ATM+10,CALL,23100,2026-06-11
2026-06-11 10:21:00+05:30,19.8,20.2,18.6,18.85,154115,5990400,13.365485,23182.15,23700.0,23600,ATM+10,CALL,23100,2026-06-11
2026-06-11 10:22:00+05:30,19.0,19.35,18.7,18.95,87295,5987865,13.431755,23179.9,23700.0,23600,ATM+10,CALL,23100,2026-06-11
2026-06-11 10:23:00+05:30,18.95,19.6,18.9,19.3,120640,6002880,13.466686,23181.55,23700.0,23600,ATM+10,CALL,23100,2026-06-11
2026-06-11 10:24:00+05:30,19.15,19.3,18.45,19.05,120770,6026345,13.456127,23179.75,23700.0,23600,ATM+10,CALL,23100,2026-06-11
2026-06-11 10:25:00+05:30,18.95,19.1,18.4,18.45,107965,6021080,13.348002,23179.35,23700.0,23600,ATM+10,CALL,23100,2026-06-11
2026-06-11 10:26:00+05:30,18.5,19.85,18.35,19.6,168740,6038500,13.288563,23193.15,23700.0,23600,ATM+10,CALL,23100,2026-06-11
2026-06-11 10:27:00+05:30,19.6,21.1,19.4,21.0,501670,6052410,13.24869,23207.6,23700.0,23600,ATM+10,CALL,23100,2026-06-11
2026-06-11 10:28:00+05:30,21.1,21.3,19.7,20.05,281060,6076005,13.24581,23199.4,23700.0,23600,ATM+10,CALL,23100,2026-06-11
2026-06-11 10:29:00+05:30,20.0,20.9,19.9,20.3,150670,6112275,13.291136,23199.5,23700.0,23600,ATM+10,CALL,23100,2026-06-11
2026-06-11 10:30:00+05:30,20.35,20.95,18.9,19.2,234195,6176105,13.30348,23188.9,23700.0,23600,ATM+10,CALL,23100,2026-06-11
2026-06-11 10:31:00+05:30,19.15,19.7,18.7,19.5,201825,6138860,13.150658,23199.15,23700.0,23600,ATM+10,CALL,23100,2026-06-11
2026-06-11 10:32:00+05:30,19.45,20.45,19.1,20.1,109655,6134115,13.16342,23204.0,23700.0,23600,ATM+10,CALL,23100,2026-06-11
2026-06-11 10:33:00+05:30,19.9,20.1,19.05,19.65,106340,6142435,13.184905,23198.95,23700.0,23600,ATM+10,CALL,23100,2026-06-11
2026-06-11 10:34:00+05:30,19.55,19.85,19.45,19.55,88530,6143475,13.128813,23200.8,23700.0,23600,ATM+10,CALL,23100,2026-06-11
2026-06-11 10:35:00+05:30,19.65,20.4,19.55,19.55,108615,6159660,13.117351,23201.4,23700.0,23600,ATM+10,CALL,23100,2026-06-11
2026-06-11 10:36:00+05:30,19.55,19.7,19.05,19.4,135525,6176495,13.197206,23196.2,23700.0,23600,ATM+10,CALL,23100,2026-06-11
2026-06-11 10:37:00+05:30,19.4,19.75,18.95,19.2,117390,6187740,13.24848,23191.9,23700.0,23600,ATM+10,CALL,23100,2026-06-11
2026-06-11 10:38:00+05:30,19.55,19.9,19.2,19.85,50050,6181500,13.224019,23199.1,23700.0,23600,ATM+10,CALL,23100,2026-06-11
2026-06-11 10:39:00+05:30,20.15,20.7,19.7,20.35,204295,6149065,13.144338,23207.45,23700.0,23600,ATM+10,CALL,23100,2026-06-11
2026-06-11 10:40:00+05:30,20.4,20.75,19.85,20.7,103285,6156475,13.105862,23212.4,23700.0,23600,ATM+10,CALL,23100,2026-06-11
2026-06-11 10:41:00+05:30,20.65,20.75,19.7,19.7,164645,6160570,13.108679,23203.45,23700.0,23600,ATM+10,CALL,23100,2026-06-11
2026-06-11 10:42:00+05:30,19.75,20.3,19.55,20.3,115635,6162650,13.171258,23205.85,23700.0,23600,ATM+10,CALL,23100,2026-06-11
2026-06-11 10:43:00+05:30,20.3,20.4,19.8,20.0,43160,6156345,13.194544,23202.1,23700.0,23600,ATM+10,CALL,23100,2026-06-11
2026-06-11 10:44:00+05:30,20.0,20.3,19.6,20.05,87750,6169540,13.147674,23204.85,23700.0,23600,ATM+10,CALL,23100,2026-06-11
2026-06-11 10:45:00+05:30,19.85,20.05,19.15,19.9,66560,6167395,13.125907,23204.6,23700.0,23600,ATM+10,CALL,23100,2026-06-11
2026-06-11 10:46:00+05:30,19.75,20.3,19.4,19.55,77545,6162975,13.020007,23206.6,23700.0,23600,ATM+10,CALL,23100,2026-06-11
2026-06-11 10:47:00+05:30,19.5,20.2,19.45,20.2,61815,6168240,13.063728,23210.35,23700.0,23600,ATM+10,CALL,23100,2026-06-11
2026-06-11 10:48:00+05:30,20.1,20.4,19.25,19.7,63700,6190990,13.068568,23205.7,23700.0,23600,ATM+10,CALL,23100,2026-06-11
2026-06-11 10:49:00+05:30,19.65,19.75,18.85,18.85,77870,6191055,13.154543,23193.75,23700.0,23600,ATM+10,CALL,23100,2026-06-11
2026-06-11 10:50:00+05:30,18.75,18.85,17.95,18.0,164580,6180070,13.139429,23186.4,23700.0,23600,ATM+10,CALL,23100,2026-06-11
2026-06-11 10:51:00+05:30,18.1,19.1,18.0,18.55,88530,6185010,13.175037,23190.0,23700.0,23600,ATM+10,CALL,23100,2026-06-11
2026-06-11 10:52:00+05:30,18.6,19.1,18.15,18.3,93730,6200870,13.166872,23188.05,23700.0,23600,ATM+10,CALL,23100,2026-06-11
2026-06-11 10:53:00+05:30,23.35,23.4,21.85,21.95,77480,1565005,13.106999,23174.9,23650.0,23600,ATM+10,CALL,23100,2026-06-11
2026-06-11 10:54:00+05:30,22.0,22.6,21.6,22.1,54145,1569490,13.138543,23174.7,23650.0,23600,ATM+10,CALL,23100,2026-06-11
2026-06-11 10:55:00+05:30,21.95,22.1,21.4,21.95,47840,1581645,13.145066,23173.2,23650.0,23600,ATM+10,CALL,23100,2026-06-11
2026-06-11 10:56:00+05:30,16.9,17.5,16.85,17.35,67080,6244615,13.148325,23179.8,23700.0,23600,ATM+10,CALL,23100,2026-06-11
2026-06-11 10:57:00+05:30,17.3,17.45,16.75,16.95,70200,6254170,13.11796,23177.3,23700.0,23600,ATM+10,CALL,23100,2026-06-11
2026-06-11 10:58:00+05:30,16.9,17.25,16.55,16.65,32500,6253065,13.090069,23175.65,23700.0,23600,ATM+10,CALL,23100,2026-06-11
2026-06-11 10:59:00+05:30,16.7,17.25,16.35,17.25,53885,6252870,13.196224,23176.55,23700.0,23600,ATM+10,CALL,23100,2026-06-11
2026-06-11 11:00:00+05:30,22.0,22.4,21.0,21.05,35815,1603030,13.068998,23169.45,23650.0,23600,ATM+10,CALL,23100,2026-06-11
2026-06-11 11:01:00+05:30,20.95,21.85,20.75,21.3,116350,1589250,13.163457,23167.15,23650.0,23600,ATM+10,CALL,23100,2026-06-11
2026-06-11 11:02:00+05:30,21.35,21.45,20.95,21.1,96525,1600495,13.112591,23167.9,23650.0,23600,ATM+10,CALL,23100,2026-06-11
2026-06-11 11:03:00+05:30,16.3,17.2,16.1,17.2,60775,6296160,13.111304,23180.45,23700.0,23600,ATM+10,CALL,23100,2026-06-11
2026-06-11 11:04:00+05:30,17.3,17.75,16.9,17.0,128310,6288490,13.04835,23181.6,23700.0,23600,ATM+10,CALL,23100,2026-06-11
2026-06-11 11:05:00+05:30,17.3,18.45,17.0,18.4,107445,6283290,12.958473,23199.8,23700.0,23600,ATM+10,CALL,23100,2026-06-11
2026-06-11 11:06:00+05:30,18.35,18.7,17.65,18.6,107705,6291675,12.907741,23204.2,23700.0,23600,ATM+10,CALL,23100,2026-06-11
2026-06-11 11:07:00+05:30,18.6,18.9,17.4,17.4,93080,6298175,12.961663,23190.05,23700.0,23600,ATM+10,CALL,23100,2026-06-11
2026-06-11 11:08:00+05:30,17.4,18.2,17.2,17.85,60580,6299345,12.955733,23194.8,23700.0,23600,ATM+10,CALL,23100,2026-06-11
2026-06-11 11:09:00+05:30,17.55,17.85,16.55,17.35,69420,6305780,12.882659,23193.55,23700.0,23600,ATM+10,CALL,23100,2026-06-11
2026-06-11 11:10:00+05:30,17.2,17.4,16.8,17.35,65520,6309940,12.925062,23191.5,23700.0,23600,ATM+10,CALL,23100,2026-06-11
2026-06-11 11:11:00+05:30,17.1,17.4,16.75,16.9,37960,6315660,12.881537,23189.2,23700.0,23600,ATM+10,CALL,23100,2026-06-11
2026-06-11 11:12:00+05:30,17.0,17.15,16.7,17.0,43225,6317025,12.947084,23187.0,23700.0,23600,ATM+10,CALL,23100,2026-06-11
2026-06-11 11:13:00+05:30,16.95,17.45,16.85,17.15,142935,6324500,13.013721,23185.25,23700.0,23600,ATM+10,CALL,23100,2026-06-11
2026-06-11 11:14:00+05:30,17.1,17.5,16.75,17.0,31265,6328985,13.025422,23183.2,23700.0,23600,ATM+10,CALL,23100,2026-06-11
2026-06-11 11:15:00+05:30,16.95,17.55,16.85,17.4,54990,6328725,13.005454,23188.25,23700.0,23600,ATM+10,CALL,23100,2026-06-11
2026-06-11 11:16:00+05:30,17.25,17.55,16.95,17.3,32825,6323265,12.961999,23189.45,23700.0,23600,ATM+10,CALL,23100,2026-06-11
2026-06-11 11:17:00+05:30,17.25,17.75,16.85,17.45,48945,6318195,12.901876,23193.95,23700.0,23600,ATM+10,CALL,23100,2026-06-11
2026-06-11 11:18:00+05:30,17.5,18.4,17.35,18.35,81445,6319690,12.851086,23205.15,23700.0,23600,ATM+10,CALL,23100,2026-06-11
2026-06-11 11:19:00+05:30,18.55,18.7,17.95,18.05,131300,6315725,12.828609,23203.45,23700.0,23600,ATM+10,CALL,23100,2026-06-11
2026-06-11 11:20:00+05:30,18.05,18.85,17.65,18.75,142740,6312085,12.777273,23212.55,23700.0,23600,ATM+10,CALL,23100,2026-06-11
2026-06-11 11:21:00+05:30,18.85,19.9,18.75,19.75,210990,6289790,12.804547,23220.3,23700.0,23600,ATM+10,CALL,23100,2026-06-11
2026-06-11 11:22:00+05:30,19.65,19.8,18.8,19.0,201760,6296680,12.794407,23214.1,23700.0,23600,ATM+10,CALL,23100,2026-06-11
2026-06-11 11:23:00+05:30,18.8,19.85,18.8,18.85,256165,6276790,12.788664,23213.05,23700.0,23600,ATM+10,CALL,23100,2026-06-11
2026-06-11 11:24:00+05:30,18.85,19.55,18.5,19.4,91455,6289270,12.779915,23218.5,23700.0,23600,ATM+10,CALL,23100,2026-06-11
2026-06-11 11:25:00+05:30,19.4,19.95,19.15,19.25,111215,6301685,12.808917,23215.8,23700.0,23600,ATM+10,CALL,23100,2026-06-11
2026-06-11 11:26:00+05:30,15.3,16.45,15.3,16.35,177255,2377765,12.967509,23228.5,23750.0,23600,ATM+10,CALL,23100,2026-06-11
2026-06-11 11:27:00+05:30,16.65,17.55,16.35,17.3,143130,2357095,13.050987,23234.1,23750.0,23600,ATM+10,CALL,23100,2026-06-11
2026-06-11 11:28:00+05:30,17.35,17.35,16.5,16.85,98150,2358005,12.921333,23236.05,23750.0,23600,ATM+10,CALL,23100,2026-06-11
2026-06-11 11:29:00+05:30,16.65,17.0,16.15,17.0,67275,2377960,12.96486,23235.45,23750.0,23600,ATM+10,CALL,23100,2026-06-11
2026-06-11 11:30:00+05:30,17.0,17.4,16.35,16.4,79105,2371070,12.827798,23236.2,23750.0,23600,ATM+10,CALL,23100,2026-06-11
2026-06-11 11:31:00+05:30,16.45,16.9,15.65,15.9,76700,2353650,12.921434,23226.3,23750.0,23600,ATM+10,CALL,23100,2026-06-11
2026-06-11 11:32:00+05:30,15.85,16.05,15.4,15.7,25740,2358590,12.882908,23226.15,23750.0,23600,ATM+10,CALL,23100,2026-06-11
2026-06-11 11:33:00+05:30,15.8,16.8,15.7,16.5,50570,2362555,12.9042,23233.55,23750.0,23600,ATM+10,CALL,23100,2026-06-11
2026-06-11 11:34:00+05:30,16.45,16.5,15.7,15.7,48750,2369965,12.880781,23226.35,23750.0,23600,ATM+10,CALL,23100,2026-06-11
2026-06-11 11:35:00+05:30,15.7,16.35,15.35,16.35,51480,2375750,12.859009,23234.35,23750.0,23600,ATM+10,CALL,23100,2026-06-11
2026-06-11 11:36:00+05:30,20.75,20.8,19.15,19.25,97890,6294925,12.697339,23221.65,23700.0,23600,ATM+10,CALL,23100,2026-06-11
2026-06-11 11:37:00+05:30,19.4,19.65,19.2,19.2,164970,6307795,12.763783,23218.05,23700.0,23600,ATM+10,CALL,23100,2026-06-11
2026-06-11 11:38:00+05:30,19.25,19.5,18.8,18.8,144560,6293690,12.746344,23215.3,23700.0,23600,ATM+10,CALL,23100,2026-06-11
2026-06-11 11:39:00+05:30,18.7,19.3,18.35,19.3,110825,6293300,12.682304,23222.95,23700.0,23600,ATM+10,CALL,23100,2026-06-11
2026-06-11 11:40:00+05:30,19.2,19.8,19.05,19.25,179985,6287970,12.671822,23223.05,23700.0,23600,ATM+10,CALL,23100,2026-06-11
2026-06-11 11:41:00+05:30,15.05,15.85,15.0,15.75,28080,2393690,12.819485,23230.3,23750.0,23600,ATM+10,CALL,23100,2026-06-11
2026-06-11 11:42:00+05:30,15.7,17.3,15.65,17.1,56160,2395120,12.812617,23244.6,23750.0,23600,ATM+10,CALL,23100,2026-06-11
2026-06-11 11:43:00+05:30,17.05,17.2,16.5,16.75,63310,2395055,12.804156,23241.55,23750.0,23600,ATM+10,CALL,23100,2026-06-11
2026-06-11 11:44:00+05:30,16.7,18.05,16.7,17.9,161395,2375555,12.788305,23253.7,23750.0,23600,ATM+10,CALL,23100,2026-06-11
2026-06-11 11:45:00+05:30,18.1,18.7,17.7,18.1,267800,2342405,12.821065,23254.05,23750.0,23600,ATM+10,CALL,23100,2026-06-11
2026-06-11 11:46:00+05:30,18.0,18.6,17.85,18.6,73775,2340130,12.841551,23257.8,23750.0,23600,ATM+10,CALL,23100,2026-06-11
2026-06-11 11:47:00+05:30,18.65,20.1,18.05,19.95,185900,2330705,12.859378,23269.2,23750.0,23600,ATM+10,CALL,23100,2026-06-11
2026-06-11 11:48:00+05:30,20.15,20.15,18.7,19.2,105430,2340000,12.738933,23268.35,23750.0,23600,ATM+10,CALL,23100,2026-06-11
2026-06-11 11:49:00+05:30,18.95,19.4,18.5,19.1,135395,2377505,12.786413,23265.2,23750.0,23600,ATM+10,CALL,23100,2026-06-11
2026-06-11 11:50:00+05:30,19.2,20.1,19.1,19.85,86580,2364830,12.747612,23273.8,23750.0,23600,ATM+10,CALL,23100,2026-06-11
2026-06-11 11:51:00+05:30,19.85,20.2,19.5,19.5,104585,2387905,12.786158,23268.9,23750.0,23600,ATM+10,CALL,23100,2026-06-11
2026-06-11 11:52:00+05:30,19.65,19.9,19.15,19.9,65260,2386540,12.83598,23270.1,23750.0,23600,ATM+10,CALL,23100,2026-06-11
2026-06-11 11:53:00+05:30,19.8,19.9,19.4,19.7,56680,2388360,12.716522,23274.1,23750.0,23600,ATM+10,CALL,23100,2026-06-11
2026-06-11 11:54:00+05:30,19.85,20.55,19.35,19.65,62465,2391480,12.732238,23272.95,23750.0,23600,ATM+10,CALL,23100,2026-06-11
2026-06-11 11:55:00+05:30,19.8,20.55,19.65,19.95,75660,2398500,12.770518,23273.8,23750.0,23600,ATM+10,CALL,23100,2026-06-11
2026-06-11 11:56:00+05:30,15.4,17.3,15.05,16.9,235885,4964895,12.943441,23285.3,23800.0,23600,ATM+10,CALL,23100,2026-06-11
2026-06-11 11:57:00+05:30,16.75,17.0,16.35,16.65,130845,4966715,12.900246,23284.95,23800.0,23600,ATM+10,CALL,23100,2026-06-11
2026-06-11 11:58:00+05:30,16.55,17.35,16.4,16.7,146900,4967235,12.792072,23290.9,23800.0,23600,ATM+10,CALL,23100,2026-06-11
2026-06-11 11:59:00+05:30,16.85,16.85,16.1,16.25,115375,4972240,12.855423,23283.15,23800.0,23600,ATM+10,CALL,23100,2026-06-11
2026-06-11 12:00:00+05:30,16.45,16.95,16.2,16.2,105755,4989530,12.818022,23284.55,23800.0,23600,ATM+10,CALL,23100,2026-06-11
2026-06-11 12:01:00+05:30,16.1,17.1,16.1,16.75,57850,4992195,12.852202,23288.55,23800.0,23600,ATM+10,CALL,23100,2026-06-11
2026-06-11 12:02:00+05:30,16.85,17.1,16.45,16.5,72735,4989725,12.858981,23285.7,23800.0,23600,ATM+10,CALL,23100,2026-06-11
2026-06-11 12:03:00+05:30,16.55,17.15,16.35,16.95,118495,4991935,12.865576,23290.0,23800.0,23600,ATM+10,CALL,23100,2026-06-11
2026-06-11 12:04:00+05:30,16.9,16.95,16.2,16.3,75985,4983485,12.799516,23286.7,23800.0,23600,ATM+10,CALL,23100,2026-06-11
2026-06-11 12:05:00+05:30,16.5,16.6,15.25,15.55,168675,4965610,12.75347,23281.15,23800.0,23600,ATM+10,CALL,23100,2026-06-11
2026-06-11 12:06:00+05:30,16.0,16.15,15.35,16.1,111605,4971980,12.851498,23282.1,23800.0,23600,ATM+10,CALL,23100,2026-06-11
2026-06-11 12:07:00+05:30,16.15,17.0,16.0,16.95,150930,4946175,12.863214,23290.3,23800.0,23600,ATM+10,CALL,23100,2026-06-11
2026-06-11 12:08:00+05:30,16.9,16.95,15.9,16.1,64870,4940195,12.801529,23284.7,23800.0,23600,ATM+10,CALL,23100,2026-06-11
2026-06-11 12:09:00+05:30,16.15,16.3,15.85,15.9,48295,4941365,12.789438,23283.25,23800.0,23600,ATM+10,CALL,23100,2026-06-11
2026-06-11 12:10:00+05:30,15.75,15.9,15.45,15.75,86840,4933630,12.849052,23278.7,23800.0,23600,ATM+10,CALL,23100,2026-06-11
2026-06-11 12:11:00+05:30,15.65,15.8,15.05,15.15,92560,4921085,12.744301,23277.55,23800.0,23600,ATM+10,CALL,23100,2026-06-11
2026-06-11 12:12:00+05:30,15.25,15.45,14.85,15.45,74100,4934150,12.696987,23283.25,23800.0,23600,ATM+10,CALL,23100,2026-06-11
2026-06-11 12:13:00+05:30,15.45,15.8,15.1,15.5,58565,4931290,12.645119,23286.45,23800.0,23600,ATM+10,CALL,23100,2026-06-11
2026-06-11 12:14:00+05:30,15.5,15.85,15.05,15.85,54925,4943315,12.697949,23287.55,23800.0,23600,ATM+10,CALL,23100,2026-06-11
2026-06-11 12:15:00+05:30,15.9,17.45,15.85,16.95,243425,4964310,12.65268,23301.1,23800.0,23600,ATM+10,CALL,23100,2026-06-11
2026-06-11 12:16:00+05:30,17.15,17.4,16.1,17.25,130845,4957030,12.646656,23304.4,23800.0,23600,ATM+10,CALL,23100,2026-06-11
2026-06-11 12:17:00+05:30,17.15,17.5,16.05,16.1,115765,4955600,12.551,23297.65,23800.0,23600,ATM+10,CALL,23100,2026-06-11
2026-06-11 12:18:00+05:30,16.2,16.4,15.75,15.8,88920,4962750,12.55663,23294.3,23800.0,23600,ATM+10,CALL,23100,2026-06-11
2026-06-11 12:19:00+05:30,15.9,16.05,15.4,15.5,119990,4988295,12.590032,23289.5,23800.0,23600,ATM+10,CALL,23100,2026-06-11
2026-06-11 12:20:00+05:30,15.45,15.75,14.9,14.9,94835,4982120,12.572316,23283.95,23800.0,23600,ATM+10,CALL,23100,2026-06-11
2026-06-11 12:21:00+05:30,14.95,15.3,14.7,15.2,64740,4970680,12.652689,23283.2,23800.0,23600,ATM+10,CALL,23100,2026-06-11
2026-06-11 12:22:00+05:30,15.2,15.7,15.15,15.3,45760,4968990,12.592906,23287.35,23800.0,23600,ATM+10,CALL,23100,2026-06-11
2026-06-11 12:23:00+05:30,15.4,16.05,15.2,15.95,47320,4969900,12.611347,23293.35,23800.0,23600,ATM+10,CALL,23100,2026-06-11
2026-06-11 12:24:00+05:30,15.8,15.95,15.3,15.85,32955,4977635,12.62334,23291.75,23800.0,23600,ATM+10,CALL,23100,2026-06-11
2026-06-11 12:25:00+05:30,15.8,15.85,15.2,15.5,52650,4987255,12.611338,23288.7,23800.0,23600,ATM+10,CALL,23100,2026-06-11
2026-06-11 12:26:00+05:30,15.45,16.4,15.45,15.75,78520,4988750,12.586292,23292.65,23800.0,23600,ATM+10,CALL,23100,2026-06-11
2026-06-11 12:27:00+05:30,15.8,16.2,15.75,16.1,45045,4989985,12.656109,23292.85,23800.0,23600,ATM+10,CALL,23100,2026-06-11
2026-06-11 12:28:00+05:30,16.15,16.7,15.8,16.6,44655,4983810,12.599899,23300.8,23800.0,23600,ATM+10,CALL,23100,2026-06-11
2026-06-11 12:29:00+05:30,16.55,16.9,16.25,16.35,60970,4977180,12.614225,23297.6,23800.0,23600,ATM+10,CALL,23100,2026-06-11
2026-06-11 12:30:00+05:30,16.4,17.75,16.35,17.25,449215,4977180,12.627902,23305.95,23800.0,23600,ATM+10,CALL,23100,2026-06-11
2026-06-11 12:31:00+05:30,17.05,18.3,16.85,18.25,180895,4948450,12.61836,23316.0,23800.0,23600,ATM+10,CALL,23100,2026-06-11
2026-06-11 12:32:00+05:30,18.25,19.1,18.0,18.75,195195,4958850,12.629776,23320.1,23800.0,23600,ATM+10,CALL,23100,2026-06-11
2026-06-11 12:33:00+05:30,18.75,18.75,18.15,18.4,202150,4946760,12.647859,23316.05,23800.0,23600,ATM+10,CALL,23100,2026-06-11
2026-06-11 12:34:00+05:30,18.3,18.45,17.6,18.4,269425,4978805,12.525006,23322.05,23800.0,23600,ATM+10,CALL,23100,2026-06-11
2026-06-11 12:35:00+05:30,18.5,19.1,16.25,16.75,313300,4968600,12.386763,23313.15,23800.0,23600,ATM+10,CALL,23100,2026-06-11
2026-06-11 12:36:00+05:30,16.8,16.9,16.1,16.3,111020,4948060,12.405131,23307.8,23800.0,23600,ATM+10,CALL,23100,2026-06-11
2026-06-11 12:37:00+05:30,16.4,16.5,15.65,15.8,104390,4971785,12.597729,23293.1,23800.0,23600,ATM+10,CALL,23100,2026-06-11
2026-06-11 12:38:00+05:30,16.0,16.25,15.45,15.45,79625,4981145,12.514128,23293.65,23800.0,23600,ATM+10,CALL,23100,2026-06-11
2026-06-11 12:39:00+05:30,15.45,16.6,15.45,16.45,62400,4986215,12.642765,23297.65,23800.0,23600,ATM+10,CALL,23100,2026-06-11
2026-06-11 12:40:00+05:30,16.5,16.6,16.0,16.15,51740,4980560,12.577065,23297.9,23800.0,23600,ATM+10,CALL,23100,2026-06-11
2026-06-11 12:41:00+05:30,16.15,16.6,15.9,15.95,56745,4997135,12.591666,23295.15,23800.0,23600,ATM+10,CALL,23100,2026-06-11
2026-06-11 12:42:00+05:30,16.05,16.45,15.6,16.0,54145,4992715,12.574927,23296.55,23800.0,23600,ATM+10,CALL,23100,2026-06-11
2026-06-11 12:43:00+05:30,15.95,16.2,15.2,15.85,75985,4997915,12.60563,23293.5,23800.0,23600,ATM+10,CALL,23100,2026-06-11
2026-06-11 12:44:00+05:30,15.75,16.45,15.75,16.15,88790,5008185,12.616796,23296.1,23800.0,23600,ATM+10,CALL,23100,2026-06-11
2026-06-11 12:45:00+05:30,16.1,16.3,15.7,16.2,90155,5005780,12.649091,23295.05,23800.0,23600,ATM+10,CALL,23100,2026-06-11
2026-06-11 12:46:00+05:30,16.45,17.3,16.2,16.8,72020,4997265,12.644609,23301.4,23800.0,23600,ATM+10,CALL,23100,2026-06-11
2026-06-11 12:47:00+05:30,16.95,17.15,15.75,16.0,68120,5002790,12.645527,23293.25,23800.0,23600,ATM+10,CALL,23100,2026-06-11
2026-06-11 12:48:00+05:30,16.05,16.15,15.4,15.4,56680,5014815,12.662582,23286.1,23800.0,23600,ATM+10,CALL,23100,2026-06-11
2026-06-11 12:49:00+05:30,15.45,15.65,14.4,14.4,148395,5017415,12.655799,23275.45,23800.0,23600,ATM+10,CALL,23100,2026-06-11
2026-06-11 12:50:00+05:30,14.45,15.5,14.3,15.4,74945,5009875,12.737814,23282.4,23800.0,23600,ATM+10,CALL,23100,2026-06-11
2026-06-11 12:51:00+05:30,15.6,16.15,15.15,15.15,90220,5002985,12.711721,23281.05,23800.0,23600,ATM+10,CALL,23100,2026-06-11
2026-06-11 12:52:00+05:30,15.2,15.35,15.0,15.1,37375,5017545,12.740356,23279.1,23800.0,23600,ATM+10,CALL,23100,2026-06-11
2026-06-11 12:53:00+05:30,15.5,15.85,15.1,15.55,34125,5017610,12.727888,23284.65,23800.0,23600,ATM+10,CALL,23100,2026-06-11
2026-06-11 12:54:00+05:30,15.35,15.7,15.35,15.65,18525,5012150,12.904051,23276.95,23800.0,23600,ATM+10,CALL,23100,2026-06-11
2026-06-11 12:55:00+05:30,15.65,15.65,15.65,15.65,0,5012150,12.904052,23276.95,23800.0,23600,ATM+10,CALL,23100,2026-06-11
2026-06-11 12:56:00+05:30,15.05,15.85,15.05,15.35,148070,5018975,12.721691,23282.95,23800.0,23600,ATM+10,CALL,23100,2026-06-11
2026-06-11 12:57:00+05:30,15.25,16.65,15.2,16.6,149305,5014100,12.662571,23299.0,23800.0,23600,ATM+10,CALL,23100,2026-06-11
2026-06-11 12:58:00+05:30,16.55,17.4,16.55,17.1,138450,5009875,12.667208,23303.8,23800.0,23600,ATM+10,CALL,23100,2026-06-11
2026-06-11 12:59:00+05:30,16.95,17.85,16.45,17.8,115440,5045690,12.71585,23308.25,23800.0,23600,ATM+10,CALL,23100,2026-06-11
2026-06-11 13:00:00+05:30,17.85,19.25,17.8,18.9,300755,5056870,12.599518,23324.15,23800.0,23600,ATM+10,CALL,23100,2026-06-11
2026-06-11 13:01:00+05:30,19.1,19.25,17.3,17.35,184860,5069610,12.509727,23314.1,23800.0,23600,ATM+10,CALL,23100,2026-06-11
2026-06-11 13:02:00+05:30,17.65,17.65,16.3,16.95,145990,5073315,12.580926,23306.75,23800.0,23600,ATM+10,CALL,23100,2026-06-11
2026-06-11 13:03:00+05:30,16.85,16.95,16.5,16.65,47645,5078775,12.574128,23304.15,23800.0,23600,ATM+10,CALL,23100,2026-06-11
2026-06-11 13:04:00+05:30,16.6,16.75,16.2,16.35,35620,5092100,12.565482,23301.6,23800.0,23600,ATM+10,CALL,23100,2026-06-11
2026-06-11 13:05:00+05:30,16.15,16.75,16.15,16.5,67730,5092750,12.574806,23302.7,23800.0,23600,ATM+10,CALL,23100,2026-06-11
2026-06-11 13:06:00+05:30,16.65,16.85,16.25,16.45,40300,5089045,12.589746,23301.5,23800.0,23600,ATM+10,CALL,23100,2026-06-11
2026-06-11 13:07:00+05:30,16.45,16.75,16.2,16.2,31785,5095610,12.588757,23299.05,23800.0,23600,ATM+10,CALL,23100,2026-06-11
2026-06-11 13:08:00+05:30,16.15,16.25,15.55,15.75,67210,5101525,12.639381,23291.9,23800.0,23600,ATM+10,CALL,23100,2026-06-11
2026-06-11 13:09:00+05:30,15.75,15.75,14.8,14.8,91065,5099965,12.660009,23280.65,23800.0,23600,ATM+10,CALL,23100,2026-06-11
2026-06-11 13:10:00+05:30,14.9,15.2,14.65,15.0,108940,5098795,12.667945,23282.5,23800.0,23600,ATM+10,CALL,23100,2026-06-11
2026-06-11 13:11:00+05:30,15.0,15.15,14.3,14.7,68640,5095155,12.673414,23278.95,23800.0,23600,ATM+10,CALL,23100,2026-06-11
2026-06-11 13:12:00+05:30,19.45,19.45,17.9,18.55,162695,1847560,12.711725,23267.45,23750.0,23600,ATM+10,CALL,23100,2026-06-11
2026-06-11 13:13:00+05:30,18.5,18.55,17.5,17.5,102765,1835535,12.655147,23260.35,23750.0,23600,ATM+10,CALL,23100,2026-06-11
2026-06-11 13:14:00+05:30,17.55,17.75,17.3,17.4,70720,1829230,12.654726,23259.45,23750.0,23600,ATM+10,CALL,23100,2026-06-11
2026-06-11 13:15:00+05:30,17.65,17.7,17.2,17.4,71370,1839955,12.639263,23260.25,23750.0,23600,ATM+10,CALL,23100,2026-06-11
2026-06-11 13:16:00+05:30,17.55,18.15,16.9,16.9,86905,1854840,12.643413,23255.2,23750.0,23600,ATM+10,CALL,23100,2026-06-11
2026-06-11 13:17:00+05:30,16.85,17.65,16.3,17.45,166465,1865435,12.58949,23263.25,23750.0,23600,ATM+10,CALL,23100,2026-06-11
2026-06-11 13:18:00+05:30,17.4,17.45,16.55,17.15,57070,1878630,12.725025,23253.75,23750.0,23600,ATM+10,CALL,23100,2026-06-11
2026-06-11 13:19:00+05:30,17.15,17.25,16.5,16.6,28730,1881165,12.607776,23254.1,23750.0,23600,ATM+10,CALL,23100,2026-06-11
2026-06-11 13:20:00+05:30,16.7,16.7,15.65,15.8,146965,1885650,12.518602,23250.4,23750.0,23600,ATM+10,CALL,23100,2026-06-11
2026-06-11 13:21:00+05:30,15.75,15.8,14.6,14.7,91520,1879475,12.516221,23238.8,23750.0,23600,ATM+10,CALL,23100,2026-06-11
2026-06-11 13:22:00+05:30,14.6,14.75,14.4,14.45,75595,1881035,12.667405,23228.4,23750.0,23600,ATM+10,CALL,23100,2026-06-11
2026-06-11 13:23:00+05:30,14.65,16.15,14.45,15.75,75270,1878890,12.643356,23243.8,23750.0,23600,ATM+10,CALL,23100,2026-06-11
2026-06-11 13:24:00+05:30,15.6,16.1,15.35,16.05,63960,1876420,12.797585,23239.3,23750.0,23600,ATM+10,CALL,23100,2026-06-11
2026-06-11 13:25:00+05:30,16.05,16.1,15.0,15.0,87230,1884350,12.704125,23232.8,23750.0,23600,ATM+10,CALL,23100,2026-06-11
2026-06-11 13:26:00+05:30,14.9,15.0,14.35,14.6,134485,1841385,12.76939,23225.1,23750.0,23600,ATM+10,CALL,23100,2026-06-11
2026-06-11 13:27:00+05:30,14.75,15.3,14.6,14.85,71955,1822600,12.716808,23230.6,23750.0,23600,ATM+10,CALL,23100,2026-06-11
2026-06-11 13:28:00+05:30,14.7,15.25,14.5,15.05,30420,1829230,12.695912,23233.9,23750.0,23600,ATM+10,CALL,23100,2026-06-11
2026-06-11 13:29:00+05:30,15.05,15.65,15.0,15.55,59345,1814800,12.624635,23242.9,23750.0,23600,ATM+10,CALL,23100,2026-06-11
2026-06-11 13:30:00+05:30,15.55,17.3,15.55,16.6,139165,1814150,12.548772,23257.5,23750.0,23600,ATM+10,CALL,23100,2026-06-11
2026-06-11 13:31:00+05:30,16.45,16.75,15.75,16.75,66235,1811225,12.596324,23256.7,23750.0,23600,ATM+10,CALL,23100,2026-06-11
2026-06-11 13:32:00+05:30,16.85,17.2,16.6,17.15,68900,1827995,12.55298,23262.8,23750.0,23600,ATM+10,CALL,23100,2026-06-11
2026-06-11 13:33:00+05:30,16.9,17.3,16.35,16.35,89570,1817205,12.475268,23258.75,23750.0,23600,ATM+10,CALL,23100,2026-06-11
2026-06-11 13:34:00+05:30,16.3,16.35,15.2,15.2,98605,1790555,12.539658,23243.65,23750.0,23600,ATM+10,CALL,23100,2026-06-11
2026-06-11 13:35:00+05:30,15.4,16.1,15.2,15.95,72020,1777035,12.591678,23249.0,23750.0,23600,ATM+10,CALL,23100,2026-06-11
2026-06-11 13:36:00+05:30,15.85,16.55,15.65,16.55,31135,1785030,12.568454,23256.3,23750.0,23600,ATM+10,CALL,23100,2026-06-11
2026-06-11 13:37:00+05:30,16.55,16.55,15.9,15.9,35620,1792895,12.540787,23251.1,23750.0,23600,ATM+10,CALL,23100,2026-06-11
2026-06-11 13:38:00+05:30,15.95,15.95,15.15,15.2,48230,1792765,12.568233,23242.4,23750.0,23600,ATM+10,CALL,23100,2026-06-11
2026-06-11 13:39:00+05:30,15.35,15.35,14.5,14.7,117585,1800500,12.653332,23232.7,23750.0,23600,ATM+10,CALL,23100,2026-06-11
2026-06-11 13:40:00+05:30,14.9,15.45,14.65,14.65,38870,1786395,12.642257,23232.75,23750.0,23600,ATM+10,CALL,23100,2026-06-11
2026-06-11 13:41:00+05:30,14.75,14.9,14.5,14.8,43940,1785160,12.74048,23229.5,23750.0,23600,ATM+10,CALL,23100,2026-06-11
2026-06-11 13:42:00+05:30,14.8,15.2,14.7,14.7,28990,1795885,12.715425,23229.7,23750.0,23600,ATM+10,CALL,23100,2026-06-11
2026-06-11 13:43:00+05:30,19.0,19.25,17.95,18.3,140985,6103110,12.679298,23219.45,23700.0,23600,ATM+10,CALL,23100,2026-06-11
2026-06-11 13:44:00+05:30,18.1,18.8,17.55,18.45,172575,6087185,12.616354,23223.9,23700.0,23600,ATM+10,CALL,23100,2026-06-11
2026-06-11 13:45:00+05:30,18.5,18.55,18.15,18.15,99060,6107465,12.616881,23221.15,23700.0,23600,ATM+10,CALL,23100,2026-06-11
2026-06-11 13:46:00+05:30,14.1,14.65,13.7,14.65,74750,1780285,12.747594,23227.7,23750.0,23600,ATM+10,CALL,23100,2026-06-11
2026-06-11 13:47:00+05:30,14.7,15.35,14.5,14.5,89310,1775995,12.615543,23232.75,23750.0,23600,ATM+10,CALL,23100,2026-06-11
2026-06-11 13:48:00+05:30,14.5,15.05,14.4,14.5,30420,1774435,12.632257,23231.95,23750.0,23600,ATM+10,CALL,23100,2026-06-11
2026-06-11 13:49:00+05:30,14.45,14.7,14.2,14.5,58825,1784900,12.66477,23230.35,23750.0,23600,ATM+10,CALL,23100,2026-06-11
2026-06-11 13:50:00+05:30,18.9,18.9,18.35,18.55,89700,6080035,12.634699,23224.2,23700.0,23600,ATM+10,CALL,23100,2026-06-11
2026-06-11 13:51:00+05:30,14.5,14.7,14.1,14.4,33865,1786655,12.726183,23226.2,23750.0,23600,ATM+10,CALL,23100,2026-06-11
2026-06-11 13:52:00+05:30,14.55,14.75,14.1,14.75,37960,1784705,12.730699,23229.95,23750.0,23600,ATM+10,CALL,23100,2026-06-11
2026-06-11 13:53:00+05:30,14.7,15.1,14.55,14.9,42380,1773460,12.647475,23235.85,23750.0,23600,ATM+10,CALL,23100,2026-06-11
2026-06-11 13:54:00+05:30,14.9,15.1,14.6,14.8,26975,1771055,12.653346,23234.5,23750.0,23600,ATM+10,CALL,23100,2026-06-11
2026-06-11 13:55:00+05:30,14.7,15.05,14.45,15.05,38870,1767675,12.678948,23236.0,23750.0,23600,ATM+10,CALL,23100,2026-06-11
2026-06-11 13:56:00+05:30,14.9,15.45,14.8,15.25,41925,1770730,12.637315,23240.3,23750.0,23600,ATM+10,CALL,23100,2026-06-11
2026-06-11 13:57:00+05:30,15.25,15.55,14.8,14.9,37180,1772420,12.582552,23239.3,23750.0,23600,ATM+10,CALL,23100,2026-06-11
2026-06-11 13:58:00+05:30,15.05,15.6,14.9,15.4,58175,1766895,12.516086,23248.05,23750.0,23600,ATM+10,CALL,23100,2026-06-11
2026-06-11 13:59:00+05:30,15.25,15.4,14.3,14.65,36855,1770730,12.654708,23233.0,23750.0,23600,ATM+10,CALL,23100,2026-06-11
2026-06-11 14:00:00+05:30,14.55,15.4,14.4,15.2,50570,1778530,12.63223,23240.2,23750.0,23600,ATM+10,CALL,23100,2026-06-11
2026-06-11 14:01:00+05:30,15.05,15.2,14.65,14.9,31980,1776385,12.654811,23235.85,23750.0,23600,ATM+10,CALL,23100,2026-06-11
2026-06-11 14:02:00+05:30,14.75,15.1,14.6,15.1,58500,1783210,12.759949,23232.8,23750.0,23600,ATM+10,CALL,23100,2026-06-11
2026-06-11 14:03:00+05:30,15.05,15.25,14.9,14.95,23790,1774110,12.659589,23236.25,23750.0,23600,ATM+10,CALL,23100,2026-06-11
2026-06-11 14:04:00+05:30,14.95,15.3,14.8,14.95,111540,1817920,12.658519,23236.35,23750.0,23600,ATM+10,CALL,23100,2026-06-11
2026-06-11 14:05:00+05:30,14.9,15.1,14.25,14.7,58565,1816685,12.686098,23232.25,23750.0,23600,ATM+10,CALL,23100,2026-06-11
2026-06-11 14:06:00+05:30,14.9,15.1,14.6,14.85,42510,1808690,12.708076,23232.85,23750.0,23600,ATM+10,CALL,23100,2026-06-11
2026-06-11 14:07:00+05:30,19.5,19.5,17.65,17.7,160290,6149325,12.573454,23220.0,23700.0,23600,ATM+10,CALL,23100,2026-06-11
2026-06-11 14:08:00+05:30,17.7,17.95,16.9,16.95,320775,6130085,12.6305,23210.05,23700.0,23600,ATM+10,CALL,23100,2026-06-11
2026-06-11 14:09:00+05:30,16.75,17.6,16.65,17.6,143780,6059625,12.708645,23212.6,23700.0,23600,ATM+10,CALL,23100,2026-06-11
2026-06-11 14:10:00+05:30,17.65,18.35,17.3,17.7,157495,6083935,12.687967,23214.6,23700.0,23600,ATM+10,CALL,23100,2026-06-11
2026-06-11 14:11:00+05:30,17.65,17.7,17.0,17.6,81055,6112925,12.700171,23213.1,23700.0,23600,ATM+10,CALL,23100,2026-06-11
2026-06-11 14:12:00+05:30,17.7,17.75,16.9,17.25,82550,6119945,12.687191,23210.4,23700.0,23600,ATM+10,CALL,23100,2026-06-11
2026-06-11 14:13:00+05:30,17.35,18.65,17.15,18.25,132730,6123065,12.618193,23223.25,23700.0,23600,ATM+10,CALL,23100,2026-06-11
2026-06-11 14:14:00+05:30,18.4,18.7,17.75,18.1,134680,6155435,12.661963,23219.8,23700.0,23600,ATM+10,CALL,23100,2026-06-11
2026-06-11 14:15:00+05:30,18.1,18.3,17.65,18.0,192790,6141915,12.738979,23215.2,23700.0,23600,ATM+10,CALL,23100,2026-06-11
2026-06-11 14:16:00+05:30,18.05,18.65,17.85,17.9,107835,6116955,12.697546,23216.3,23700.0,23600,ATM+10,CALL,23100,2026-06-11
2026-06-11 14:17:00+05:30,17.9,17.95,17.35,17.5,115895,6105515,12.662197,23214.25,23700.0,23600,ATM+10,CALL,23100,2026-06-11
2026-06-11 14:18:00+05:30,17.6,17.6,16.5,16.55,221650,6054490,12.600521,23208.0,23700.0,23600,ATM+10,CALL,23100,2026-06-11
2026-06-11 14:19:00+05:30,16.6,17.7,16.45,17.7,95550,6000865,12.650758,23216.8,23700.0,23600,ATM+10,CALL,23100,2026-06-11
2026-06-11 14:20:00+05:30,17.6,18.3,17.45,18.0,203710,6049225,12.581541,23223.0,23700.0,23600,ATM+10,CALL,23100,2026-06-11
2026-06-11 14:21:00+05:30,18.0,18.75,18.0,18.45,162110,6045195,12.737101,23219.75,23700.0,23600,ATM+10,CALL,23100,2026-06-11
2026-06-11 14:22:00+05:30,18.1,18.75,18.1,18.5,98995,6044285,12.742426,23220.0,23700.0,23600,ATM+10,CALL,23100,2026-06-11
2026-06-11 14:23:00+05:30,18.45,18.75,17.1,17.15,87425,6059235,12.700981,23209.25,23700.0,23600,ATM+10,CALL,23100,2026-06-11
2026-06-11 14:24:00+05:30,17.15,17.6,17.1,17.45,55640,6059950,12.820626,23206.4,23700.0,23600,ATM+10,CALL,23100,2026-06-11
2026-06-11 14:25:00+05:30,17.4,18.4,17.4,18.3,79170,6034145,12.778579,23216.55,23700.0,23600,ATM+10,CALL,23100,2026-06-11
2026-06-11 14:26:00+05:30,14.1,14.7,13.95,14.6,24960,1765920,12.825939,23225.05,23750.0,23600,ATM+10,CALL,23100,2026-06-11
2026-06-11 14:27:00+05:30,14.5,14.85,14.3,14.85,25870,1764555,12.856583,23226.35,23750.0,23600,ATM+10,CALL,23100,2026-06-11
2026-06-11 14:28:00+05:30,14.9,15.95,14.85,15.95,94445,1758445,12.588711,23251.55,23750.0,23600,ATM+10,CALL,23100,2026-06-11
2026-06-11 14:29:00+05:30,15.9,16.0,15.1,15.15,96135,1750580,12.629103,23241.15,23750.0,23600,ATM+10,CALL,23100,2026-06-11
2026-06-11 14:30:00+05:30,15.1,15.4,14.45,15.15,79820,1740635,12.543982,23245.45,23750.0,23600,ATM+10,CALL,23100,2026-06-11
2026-06-11 14:31:00+05:30,15.2,15.2,14.5,14.55,37310,1749020,12.521145,23240.1,23750.0,23600,ATM+10,CALL,23100,2026-06-11
2026-06-11 14:32:00+05:30,14.5,14.8,14.25,14.8,35165,1752855,12.510098,23243.45,23750.0,23600,ATM+10,CALL,23100,2026-06-11
2026-06-11 14:33:00+05:30,14.85,14.85,13.75,13.8,39455,1755910,12.573204,23229.05,23750.0,23600,ATM+10,CALL,23100,2026-06-11
2026-06-11 14:34:00+05:30,13.9,14.4,13.75,14.25,27560,1758315,12.623658,23231.7,23750.0,23600,ATM+10,CALL,23100,2026-06-11
2026-06-11 14:35:00+05:30,14.15,14.95,14.15,14.3,23270,1753115,12.52599,23237.25,23750.0,23600,ATM+10,CALL,23100,2026-06-11
2026-06-11 14:36:00+05:30,18.8,18.85,17.5,17.6,126490,6144775,12.719218,23213.3,23700.0,23600,ATM+10,CALL,23100,2026-06-11
2026-06-11 14:37:00+05:30,13.45,13.9,12.9,13.8,139230,1746030,12.635765,23226.05,23750.0,23600,ATM+10,CALL,23100,2026-06-11
2026-06-11 14:38:00+05:30,17.85,18.35,17.35,17.4,95485,6099535,12.576008,23218.4,23700.0,23600,ATM+10,CALL,23100,2026-06-11
2026-06-11 14:39:00+05:30,17.4,17.5,16.3,17.05,199225,6085495,12.534147,23217.1,23700.0,23600,ATM+10,CALL,23100,2026-06-11
2026-06-11 14:40:00+05:30,17.0,17.15,16.25,16.35,110045,6073080,12.574668,23208.25,23700.0,23600,ATM+10,CALL,23100,2026-06-11
2026-06-11 14:41:00+05:30,16.4,16.5,15.75,16.3,153595,6062550,12.451994,23213.8,23700.0,23600,ATM+10,CALL,23100,2026-06-11
2026-06-11 14:42:00+05:30,16.4,16.45,15.6,16.0,131170,6072105,12.455393,23210.65,23700.0,23600,ATM+10,CALL,23100,2026-06-11
2026-06-11 14:43:00+05:30,16.0,16.3,14.7,14.7,239070,6059235,12.449464,23197.3,23700.0,23600,ATM+10,CALL,23100,2026-06-11
2026-06-11 14:44:00+05:30,14.75,15.35,14.65,15.3,215345,6005740,12.521643,23200.2,23700.0,23600,ATM+10,CALL,23100,2026-06-11
2026-06-11 14:45:00+05:30,15.55,15.55,15.05,15.25,184795,6007690,12.571245,23197.25,23700.0,23600,ATM+10,CALL,23100,2026-06-11
2026-06-11 14:46:00+05:30,15.2,15.85,15.0,15.0,196625,5955560,12.623588,23192.0,23700.0,23600,ATM+10,CALL,23100,2026-06-11
2026-06-11 14:47:00+05:30,19.1,19.3,17.45,17.95,231920,1809470,12.748147,23167.1,23650.0,23600,ATM+10,CALL,23100,2026-06-11
2026-06-11 14:48:00+05:30,14.0,14.85,13.9,14.85,167505,5773690,12.825413,23180.35,23700.0,23600,ATM+10,CALL,23100,2026-06-11
2026-06-11 14:49:00+05:30,15.0,15.3,14.75,15.0,166530,5696665,12.604309,23193.1,23700.0,23600,ATM+10,CALL,23100,2026-06-11
2026-06-11 14:50:00+05:30,19.15,19.35,18.0,18.05,106535,1773005,12.652561,23172.75,23650.0,23600,ATM+10,CALL,23100,2026-06-11
2026-06-11 14:51:00+05:30,18.15,18.75,18.0,18.0,41795,1776710,12.651068,23172.4,23650.0,23600,ATM+10,CALL,23100,2026-06-11
2026-06-11 14:52:00+05:30,18.05,18.35,17.55,17.55,51545,1771575,12.590877,23171.1,23650.0,23600,ATM+10,CALL,23100,2026-06-11
2026-06-11 14:53:00+05:30,17.6,17.95,17.35,17.65,80275,1758055,12.551116,23174.0,23650.0,23600,ATM+10,CALL,23100,2026-06-11
2026-06-11 14:54:00+05:30,17.7,17.8,17.35,17.65,49270,1767415,12.599936,23171.7,23650.0,23600,ATM+10,CALL,23100,2026-06-11
2026-06-11 14:55:00+05:30,17.7,17.95,17.4,17.6,42315,1761565,12.572288,23172.6,23650.0,23600,ATM+10,CALL,23100,2026-06-11
2026-06-11 14:56:00+05:30,17.65,17.75,17.15,17.25,40690,1762410,12.550712,23170.35,23650.0,23600,ATM+10,CALL,23100,2026-06-11
2026-06-11 14:57:00+05:30,17.2,17.55,16.95,17.2,70005,1766375,12.62763,23166.2,23650.0,23600,ATM+10,CALL,23100,2026-06-11
2026-06-11 14:58:00+05:30,17.15,17.45,17.1,17.25,52130,1769755,12.507957,23172.5,23650.0,23600,ATM+10,CALL,23100,2026-06-11
2026-06-11 14:59:00+05:30,13.5,13.8,13.05,13.7,182910,5758415,12.64175,23177.05,23700.0,23600,ATM+10,CALL,23100,2026-06-11
2026-06-11 15:00:00+05:30,17.75,19.25,16.75,16.75,280735,1834365,12.790814,23154.0,23650.0,23600,ATM+10,CALL,23100,2026-06-11
2026-06-11 15:01:00+05:30,16.55,17.0,16.0,16.3,111995,1852630,12.716355,23153.15,23650.0,23600,ATM+10,CALL,23100,2026-06-11
2026-06-11 15:02:00+05:30,16.3,16.9,15.6,16.6,117975,1850290,12.663391,23158.8,23650.0,23600,ATM+10,CALL,23100,2026-06-11
2026-06-11 15:03:00+05:30,16.7,16.8,16.2,16.8,47450,1843920,12.716484,23158.25,23650.0,23600,ATM+10,CALL,23100,2026-06-11
2026-06-11 15:04:00+05:30,16.7,17.0,16.55,16.65,62790,1843725,12.958443,23145.0,23650.0,23600,ATM+10,CALL,23100,2026-06-11
2026-06-11 15:05:00+05:30,16.55,16.8,16.1,16.45,229450,1928485,12.865712,23147.55,23650.0,23600,ATM+10,CALL,23100,2026-06-11
2026-06-11 15:06:00+05:30,16.5,16.65,16.05,16.2,151775,1986400,12.981471,23139.35,23650.0,23600,ATM+10,CALL,23100,2026-06-11
2026-06-11 15:07:00+05:30,16.15,16.9,16.15,16.75,113360,1991665,12.918458,23148.1,23650.0,23600,ATM+10,CALL,23100,2026-06-11
2026-06-11 15:08:00+05:30,16.85,17.25,16.75,16.75,89895,1989650,13.158913,23136.4,23650.0,23600,ATM+10,CALL,23100,2026-06-11
2026-06-11 15:09:00+05:30,16.8,17.45,16.75,17.2,67535,2002845,13.100082,23143.85,23650.0,23600,ATM+10,CALL,23100,2026-06-11
2026-06-11 15:10:00+05:30,17.2,17.8,17.2,17.7,144755,1969175,13.039227,23151.75,23650.0,23600,ATM+10,CALL,23100,2026-06-11
2026-06-11 15:11:00+05:30,17.95,18.15,17.5,17.55,90415,1970410,13.168149,23144.1,23650.0,23600,ATM+10,CALL,23100,2026-06-11
2026-06-11 15:12:00+05:30,17.55,18.35,17.5,18.2,90740,1961115,13.144968,23151.55,23650.0,23600,ATM+10,CALL,23100,2026-06-11
2026-06-11 15:13:00+05:30,18.15,18.9,18.1,18.55,113165,1956760,12.99955,23161.85,23650.0,23600,ATM+10,CALL,23100,2026-06-11
2026-06-11 15:14:00+05:30,18.65,19.05,18.55,18.7,113815,1966250,12.946713,23165.8,23650.0,23600,ATM+10,CALL,23100,2026-06-11
2026-06-11 15:15:00+05:30,18.9,19.3,18.05,18.55,216450,1960985,12.90604,23166.4,23650.0,23600,ATM+10,CALL,23100,2026-06-11
2026-06-11 15:16:00+05:30,14.5,15.3,14.25,14.95,205725,5933850,12.869738,23180.55,23700.0,23600,ATM+10,CALL,23100,2026-06-11
2026-06-11 15:17:00+05:30,14.95,15.35,14.95,15.1,122005,5929625,12.876638,23181.9,23700.0,23600,ATM+10,CALL,23100,2026-06-11
2026-06-11 15:18:00+05:30,15.1,15.5,15.1,15.1,193310,5904730,12.892607,23181.15,23700.0,23600,ATM+10,CALL,23100,2026-06-11
2026-06-11 15:19:00+05:30,19.5,19.5,18.7,18.8,100100,1982435,12.84023,23172.0,23650.0,23600,ATM+10,CALL,23100,2026-06-11
2026-06-11 15:20:00+05:30,14.7,15.0,14.25,14.3,202605,5896865,12.775288,23178.2,23700.0,23600,ATM+10,CALL,23100,2026-06-11
2026-06-11 15:21:00+05:30,14.4,15.35,14.3,14.55,160810,5901155,12.863274,23176.65,23700.0,23600,ATM+10,CALL,23100,2026-06-11
2026-06-11 15:22:00+05:30,18.45,19.4,18.45,18.45,221780,2047630,12.819811,23169.9,23650.0,23600,ATM+10,CALL,23100,2026-06-11
2026-06-11 15:23:00+05:30,18.3,18.85,18.2,18.4,112710,2069210,12.790068,23170.9,23650.0,23600,ATM+10,CALL,23100,2026-06-11
2026-06-11 15:24:00+05:30,18.35,18.95,18.35,18.75,75140,2070575,12.801633,23173.6,23650.0,23600,ATM+10,CALL,23100,2026-06-11
2026-06-11 15:25:00+05:30,18.75,19.5,18.6,19.35,178100,2090205,12.899834,23174.4,23650.0,23600,ATM+10,CALL,23100,2026-06-11
2026-06-11 15:26:00+05:30,14.8,15.25,14.5,14.95,329680,6040970,12.958144,23176.6,23700.0,23600,ATM+10,CALL,23100,2026-06-11
2026-06-11 15:27:00+05:30,15.0,15.2,14.75,15.1,192010,6052670,12.94218,23179.1,23700.0,23600,ATM+10,CALL,23100,2026-06-11
2026-06-11 15:28:00+05:30,15.2,15.3,15.0,15.25,360425,6146010,12.956988,23180.05,23700.0,23600,ATM+10,CALL,23100,2026-06-11
2026-06-11 15:29:00+05:30,15.25,15.35,14.9,15.15,263640,6129240,12.805558,23186.55,23700.0,23600,ATM+10,CALL,23100,2026-06-11
2026-06-11 09:15:00+05:30,523.95,566.7,488.7,504.6,28145,628095,16.943636,23104.4,23600.0,23600,ATM+10,PUT,23100,2026-06-11
2026-06-11 09:16:00+05:30,510.0,533.2,504.6,533.2,16640,616980,18.358102,23082.3,23600.0,23600,ATM+10,PUT,23100,2026-06-11
2026-06-11 09:17:00+05:30,534.0,541.85,530.0,530.0,5395,619515,19.061943,23092.9,23600.0,23600,ATM+10,PUT,23100,2026-06-11
2026-06-11 09:18:00+05:30,525.0,530.0,512.15,518.0,6825,619125,18.265569,23100.1,23600.0,23600,ATM+10,PUT,23100,2026-06-11
2026-06-11 09:19:00+05:30,518.0,518.0,507.0,507.0,18525,619060,18.479512,23115.85,23600.0,23600,ATM+10,PUT,23100,2026-06-11
2026-06-11 09:20:00+05:30,556.3,556.3,541.15,541.15,455,195000,18.980665,23128.6,23650.0,23600,ATM+10,PUT,23100,2026-06-11
2026-06-11 09:21:00+05:30,541.15,541.15,541.15,541.15,0,195000,20.370888,23142.45,23650.0,23600,ATM+10,PUT,23100,2026-06-11
2026-06-11 09:22:00+05:30,529.05,541.15,525.25,530.0,455,194935,19.032613,23142.9,23650.0,23600,ATM+10,PUT,23100,2026-06-11
2026-06-11 09:23:00+05:30,525.25,530.0,525.0,525.0,715,194740,17.54916,23135.25,23650.0,23600,ATM+10,PUT,23100,2026-06-11
2026-06-11 09:24:00+05:30,490.3,504.35,486.1,504.35,12805,628615,18.244735,23116.8,23600.0,23600,ATM+10,PUT,23100,2026-06-11
2026-06-11 09:25:00+05:30,506.0,508.0,500.35,508.0,5460,621335,17.907096,23109.0,23600.0,23600,ATM+10,PUT,23100,2026-06-11
2026-06-11 09:26:00+05:30,508.0,510.6,501.65,505.55,3575,620750,17.423808,23107.5,23600.0,23600,ATM+10,PUT,23100,2026-06-11
2026-06-11 09:27:00+05:30,506.75,519.75,505.55,516.0,4745,619710,18.153588,23101.45,23600.0,23600,ATM+10,PUT,23100,2026-06-11
2026-06-11 09:28:00+05:30,510.85,516.0,498.4,501.05,5005,617565,17.908821,23117.6,23600.0,23600,ATM+10,PUT,23100,2026-06-11
2026-06-11 09:29:00+05:30,499.15,501.05,492.75,498.05,3640,618085,17.967877,23121.9,23600.0,23600,ATM+10,PUT,23100,2026-06-11
2026-06-11 09:30:00+05:30,497.45,512.2,497.45,511.6,2665,617890,18.512523,23110.35,23600.0,23600,ATM+10,PUT,23100,2026-06-11
2026-06-11 09:31:00+05:30,511.6,518.45,505.15,505.15,9360,620425,18.360869,23116.9,23600.0,23600,ATM+10,PUT,23100,2026-06-11
2026-06-11 09:32:00+05:30,502.2,505.15,493.5,502.8,8645,623025,17.756744,23113.95,23600.0,23600,ATM+10,PUT,23100,2026-06-11
2026-06-11 09:33:00+05:30,508.8,522.0,502.8,520.5,8125,624000,18.753595,23101.6,23600.0,23600,ATM+10,PUT,23100,2026-06-11
2026-06-11 09:34:00+05:30,522.0,522.0,509.9,510.4,5785,619905,18.290848,23109.65,23600.0,23600,ATM+10,PUT,23100,2026-06-11
2026-06-11 09:35:00+05:30,512.9,526.4,510.4,525.05,10660,622570,18.85887,23096.95,23600.0,23600,ATM+10,PUT,23100,2026-06-11
2026-06-11 09:36:00+05:30,524.35,525.05,510.0,510.0,11375,618605,18.517063,23112.35,23600.0,23600,ATM+10,PUT,23100,2026-06-11
2026-06-11 09:37:00+05:30,510.0,510.85,501.0,505.0,4485,618410,18.591406,23119.35,23600.0,23600,ATM+10,PUT,23100,2026-06-11
2026-06-11 09:38:00+05:30,547.55,554.65,534.85,534.85,130,195715,18.305046,23129.95,23650.0,23600,ATM+10,PUT,23100,2026-06-11
2026-06-11 09:39:00+05:30,533.95,534.85,529.0,531.95,650,195715,18.180319,23132.35,23650.0,23600,ATM+10,PUT,23100,2026-06-11
2026-06-11 09:40:00+05:30,488.8,500.0,488.8,500.0,6305,628355,18.003818,23119.75,23600.0,23600,ATM+10,PUT,23100,2026-06-11
2026-06-11 09:41:00+05:30,501.25,502.55,498.3,501.1,3055,628160,18.205148,23120.35,23600.0,23600,ATM+10,PUT,23100,2026-06-11
2026-06-11 09:42:00+05:30,499.35,506.95,499.1,504.05,2275,628875,18.541115,23120.0,23600.0,23600,ATM+10,PUT,23100,2026-06-11
2026-06-11 09:43:00+05:30,536.05,550.95,525.0,528.85,845,195585,18.735181,23141.3,23650.0,23600,ATM+10,PUT,23100,2026-06-11
2026-06-11 09:44:00+05:30,528.85,528.85,528.85,528.85,0,195585,19.040605,23144.25,23650.0,23600,ATM+10,PUT,23100,2026-06-11
2026-06-11 09:45:00+05:30,520.85,528.85,515.3,516.75,3900,195520,17.606284,23145.65,23650.0,23600,ATM+10,PUT,23100,2026-06-11
2026-06-11 09:46:00+05:30,522.15,524.9,516.75,516.75,325,196430,18.544636,23154.45,23650.0,23600,ATM+10,PUT,23100,2026-06-11
2026-06-11 09:47:00+05:30,516.5,523.65,516.5,523.65,1495,196495,18.937688,23149.7,23650.0,23600,ATM+10,PUT,23100,2026-06-11
2026-06-11 09:48:00+05:30,527.8,530.85,523.65,530.85,260,196365,19.016792,23141.5,23650.0,23600,ATM+10,PUT,23100,2026-06-11
2026-06-11 09:49:00+05:30,527.25,530.85,518.65,520.95,585,196300,18.962003,23153.3,23650.0,23600,ATM+10,PUT,23100,2026-06-11
2026-06-11 09:50:00+05:30,526.0,526.0,506.35,506.35,2275,196235,18.087077,23162.9,23650.0,23600,ATM+10,PUT,23100,2026-06-11
2026-06-11 09:51:00+05:30,509.95,509.95,504.0,504.0,260,195585,18.258874,23167.5,23650.0,23600,ATM+10,PUT,23100,2026-06-11
2026-06-11 09:52:00+05:30,504.4,509.1,504.0,509.1,260,195585,19.214663,23170.8,23650.0,23600,ATM+10,PUT,23100,2026-06-11
2026-06-11 09:53:00+05:30,503.65,509.1,500.6,504.8,260,195715,18.835227,23172.3,23650.0,23600,ATM+10,PUT,23100,2026-06-11
2026-06-11 09:54:00+05:30,508.1,510.95,504.8,510.95,195,195715,17.570524,23152.35,23650.0,23600,ATM+10,PUT,23100,2026-06-11
2026-06-11 09:55:00+05:30,522.45,529.0,510.95,529.0,455,195780,18.820568,23141.85,23650.0,23600,ATM+10,PUT,23100,2026-06-11
2026-06-11 09:56:00+05:30,526.65,529.0,526.65,527.35,325,195780,18.464478,23140.5,23650.0,23600,ATM+10,PUT,23100,2026-06-11
2026-06-11 09:57:00+05:30,528.65,533.3,527.35,533.25,390,195780,18.234681,23131.15,23650.0,23600,ATM+10,PUT,23100,2026-06-11
2026-06-11 09:58:00+05:30,491.25,505.05,491.25,505.05,12220,615940,18.142662,23114.7,23600.0,23600,ATM+10,PUT,23100,2026-06-11
2026-06-11 09:59:00+05:30,504.05,507.95,497.25,502.5,4225,610480,18.115403,23117.6,23600.0,23600,ATM+10,PUT,23100,2026-06-11
2026-06-11 10:00:00+05:30,547.0,547.0,534.3,534.3,780,195650,18.273175,23130.2,23650.0,23600,ATM+10,PUT,23100,2026-06-11
2026-06-11 10:01:00+05:30,533.4,537.7,533.4,536.2,975,195715,18.776566,23132.5,23650.0,23600,ATM+10,PUT,23100,2026-06-11
2026-06-11 10:02:00+05:30,491.0,501.2,491.0,501.2,14560,610090,18.488073,23122.9,23600.0,23600,ATM+10,PUT,23100,2026-06-11
2026-06-11 10:03:00+05:30,497.8,504.9,489.3,502.4,8060,611520,18.434662,23120.85,23600.0,23600,ATM+10,PUT,23100,2026-06-11
2026-06-11 10:04:00+05:30,500.0,512.9,499.65,512.9,9295,612105,18.518529,23108.55,23600.0,23600,ATM+10,PUT,23100,2026-06-11
2026-06-11 10:05:00+05:30,514.55,516.0,504.8,506.7,2665,609180,18.085057,23112.05,23600.0,23600,ATM+10,PUT,23100,2026-06-11
2026-06-11 10:06:00+05:30,538.1,553.65,532.15,532.15,325,194740,18.759818,23137.3,23650.0,23600,ATM+10,PUT,23100,2026-06-11
2026-06-11 10:07:00+05:30,528.75,532.15,520.0,520.0,195,194610,18.285537,23147.8,23650.0,23600,ATM+10,PUT,23100,2026-06-11
2026-06-11 10:08:00+05:30,517.6,520.0,509.55,509.55,4615,194675,17.885062,23156.9,23650.0,23600,ATM+10,PUT,23100,2026-06-11
2026-06-11 10:09:00+05:30,511.05,513.35,505.9,513.35,715,195780,18.383342,23156.95,23650.0,23600,ATM+10,PUT,23100,2026-06-11
2026-06-11 10:10:00+05:30,513.3,513.35,511.65,511.65,260,195780,18.305425,23158.3,23650.0,23600,ATM+10,PUT,23100,2026-06-11
2026-06-11 10:11:00+05:30,509.15,511.65,503.2,505.05,910,195910,17.944302,23163.0,23650.0,23600,ATM+10,PUT,23100,2026-06-11
2026-06-11 10:12:00+05:30,505.05,505.05,505.05,505.05,0,195910,17.262155,23156.65,23650.0,23600,ATM+10,PUT,23100,2026-06-11
2026-06-11 10:13:00+05:30,510.5,510.5,505.05,510.5,65,195845,18.309749,23159.75,23650.0,23600,ATM+10,PUT,23100,2026-06-11
2026-06-11 10:14:00+05:30,505.0,520.8,505.0,520.8,455,195845,18.363081,23147.5,23650.0,23600,ATM+10,PUT,23100,2026-06-11
2026-06-11 10:15:00+05:30,514.4,520.8,507.05,507.05,195,195910,17.667661,23157.9,23650.0,23600,ATM+10,PUT,23100,2026-06-11
2026-06-11 10:16:00+05:30,505.35,507.8,500.4,505.8,5655,195650,18.245388,23164.95,23650.0,23600,ATM+10,PUT,23100,2026-06-11
2026-06-11 10:17:00+05:30,505.6,505.8,500.35,500.35,195,194155,17.981343,23169.15,23650.0,23600,ATM+10,PUT,23100,2026-06-11
2026-06-11 10:18:00+05:30,500.0,500.35,499.7,499.7,520,194025,18.290122,23173.0,23650.0,23600,ATM+10,PUT,23100,2026-06-11
2026-06-11 10:19:00+05:30,538.95,538.95,531.55,531.55,3965,517660,18.210454,23183.15,23700.0,23600,ATM+10,PUT,23100,2026-06-11
2026-06-11 10:20:00+05:30,531.05,535.25,524.0,524.0,2535,517855,17.978436,23190.25,23700.0,23600,ATM+10,PUT,23100,2026-06-11
2026-06-11 10:21:00+05:30,532.5,536.0,524.0,536.0,1495,517660,18.695019,23182.15,23700.0,23600,ATM+10,PUT,23100,2026-06-11
2026-06-11 10:22:00+05:30,534.15,539.8,533.3,539.8,1625,517400,18.954496,23179.9,23700.0,23600,ATM+10,PUT,23100,2026-06-11
2026-06-11 10:23:00+05:30,535.85,539.8,532.3,532.3,1040,517725,18.137251,23181.55,23700.0,23600,ATM+10,PUT,23100,2026-06-11
2026-06-11 10:24:00+05:30,536.0,540.6,532.3,540.6,585,518050,19.044511,23179.75,23700.0,23600,ATM+10,PUT,23100,2026-06-11
2026-06-11 10:25:00+05:30,538.6,540.6,538.6,540.0,130,518050,18.924416,23179.35,23700.0,23600,ATM+10,PUT,23100,2026-06-11
2026-06-11 10:26:00+05:30,537.55,540.0,524.0,524.0,910,517335,18.296709,23193.15,23700.0,23600,ATM+10,PUT,23100,2026-06-11
2026-06-11 10:27:00+05:30,525.05,525.15,510.3,511.5,2535,515580,18.194159,23207.6,23700.0,23600,ATM+10,PUT,23100,2026-06-11
2026-06-11 10:28:00+05:30,511.05,521.95,509.3,518.75,1820,515840,18.275002,23199.4,23700.0,23600,ATM+10,PUT,23100,2026-06-11
2026-06-11 10:29:00+05:30,518.9,521.75,514.0,519.15,2405,516815,18.338264,23199.5,23700.0,23600,ATM+10,PUT,23100,2026-06-11
2026-06-11 10:30:00+05:30,515.3,528.85,514.0,528.4,3510,515255,18.423575,23188.9,23700.0,23600,ATM+10,PUT,23100,2026-06-11
2026-06-11 10:31:00+05:30,532.7,532.7,521.95,521.95,1495,514670,18.664609,23199.15,23700.0,23600,ATM+10,PUT,23100,2026-06-11
2026-06-11 10:32:00+05:30,521.95,522.85,515.0,515.0,780,515255,18.274149,23204.0,23700.0,23600,ATM+10,PUT,23100,2026-06-11
2026-06-11 10:33:00+05:30,520.6,525.5,515.0,520.6,5460,515060,18.471372,23198.95,23700.0,23600,ATM+10,PUT,23100,2026-06-11
2026-06-11 10:34:00+05:30,520.6,520.6,520.6,520.6,0,515060,18.663989,23200.8,23700.0,23600,ATM+10,PUT,23100,2026-06-11
2026-06-11 10:35:00+05:30,515.8,520.6,515.6,518.75,780,516360,18.489294,23201.4,23700.0,23600,ATM+10,PUT,23100,2026-06-11
2026-06-11 10:36:00+05:30,522.15,529.15,518.75,525.05,2730,516035,18.761124,23196.2,23700.0,23600,ATM+10,PUT,23100,2026-06-11
2026-06-11 10:37:00+05:30,522.7,527.75,522.3,527.75,520,515840,18.662078,23191.9,23700.0,23600,ATM+10,PUT,23100,2026-06-11
2026-06-11 10:38:00+05:30,526.3,527.75,521.75,521.75,455,515710,18.638819,23199.1,23700.0,23600,ATM+10,PUT,23100,2026-06-11
2026-06-11 10:39:00+05:30,519.0,521.75,512.0,512.0,2405,515320,18.251291,23207.45,23700.0,23600,ATM+10,PUT,23100,2026-06-11
2026-06-11 10:40:00+05:30,515.1,515.3,508.65,513.25,520,515255,18.911902,23212.4,23700.0,23600,ATM+10,PUT,23100,2026-06-11
2026-06-11 10:41:00+05:30,509.75,513.55,509.55,513.55,975,515580,18.033682,23203.45,23700.0,23600,ATM+10,PUT,23100,2026-06-11
2026-06-11 10:42:00+05:30,518.7,524.2,513.55,517.0,6240,517465,18.727723,23205.85,23700.0,23600,ATM+10,PUT,23100,2026-06-11
2026-06-11 10:43:00+05:30,517.9,519.4,514.7,519.4,715,517725,18.650787,23202.1,23700.0,23600,ATM+10,PUT,23100,2026-06-11
2026-06-11 10:44:00+05:30,523.0,525.0,519.05,519.05,390,517530,18.887164,23204.85,23700.0,23600,ATM+10,PUT,23100,2026-06-11
2026-06-11 10:45:00+05:30,524.3,525.3,519.05,519.05,650,517140,18.862667,23204.6,23700.0,23600,ATM+10,PUT,23100,2026-06-11
2026-06-11 10:46:00+05:30,515.2,519.05,511.9,514.15,1040,517270,18.444358,23206.6,23700.0,23600,ATM+10,PUT,23100,2026-06-11
2026-06-11 10:47:00+05:30,518.85,518.95,514.05,514.05,585,516880,18.813113,23210.35,23700.0,23600,ATM+10,PUT,23100,2026-06-11
2026-06-11 10:48:00+05:30,512.0,519.8,511.7,519.8,1950,516555,19.0697,23205.7,23700.0,23600,ATM+10,PUT,23100,2026-06-11
2026-06-11 10:49:00+05:30,517.3,525.0,517.3,525.0,390,516490,18.507563,23193.75,23700.0,23600,ATM+10,PUT,23100,2026-06-11
2026-06-11 10:50:00+05:30,532.0,535.5,525.0,532.3,1755,516165,18.683302,23186.4,23700.0,23600,ATM+10,PUT,23100,2026-06-11
2026-06-11 10:51:00+05:30,528.0,532.3,524.9,527.0,1625,515840,18.371422,23190.0,23700.0,23600,ATM+10,PUT,23100,2026-06-11
2026-06-11 10:52:00+05:30,527.95,529.6,522.75,529.25,650,515125,18.459672,23188.05,23700.0,23600,ATM+10,PUT,23100,2026-06-11
2026-06-11 10:53:00+05:30,493.65,493.65,481.05,493.65,65,191945,17.739964,23174.9,23650.0,23600,ATM+10,PUT,23100,2026-06-11
2026-06-11 10:54:00+05:30,493.65,495.95,493.65,495.95,130,191945,18.013774,23174.7,23650.0,23600,ATM+10,PUT,23100,2026-06-11
2026-06-11 10:55:00+05:30,499.25,499.35,494.25,494.25,260,192010,17.642041,23173.2,23650.0,23600,ATM+10,PUT,23100,2026-06-11
2026-06-11 10:56:00+05:30,537.1,543.65,533.95,533.95,1885,508690,18.187655,23179.8,23700.0,23600,ATM+10,PUT,23100,2026-06-11
2026-06-11 10:57:00+05:30,534.0,538.15,533.95,538.15,975,508690,18.478996,23177.3,23700.0,23600,ATM+10,PUT,23100,2026-06-11
2026-06-11 10:58:00+05:30,537.55,540.0,536.5,540.0,260,508820,18.546754,23175.65,23700.0,23600,ATM+10,PUT,23100,2026-06-11
2026-06-11 10:59:00+05:30,543.6,544.75,540.0,543.5,325,508690,19.110256,23176.55,23700.0,23600,ATM+10,PUT,23100,2026-06-11
2026-06-11 11:00:00+05:30,490.0,490.0,490.0,490.0,0,192010,16.67501,23169.45,23650.0,23600,ATM+10,PUT,23100,2026-06-11
2026-06-11 11:01:00+05:30,496.25,501.2,490.0,501.2,325,191945,17.913396,23167.15,23650.0,23600,ATM+10,PUT,23100,2026-06-11
2026-06-11 11:02:00+05:30,500.35,501.2,496.35,496.35,260,191945,17.359134,23167.9,23650.0,23600,ATM+10,PUT,23100,2026-06-11
2026-06-11 11:03:00+05:30,542.45,545.0,539.0,539.0,455,506155,18.938058,23180.45,23700.0,23600,ATM+10,PUT,23100,2026-06-11
2026-06-11 11:04:00+05:30,531.0,539.0,527.65,529.85,325,506155,17.834443,23181.6,23700.0,23600,ATM+10,PUT,23100,2026-06-11
2026-06-11 11:05:00+05:30,529.85,529.85,514.7,514.8,3705,506025,17.821877,23199.8,23700.0,23600,ATM+10,PUT,23100,2026-06-11
2026-06-11 11:06:00+05:30,514.35,522.95,511.05,514.15,1430,507715,18.208387,23204.2,23700.0,23600,ATM+10,PUT,23100,2026-06-11
2026-06-11 11:07:00+05:30,512.0,525.0,508.05,525.0,1690,507715,18.121436,23190.05,23700.0,23600,ATM+10,PUT,23100,2026-06-11
2026-06-11 11:08:00+05:30,527.35,529.2,520.0,521.6,780,507910,18.185731,23194.8,23700.0,23600,ATM+10,PUT,23100,2026-06-11
2026-06-11 11:09:00+05:30,529.0,531.0,521.6,528.4,1950,507910,18.941667,23193.55,23700.0,23600,ATM+10,PUT,23100,2026-06-11
2026-06-11 11:10:00+05:30,529.0,529.05,528.4,529.05,715,506285,18.812755,23191.5,23700.0,23600,ATM+10,PUT,23100,2026-06-11
2026-06-11 11:11:00+05:30,523.25,529.05,523.25,527.45,520,505895,18.358422,23189.2,23700.0,23600,ATM+10,PUT,23100,2026-06-11
2026-06-11 11:12:00+05:30,527.8,527.8,527.45,527.8,260,505895,18.16554,23187.0,23700.0,23600,ATM+10,PUT,23100,2026-06-11
2026-06-11 11:13:00+05:30,522.05,528.75,522.05,528.75,975,505375,18.100745,23185.25,23700.0,23600,ATM+10,PUT,23100,2026-06-11
2026-06-11 11:14:00+05:30,526.5,532.95,526.5,532.95,455,505180,18.440782,23183.2,23700.0,23600,ATM+10,PUT,23100,2026-06-11
2026-06-11 11:15:00+05:30,527.95,532.95,524.0,524.0,130,505115,17.791278,23188.25,23700.0,23600,ATM+10,PUT,23100,2026-06-11
2026-06-11 11:16:00+05:30,525.85,525.85,524.0,525.85,195,505115,18.175598,23189.45,23700.0,23600,ATM+10,PUT,23100,2026-06-11
2026-06-11 11:17:00+05:30,530.0,530.0,520.15,521.6,845,505115,18.099639,23193.95,23700.0,23600,ATM+10,PUT,23100,2026-06-11
2026-06-11 11:18:00+05:30,519.5,521.6,509.4,509.4,325,505245,17.692739,23205.15,23700.0,23600,ATM+10,PUT,23100,2026-06-11
2026-06-11 11:19:00+05:30,509.4,515.3,508.05,515.3,2470,506740,18.288087,23203.45,23700.0,23600,ATM+10,PUT,23100,2026-06-11
2026-06-11 11:20:00+05:30,514.0,515.3,504.0,504.0,390,506935,17.775981,23212.55,23700.0,23600,ATM+10,PUT,23100,2026-06-11
2026-06-11 11:21:00+05:30,503.05,504.2,497.15,497.15,2470,507260,17.701535,23220.3,23700.0,23600,ATM+10,PUT,23100,2026-06-11
2026-06-11 11:22:00+05:30,498.2,503.15,495.45,502.0,3575,508170,17.679994,23214.1,23700.0,23600,ATM+10,PUT,23100,2026-06-11
2026-06-11 11:23:00+05:30,502.0,506.0,499.05,506.0,1170,508495,18.090573,23213.05,23700.0,23600,ATM+10,PUT,23100,2026-06-11
2026-06-11 11:24:00+05:30,505.9,506.85,500.0,500.0,520,508690,17.884181,23218.5,23700.0,23600,ATM+10,PUT,23100,2026-06-11
2026-06-11 11:25:00+05:30,498.55,501.2,496.8,497.8,1300,508625,17.309796,23215.8,23700.0,23600,ATM+10,PUT,23100,2026-06-11
2026-06-11 11:26:00+05:30,555.6,555.6,555.6,555.6,0,71045,20.828304,23228.5,23750.0,23600,ATM+10,PUT,23100,2026-06-11
2026-06-11 11:27:00+05:30,527.15,555.6,522.95,522.95,195,70460,17.143676,23234.1,23750.0,23600,ATM+10,PUT,23100,2026-06-11
2026-06-11 11:28:00+05:30,521.95,522.95,521.95,521.95,65,70590,17.232806,23236.05,23750.0,23600,ATM+10,PUT,23100,2026-06-11
2026-06-11 11:29:00+05:30,521.95,521.95,521.95,521.95,0,70590,17.162698,23235.45,23750.0,23600,ATM+10,PUT,23100,2026-06-11
2026-06-11 11:30:00+05:30,520.0,524.7,518.7,524.7,585,70525,17.635095,23236.2,23750.0,23600,ATM+10,PUT,23100,2026-06-11
2026-06-11 11:31:00+05:30,527.1,534.15,524.7,532.15,455,70525,17.528758,23226.3,23750.0,23600,ATM+10,PUT,23100,2026-06-11
2026-06-11 11:32:00+05:30,532.15,535.5,532.15,535.5,455,70590,17.980736,23226.15,23750.0,23600,ATM+10,PUT,23100,2026-06-11
2026-06-11 11:33:00+05:30,535.5,535.5,535.5,535.5,0,70590,18.798505,23233.55,23750.0,23600,ATM+10,PUT,23100,2026-06-11
2026-06-11 11:34:00+05:30,532.4,535.5,532.0,532.0,260,70460,17.515186,23226.35,23750.0,23600,ATM+10,PUT,23100,2026-06-11
2026-06-11 11:35:00+05:30,532.0,532.0,532.0,532.0,0,70460,18.4227,23234.35,23750.0,23600,ATM+10,PUT,23100,2026-06-11
2026-06-11 11:36:00+05:30,486.9,496.0,483.45,496.0,3445,507715,17.70377,23221.65,23700.0,23600,ATM+10,PUT,23100,2026-06-11
2026-06-11 11:37:00+05:30,492.9,496.0,490.45,493.75,1040,506415,17.021243,23218.05,23700.0,23600,ATM+10,PUT,23100,2026-06-11
2026-06-11 11:38:00+05:30,494.75,501.0,493.75,501.0,2210,504270,17.687022,23215.3,23700.0,23600,ATM+10,PUT,23100,2026-06-11
2026-06-11 11:39:00+05:30,499.5,502.75,493.35,495.3,1820,503425,17.750845,23222.95,23700.0,23600,ATM+10,PUT,23100,2026-06-11
2026-06-11 11:40:00+05:30,494.5,495.3,490.2,494.85,845,503425,17.703832,23223.05,23700.0,23600,ATM+10,PUT,23100,2026-06-11
2026-06-11 11:41:00+05:30,539.15,540.6,537.6,540.6,130,70005,19.127096,23230.3,23750.0,23600,ATM+10,PUT,23100,2026-06-11
2026-06-11 11:42:00+05:30,515.0,540.6,515.0,515.0,260,70005,17.261402,23244.6,23750.0,23600,ATM+10,PUT,23100,2026-06-11
2026-06-11 11:43:00+05:30,518.45,518.45,515.0,518.45,65,70005,17.39041,23241.55,23750.0,23600,ATM+10,PUT,23100,2026-06-11
2026-06-11 11:44:00+05:30,515.0,518.45,515.0,515.0,195,70005,18.261709,23253.7,23750.0,23600,ATM+10,PUT,23100,2026-06-11
2026-06-11 11:45:00+05:30,505.0,515.0,505.0,509.85,780,69680,17.620648,23254.05,23750.0,23600,ATM+10,PUT,23100,2026-06-11
2026-06-11 11:46:00+05:30,509.1,511.35,505.0,505.0,260,69680,17.382338,23257.8,23750.0,23600,ATM+10,PUT,23100,2026-06-11
2026-06-11 11:47:00+05:30,506.75,507.05,491.3,491.4,1365,70265,16.809392,23269.2,23750.0,23600,ATM+10,PUT,23100,2026-06-11
2026-06-11 11:48:00+05:30,490.6,498.0,490.6,498.0,325,70265,17.594879,23268.35,23750.0,23600,ATM+10,PUT,23100,2026-06-11
2026-06-11 11:49:00+05:30,498.35,502.2,498.0,498.0,455,70265,17.257302,23265.2,23750.0,23600,ATM+10,PUT,23100,2026-06-11
2026-06-11 11:50:00+05:30,497.9,498.0,493.35,493.35,650,70265,17.564924,23273.8,23750.0,23600,ATM+10,PUT,23100,2026-06-11
2026-06-11 11:51:00+05:30,491.45,497.35,491.45,497.35,390,70460,17.570162,23268.9,23750.0,23600,ATM+10,PUT,23100,2026-06-11
2026-06-11 11:52:00+05:30,496.4,501.0,496.4,498.25,1235,70460,17.813553,23270.1,23750.0,23600,ATM+10,PUT,23100,2026-06-11
2026-06-11 11:53:00+05:30,494.7,498.25,494.7,495.8,325,71240,17.912844,23274.1,23750.0,23600,ATM+10,PUT,23100,2026-06-11
2026-06-11 11:54:00+05:30,490.0,495.8,490.0,495.25,1755,71240,17.724404,23272.95,23750.0,23600,ATM+10,PUT,23100,2026-06-11
2026-06-11 11:55:00+05:30,491.75,495.25,491.75,491.8,260,70590,17.366504,23273.8,23750.0,23600,ATM+10,PUT,23100,2026-06-11
2026-06-11 11:56:00+05:30,539.35,541.0,521.3,522.9,5330,408200,17.266955,23285.3,23800.0,23600,ATM+10,PUT,23100,2026-06-11
2026-06-11 11:57:00+05:30,526.0,530.1,522.9,525.0,3770,408850,17.520916,23284.95,23800.0,23600,ATM+10,PUT,23100,2026-06-11
2026-06-11 11:58:00+05:30,525.0,525.0,516.0,520.5,4745,407095,17.579427,23290.9,23800.0,23600,ATM+10,PUT,23100,2026-06-11
2026-06-11 11:59:00+05:30,528.35,530.65,520.5,530.65,585,406900,18.094311,23283.15,23800.0,23600,ATM+10,PUT,23100,2026-06-11
2026-06-11 12:00:00+05:30,525.55,530.65,523.8,529.95,1820,407355,18.155778,23284.55,23800.0,23600,ATM+10,PUT,23100,2026-06-11
2026-06-11 12:01:00+05:30,529.35,529.95,525.0,525.2,520,407355,17.958099,23288.55,23800.0,23600,ATM+10,PUT,23100,2026-06-11
2026-06-11 12:02:00+05:30,523.55,528.3,523.15,528.3,975,407290,18.061648,23285.7,23800.0,23600,ATM+10,PUT,23100,2026-06-11
2026-06-11 12:03:00+05:30,526.95,528.3,524.0,525.0,845,407290,18.092519,23290.0,23800.0,23600,ATM+10,PUT,23100,2026-06-11
2026-06-11 12:04:00+05:30,526.75,526.75,525.0,526.75,130,406705,17.96421,23286.7,23800.0,23600,ATM+10,PUT,23100,2026-06-11
2026-06-11 12:05:00+05:30,526.3,537.7,526.3,536.0,3445,407160,18.597309,23281.15,23800.0,23600,ATM+10,PUT,23100,2026-06-11
2026-06-11 12:06:00+05:30,528.9,536.0,528.9,532.0,1755,407160,18.165073,23282.1,23800.0,23600,ATM+10,PUT,23100,2026-06-11
2026-06-11 12:07:00+05:30,530.7,532.0,521.0,521.45,1300,405795,17.647446,23290.3,23800.0,23600,ATM+10,PUT,23100,2026-06-11
2026-06-11 12:08:00+05:30,523.55,528.85,521.45,528.85,195,405795,18.0288,23284.7,23800.0,23600,ATM+10,PUT,23100,2026-06-11
2026-06-11 12:09:00+05:30,527.35,528.85,527.35,528.75,130,405730,17.852581,23283.25,23800.0,23600,ATM+10,PUT,23100,2026-06-11
2026-06-11 12:10:00+05:30,531.4,534.9,528.75,534.9,780,405665,18.181961,23278.7,23800.0,23600,ATM+10,PUT,23100,2026-06-11
2026-06-11 12:11:00+05:30,532.05,538.95,532.05,535.65,1235,405080,18.155704,23277.55,23800.0,23600,ATM+10,PUT,23100,2026-06-11
2026-06-11 12:12:00+05:30,533.9,536.5,533.9,536.5,195,405080,18.894124,23283.25,23800.0,23600,ATM+10,PUT,23100,2026-06-11
2026-06-11 12:13:00+05:30,529.65,536.5,528.15,528.15,130,405145,18.131824,23286.45,23800.0,23600,ATM+10,PUT,23100,2026-06-11
2026-06-11 12:14:00+05:30,532.75,532.75,527.1,527.1,390,404885,18.112485,23287.55,23800.0,23600,ATM+10,PUT,23100,2026-06-11
2026-06-11 12:15:00+05:30,522.0,527.1,508.95,515.4,9165,404885,18.028363,23301.1,23800.0,23600,ATM+10,PUT,23100,2026-06-11
2026-06-11 12:16:00+05:30,512.4,519.95,506.55,509.4,5850,405015,17.589211,23304.4,23800.0,23600,ATM+10,PUT,23100,2026-06-11
2026-06-11 12:17:00+05:30,509.85,518.5,504.5,518.4,3250,405015,18.054939,23297.65,23800.0,23600,ATM+10,PUT,23100,2026-06-11
2026-06-11 12:18:00+05:30,517.65,522.8,517.65,519.4,1040,405080,17.822912,23294.3,23800.0,23600,ATM+10,PUT,23100,2026-06-11
2026-06-11 12:19:00+05:30,520.95,526.0,519.4,526.0,1625,405015,18.182502,23289.5,23800.0,23600,ATM+10,PUT,23100,2026-06-11
2026-06-11 12:20:00+05:30,524.25,530.15,524.25,530.15,975,405015,18.129581,23283.95,23800.0,23600,ATM+10,PUT,23100,2026-06-11
2026-06-11 12:21:00+05:30,530.0,533.0,526.95,531.5,975,405145,18.229702,23283.2,23800.0,23600,ATM+10,PUT,23100,2026-06-11
2026-06-11 12:22:00+05:30,529.0,531.5,523.7,525.0,2080,405145,17.810199,23287.35,23800.0,23600,ATM+10,PUT,23100,2026-06-11
2026-06-11 12:23:00+05:30,527.0,527.0,520.0,520.0,780,404885,17.801894,23293.35,23800.0,23600,ATM+10,PUT,23100,2026-06-11
2026-06-11 12:24:00+05:30,522.3,525.0,520.0,524.35,520,404365,18.211026,23291.75,23800.0,23600,ATM+10,PUT,23100,2026-06-11
2026-06-11 12:25:00+05:30,528.25,529.9,524.35,527.35,2795,404235,18.279729,23288.7,23800.0,23600,ATM+10,PUT,23100,2026-06-11
2026-06-11 12:26:00+05:30,524.1,527.35,520.55,520.55,195,405145,17.800474,23292.65,23800.0,23600,ATM+10,PUT,23100,2026-06-11
2026-06-11 12:27:00+05:30,523.5,524.2,520.35,524.2,910,404950,18.312314,23292.85,23800.0,23600,ATM+10,PUT,23100,2026-06-11
2026-06-11 12:28:00+05:30,522.2,524.2,515.0,516.1,4420,404365,18.097389,23300.8,23800.0,23600,ATM+10,PUT,23100,2026-06-11
2026-06-11 12:29:00+05:30,519.75,519.75,515.05,519.05,520,404365,18.143864,23297.6,23800.0,23600,ATM+10,PUT,23100,2026-06-11
2026-06-11 12:30:00+05:30,517.2,519.05,503.75,503.75,1950,404430,17.003485,23305.95,23800.0,23600,ATM+10,PUT,23100,2026-06-11
2026-06-11 12:31:00+05:30,509.75,511.8,497.9,501.0,7410,404755,17.736668,23316.0,23800.0,23600,ATM+10,PUT,23100,2026-06-11
2026-06-11 12:32:00+05:30,499.25,501.0,493.1,493.55,7150,408005,17.195308,23320.1,23800.0,23600,ATM+10,PUT,23100,2026-06-11
2026-06-11 12:33:00+05:30,495.25,500.9,493.55,496.0,8385,408525,17.081011,23316.05,23800.0,23600,ATM+10,PUT,23100,2026-06-11
2026-06-11 12:34:00+05:30,497.85,500.4,494.65,495.0,3705,409370,17.594934,23322.05,23800.0,23600,ATM+10,PUT,23100,2026-06-11
2026-06-11 12:35:00+05:30,493.1,507.75,489.05,503.6,4095,411190,17.777292,23313.15,23800.0,23600,ATM+10,PUT,23100,2026-06-11
2026-06-11 12:36:00+05:30,500.9,506.45,500.8,504.35,1625,412035,17.296916,23307.8,23800.0,23600,ATM+10,PUT,23100,2026-06-11
2026-06-11 12:37:00+05:30,504.35,511.65,504.35,511.65,1950,411320,16.613411,23293.1,23800.0,23600,ATM+10,PUT,23100,2026-06-11
2026-06-11 12:38:00+05:30,510.05,516.1,507.45,516.1,2730,410410,17.31004,23293.65,23800.0,23600,ATM+10,PUT,23100,2026-06-11
2026-06-11 12:39:00+05:30,513.5,516.1,505.55,505.55,2080,411320,16.282673,23297.65,23800.0,23600,ATM+10,PUT,23100,2026-06-11
2026-06-11 12:40:00+05:30,507.3,515.0,505.55,515.0,3770,410865,17.641407,23297.9,23800.0,23600,ATM+10,PUT,23100,2026-06-11
2026-06-11 12:41:00+05:30,512.8,516.15,508.5,516.15,2730,410345,17.490109,23295.15,23800.0,23600,ATM+10,PUT,23100,2026-06-11
2026-06-11 12:42:00+05:30,515.0,518.0,511.45,515.0,1690,409955,17.491274,23296.55,23800.0,23600,ATM+10,PUT,23100,2026-06-11
2026-06-11 12:43:00+05:30,514.05,520.05,514.05,515.8,2405,409760,17.253912,23293.5,23800.0,23600,ATM+10,PUT,23100,2026-06-11
2026-06-11 12:44:00+05:30,515.0,515.8,514.0,514.7,780,409695,17.400263,23296.1,23800.0,23600,ATM+10,PUT,23100,2026-06-11
2026-06-11 12:45:00+05:30,511.9,516.35,511.9,514.4,2275,410150,17.238967,23295.05,23800.0,23600,ATM+10,PUT,23100,2026-06-11
2026-06-11 12:46:00+05:30,509.9,514.4,503.6,503.6,1950,410735,16.459499,23301.4,23800.0,23600,ATM+10,PUT,23100,2026-06-11
2026-06-11 12:47:00+05:30,503.6,515.0,503.6,514.3,1105,410735,17.016165,23293.25,23800.0,23600,ATM+10,PUT,23100,2026-06-11
2026-06-11 12:48:00+05:30,514.8,522.05,514.3,522.05,10530,410605,17.271295,23286.1,23800.0,23600,ATM+10,PUT,23100,2026-06-11
2026-06-11 12:49:00+05:30,523.7,530.0,522.05,530.0,3900,403520,17.134362,23275.45,23800.0,23600,ATM+10,PUT,23100,2026-06-11
2026-06-11 12:50:00+05:30,527.5,530.0,523.25,524.95,1430,403000,17.24617,23282.4,23800.0,23600,ATM+10,PUT,23100,2026-06-11
2026-06-11 12:51:00+05:30,517.0,525.95,516.0,525.95,2470,402415,17.228451,23281.05,23800.0,23600,ATM+10,PUT,23100,2026-06-11
2026-06-11 12:52:00+05:30,525.45,528.4,523.7,528.4,1040,402155,17.346698,23279.1,23800.0,23600,ATM+10,PUT,23100,2026-06-11
2026-06-11 12:53:00+05:30,522.05,528.4,518.5,522.05,650,402025,17.101698,23284.65,23800.0,23600,ATM+10,PUT,23100,2026-06-11
2026-06-11 12:54:00+05:30,519.15,522.05,519.15,519.15,260,402090,15.67494,23276.95,23800.0,23600,ATM+10,PUT,23100,2026-06-11
2026-06-11 12:55:00+05:30,519.15,519.15,519.15,519.15,0,402090,15.674941,23276.95,23800.0,23600,ATM+10,PUT,23100,2026-06-11
2026-06-11 12:56:00+05:30,520.8,522.95,518.0,518.0,1430,401635,16.295585,23282.95,23800.0,23600,ATM+10,PUT,23100,2026-06-11
2026-06-11 12:57:00+05:30,518.05,518.05,504.0,504.0,1040,401635,16.230887,23299.0,23800.0,23600,ATM+10,PUT,23100,2026-06-11
2026-06-11 12:58:00+05:30,504.0,505.0,497.9,500.4,3445,402090,16.294022,23303.8,23800.0,23600,ATM+10,PUT,23100,2026-06-11
2026-06-11 12:59:00+05:30,500.4,503.0,494.45,494.45,975,403195,15.972422,23308.25,23800.0,23600,ATM+10,PUT,23100,2026-06-11
2026-06-11 13:00:00+05:30,493.05,494.45,474.75,477.2,7800,403455,15.40503,23324.15,23800.0,23600,ATM+10,PUT,23100,2026-06-11
2026-06-11 13:01:00+05:30,478.65,492.0,477.2,492.0,5395,405080,16.324029,23314.1,23800.0,23600,ATM+10,PUT,23100,2026-06-11
2026-06-11 13:02:00+05:30,491.75,500.8,489.25,497.3,4290,404950,16.205165,23306.75,23800.0,23600,ATM+10,PUT,23100,2026-06-11
2026-06-11 13:03:00+05:30,499.0,502.0,497.3,502.0,1950,404365,16.568089,23304.15,23800.0,23600,ATM+10,PUT,23100,2026-06-11
2026-06-11 13:04:00+05:30,503.8,503.8,498.0,500.2,910,404235,15.996962,23301.6,23800.0,23600,ATM+10,PUT,23100,2026-06-11
2026-06-11 13:05:00+05:30,502.15,505.55,500.2,503.25,5915,403975,16.574971,23302.7,23800.0,23600,ATM+10,PUT,23100,2026-06-11
2026-06-11 13:06:00+05:30,500.0,504.55,500.0,500.5,1430,406965,16.029845,23301.5,23800.0,23600,ATM+10,PUT,23100,2026-06-11
2026-06-11 13:07:00+05:30,503.85,504.75,500.0,502.3,1235,406380,15.990458,23299.05,23800.0,23600,ATM+10,PUT,23100,2026-06-11
2026-06-11 13:08:00+05:30,509.0,511.15,502.3,510.0,2405,406120,16.238198,23291.9,23800.0,23600,ATM+10,PUT,23100,2026-06-11
2026-06-11 13:09:00+05:30,508.6,521.0,508.6,521.0,975,406770,16.460514,23280.65,23800.0,23600,ATM+10,PUT,23100,2026-06-11
2026-06-11 13:10:00+05:30,520.0,521.65,519.05,519.05,260,406380,16.403369,23282.5,23800.0,23600,ATM+10,PUT,23100,2026-06-11
2026-06-11 13:11:00+05:30,520.5,525.0,519.05,524.8,1235,406445,16.814794,23278.95,23800.0,23600,ATM+10,PUT,23100,2026-06-11
2026-06-11 13:12:00+05:30,477.1,491.25,476.05,483.4,2145,72540,15.516424,23267.45,23750.0,23600,ATM+10,PUT,23100,2026-06-11
2026-06-11 13:13:00+05:30,486.85,486.85,483.4,486.85,65,72540,15.126781,23260.35,23750.0,23600,ATM+10,PUT,23100,2026-06-11
2026-06-11 13:14:00+05:30,491.7,491.95,486.85,491.95,195,72280,15.784801,23259.45,23750.0,23600,ATM+10,PUT,23100,2026-06-11
2026-06-11 13:15:00+05:30,490.2,491.95,489.55,491.05,325,72280,15.751827,23260.25,23750.0,23600,ATM+10,PUT,23100,2026-06-11
2026-06-11 13:16:00+05:30,487.15,491.05,487.15,487.7,195,72280,14.556882,23255.2,23750.0,23600,ATM+10,PUT,23100,2026-06-11
2026-06-11 13:17:00+05:30,494.05,498.95,485.0,485.0,3510,71825,15.223934,23263.25,23750.0,23600,ATM+10,PUT,23100,2026-06-11
2026-06-11 13:18:00+05:30,492.4,494.85,485.0,491.9,260,71695,15.034502,23253.75,23750.0,23600,ATM+10,PUT,23100,2026-06-11
2026-06-11 13:19:00+05:30,491.15,494.05,488.85,492.55,2145,71695,15.184947,23254.1,23750.0,23600,ATM+10,PUT,23100,2026-06-11
2026-06-11 13:20:00+05:30,495.85,506.25,492.55,506.25,1820,71045,16.764306,23250.4,23750.0,23600,ATM+10,PUT,23100,2026-06-11
2026-06-11 13:21:00+05:30,506.75,515.45,506.25,515.45,1560,70720,16.690778,23238.8,23750.0,23600,ATM+10,PUT,23100,2026-06-11
2026-06-11 13:22:00+05:30,520.0,520.7,515.45,517.65,845,70265,15.668278,23228.4,23750.0,23600,ATM+10,PUT,23100,2026-06-11
2026-06-11 13:23:00+05:30,512.1,517.65,503.7,507.25,585,70265,16.099011,23243.8,23750.0,23600,ATM+10,PUT,23100,2026-06-11
2026-06-11 13:24:00+05:30,505.2,515.55,505.2,510.0,1690,70525,15.935734,23239.3,23750.0,23600,ATM+10,PUT,23100,2026-06-11
2026-06-11 13:25:00+05:30,511.95,514.8,510.0,514.8,715,70850,15.818317,23232.8,23750.0,23600,ATM+10,PUT,23100,2026-06-11
2026-06-11 13:26:00+05:30,524.8,527.85,514.8,525.25,1820,71110,16.423137,23225.1,23750.0,23600,ATM+10,PUT,23100,2026-06-11
2026-06-11 13:27:00+05:30,523.9,525.25,520.0,520.0,455,69875,16.336129,23230.6,23750.0,23600,ATM+10,PUT,23100,2026-06-11
2026-06-11 13:28:00+05:30,523.05,523.05,515.15,515.15,130,69680,16.021945,23233.9,23750.0,23600,ATM+10,PUT,23100,2026-06-11
2026-06-11 13:29:00+05:30,512.2,515.15,512.2,512.2,130,69680,16.723154,23242.9,23750.0,23600,ATM+10,PUT,23100,2026-06-11
2026-06-11 13:30:00+05:30,500.0,512.2,490.1,492.3,845,69680,15.597291,23257.5,23750.0,23600,ATM+10,PUT,23100,2026-06-11
2026-06-11 13:31:00+05:30,496.95,504.35,492.3,494.85,520,69420,15.878915,23256.7,23750.0,23600,ATM+10,PUT,23100,2026-06-11
2026-06-11 13:32:00+05:30,493.1,494.85,490.1,490.35,455,69745,15.972653,23262.8,23750.0,23600,ATM+10,PUT,23100,2026-06-11
2026-06-11 13:33:00+05:30,491.3,491.4,490.35,490.35,195,69745,15.463506,23258.75,23750.0,23600,ATM+10,PUT,23100,2026-06-11
2026-06-11 13:34:00+05:30,505.55,508.2,490.35,508.0,585,70005,16.198093,23243.65,23750.0,23600,ATM+10,PUT,23100,2026-06-11
2026-06-11 13:35:00+05:30,504.7,508.0,499.75,499.75,390,70005,15.634086,23249.0,23750.0,23600,ATM+10,PUT,23100,2026-06-11
2026-06-11 13:36:00+05:30,499.75,499.75,499.75,499.75,0,70005,16.547176,23256.3,23750.0,23600,ATM+10,PUT,23100,2026-06-11
2026-06-11 13:37:00+05:30,497.25,501.9,497.25,499.35,260,70395,15.846358,23251.1,23750.0,23600,ATM+10,PUT,23100,2026-06-11
2026-06-11 13:38:00+05:30,505.5,514.1,499.35,512.3,520,70395,16.681376,23242.4,23750.0,23600,ATM+10,PUT,23100,2026-06-11
2026-06-11 13:39:00+05:30,510.35,524.35,510.35,524.35,1040,70330,17.252276,23232.7,23750.0,23600,ATM+10,PUT,23100,2026-06-11
2026-06-11 13:40:00+05:30,516.65,524.35,516.1,518.65,325,70460,16.415084,23232.75,23750.0,23600,ATM+10,PUT,23100,2026-06-11
2026-06-11 13:41:00+05:30,518.9,525.0,518.65,521.9,325,70460,16.490463,23229.5,23750.0,23600,ATM+10,PUT,23100,2026-06-11
2026-06-11 13:42:00+05:30,514.0,521.9,514.0,519.9,715,70655,16.209474,23229.7,23750.0,23600,ATM+10,PUT,23100,2026-06-11
2026-06-11 13:43:00+05:30,476.0,484.0,472.85,480.2,4485,498420,15.327704,23219.45,23700.0,23600,ATM+10,PUT,23100,2026-06-11
2026-06-11 13:44:00+05:30,481.15,486.0,473.25,474.15,3445,497640,14.98241,23223.9,23700.0,23600,ATM+10,PUT,23100,2026-06-11
2026-06-11 13:45:00+05:30,477.0,480.05,474.15,479.9,1235,496600,15.498546,23221.15,23700.0,23600,ATM+10,PUT,23100,2026-06-11
2026-06-11 13:46:00+05:30,525.85,530.8,516.35,516.35,2405,69420,15.364909,23227.7,23750.0,23600,ATM+10,PUT,23100,2026-06-11
2026-06-11 13:47:00+05:30,513.9,516.35,505.8,514.5,2600,69225,15.773093,23232.75,23750.0,23600,ATM+10,PUT,23100,2026-06-11
2026-06-11 13:48:00+05:30,514.0,514.5,507.05,513.25,975,68705,15.46092,23231.95,23750.0,23600,ATM+10,PUT,23100,2026-06-11
2026-06-11 13:49:00+05:30,516.35,517.9,513.25,517.9,1300,68705,15.986612,23230.35,23750.0,23600,ATM+10,PUT,23100,2026-06-11
2026-06-11 13:50:00+05:30,471.25,475.95,470.6,472.45,650,496730,14.762007,23224.2,23700.0,23600,ATM+10,PUT,23100,2026-06-11
2026-06-11 13:51:00+05:30,517.95,523.3,514.8,514.8,975,68250,14.880006,23226.2,23750.0,23600,ATM+10,PUT,23100,2026-06-11
2026-06-11 13:52:00+05:30,515.9,522.25,512.2,512.2,1040,68055,14.997168,23229.95,23750.0,23600,ATM+10,PUT,23100,2026-06-11
2026-06-11 13:53:00+05:30,513.15,513.6,510.55,511.55,650,67925,15.729415,23235.85,23750.0,23600,ATM+10,PUT,23100,2026-06-11
2026-06-11 13:54:00+05:30,511.85,514.4,509.6,509.85,325,67600,15.26685,23234.5,23750.0,23600,ATM+10,PUT,23100,2026-06-11
2026-06-11 13:55:00+05:30,514.25,515.4,509.85,512.15,585,67535,15.845301,23236.0,23750.0,23600,ATM+10,PUT,23100,2026-06-11
2026-06-11 13:56:00+05:30,510.75,512.15,504.65,504.65,585,67535,15.236861,23240.3,23750.0,23600,ATM+10,PUT,23100,2026-06-11
2026-06-11 13:57:00+05:30,506.6,507.05,504.45,507.05,325,67535,15.485848,23239.3,23750.0,23600,ATM+10,PUT,23100,2026-06-11
2026-06-11 13:58:00+05:30,502.15,507.05,498.0,498.0,455,67405,15.24129,23248.05,23750.0,23600,ATM+10,PUT,23100,2026-06-11
2026-06-11 13:59:00+05:30,512.65,512.65,498.0,512.35,260,67405,15.466115,23233.0,23750.0,23600,ATM+10,PUT,23100,2026-06-11
2026-06-11 14:00:00+05:30,511.5,512.35,511.5,511.5,195,67405,16.298172,23240.2,23750.0,23600,ATM+10,PUT,23100,2026-06-11
2026-06-11 14:01:00+05:30,511.5,511.5,511.5,511.5,0,67405,15.724793,23235.85,23750.0,23600,ATM+10,PUT,23100,2026-06-11
2026-06-11 14:02:00+05:30,513.0,513.55,510.6,511.0,585,67795,15.216108,23232.8,23750.0,23600,ATM+10,PUT,23100,2026-06-11
2026-06-11 14:03:00+05:30,511.9,511.9,511.0,511.9,65,67795,15.843059,23236.25,23750.0,23600,ATM+10,PUT,23100,2026-06-11
2026-06-11 14:04:00+05:30,516.05,516.05,511.2,512.0,325,67730,15.872657,23236.35,23750.0,23600,ATM+10,PUT,23100,2026-06-11
2026-06-11 14:05:00+05:30,517.5,520.3,512.0,520.3,715,67600,16.613275,23232.25,23750.0,23600,ATM+10,PUT,23100,2026-06-11
2026-06-11 14:06:00+05:30,520.3,520.3,520.3,520.3,0,67600,16.690046,23232.85,23750.0,23600,ATM+10,PUT,23100,2026-06-11
2026-06-11 14:07:00+05:30,471.05,483.3,464.7,483.3,1625,497445,15.867023,23220.0,23700.0,23600,ATM+10,PUT,23100,2026-06-11
2026-06-11 14:08:00+05:30,485.0,492.15,482.65,492.15,4745,495495,15.939716,23210.05,23700.0,23600,ATM+10,PUT,23100,2026-06-11
2026-06-11 14:09:00+05:30,494.8,499.0,486.05,488.15,6110,491920,15.663901,23212.6,23700.0,23600,ATM+10,PUT,23100,2026-06-11
2026-06-11 14:10:00+05:30,482.25,488.15,481.0,486.55,1885,490750,15.677738,23214.6,23700.0,23600,ATM+10,PUT,23100,2026-06-11
2026-06-11 14:11:00+05:30,489.95,494.15,484.95,486.2,2275,490165,15.433482,23213.1,23700.0,23600,ATM+10,PUT,23100,2026-06-11
2026-06-11 14:12:00+05:30,488.15,491.25,484.95,489.6,1365,490295,15.602979,23210.4,23700.0,23600,ATM+10,PUT,23100,2026-06-11
2026-06-11 14:13:00+05:30,488.35,489.65,474.8,475.35,1820,490425,15.092995,23223.25,23700.0,23600,ATM+10,PUT,23100,2026-06-11
2026-06-11 14:14:00+05:30,476.1,482.25,471.95,482.1,1885,489580,15.669426,23219.8,23700.0,23600,ATM+10,PUT,23100,2026-06-11
2026-06-11 14:15:00+05:30,480.65,484.9,477.45,483.9,2730,490295,15.356123,23215.2,23700.0,23600,ATM+10,PUT,23100,2026-06-11
2026-06-11 14:16:00+05:30,481.4,483.9,477.05,480.65,2470,490425,14.998919,23216.3,23700.0,23600,ATM+10,PUT,23100,2026-06-11
2026-06-11 14:17:00+05:30,484.2,486.0,480.65,483.55,325,490165,15.178642,23214.25,23700.0,23600,ATM+10,PUT,23100,2026-06-11
2026-06-11 14:18:00+05:30,484.55,493.0,483.55,493.0,1300,490035,15.812742,23208.0,23700.0,23600,ATM+10,PUT,23100,2026-06-11
2026-06-11 14:19:00+05:30,495.0,495.55,484.0,484.0,2405,488995,15.578074,23216.8,23700.0,23600,ATM+10,PUT,23100,2026-06-11
2026-06-11 14:20:00+05:30,476.8,484.0,475.0,475.6,1235,488020,15.101618,23223.0,23700.0,23600,ATM+10,PUT,23100,2026-06-11
2026-06-11 14:21:00+05:30,475.0,480.0,475.0,479.75,1040,488475,15.314254,23219.75,23700.0,23600,ATM+10,PUT,23100,2026-06-11
2026-06-11 14:22:00+05:30,481.65,481.7,474.9,478.65,910,488995,15.179369,23220.0,23700.0,23600,ATM+10,PUT,23100,2026-06-11
2026-06-11 14:23:00+05:30,477.0,490.0,477.0,489.8,1820,488995,15.489167,23209.25,23700.0,23600,ATM+10,PUT,23100,2026-06-11
2026-06-11 14:24:00+05:30,490.95,490.95,489.6,489.6,455,488995,15.076872,23206.4,23700.0,23600,ATM+10,PUT,23100,2026-06-11
2026-06-11 14:25:00+05:30,485.25,489.6,479.85,479.85,975,489255,14.910257,23216.55,23700.0,23600,ATM+10,PUT,23100,2026-06-11
2026-06-11 14:26:00+05:30,524.15,524.2,524.15,524.15,195,66690,16.273251,23225.05,23750.0,23600,ATM+10,PUT,23100,2026-06-11
2026-06-11 14:27:00+05:30,516.95,524.15,516.95,516.95,65,66625,15.282999,23226.35,23750.0,23600,ATM+10,PUT,23100,2026-06-11
2026-06-11 14:28:00+05:30,512.9,516.95,497.45,500.8,1170,66235,16.145523,23251.55,23750.0,23600,ATM+10,PUT,23100,2026-06-11
2026-06-11 14:29:00+05:30,495.9,506.85,495.9,506.85,1105,66040,15.71917,23241.15,23750.0,23600,ATM+10,PUT,23100,2026-06-11
2026-06-11 14:30:00+05:30,515.65,515.65,506.85,508.5,520,65650,16.527006,23245.45,23750.0,23600,ATM+10,PUT,23100,2026-06-11
2026-06-11 14:31:00+05:30,509.8,509.8,508.5,509.8,65,65650,16.040351,23240.1,23750.0,23600,ATM+10,PUT,23100,2026-06-11
2026-06-11 14:32:00+05:30,507.6,509.8,507.0,507.0,650,65845,16.048259,23243.45,23750.0,23600,ATM+10,PUT,23100,2026-06-11
2026-06-11 14:33:00+05:30,513.4,513.4,507.0,512.1,260,65845,14.856316,23229.05,23750.0,23600,ATM+10,PUT,23100,2026-06-11
2026-06-11 14:34:00+05:30,515.5,515.5,512.1,515.5,130,66040,15.808345,23231.7,23750.0,23600,ATM+10,PUT,23100,2026-06-11
2026-06-11 14:35:00+05:30,509.3,515.5,509.3,512.2,390,65780,16.03782,23237.25,23750.0,23600,ATM+10,PUT,23100,2026-06-11
2026-06-11 14:36:00+05:30,470.05,485.8,469.8,485.7,2275,486850,15.393581,23213.3,23700.0,23600,ATM+10,PUT,23100,2026-06-11
2026-06-11 14:37:00+05:30,539.45,547.1,520.6,528.25,3835,64805,17.037522,23226.05,23750.0,23600,ATM+10,PUT,23100,2026-06-11
2026-06-11 14:38:00+05:30,481.4,490.9,477.35,488.85,2275,486200,16.489098,23218.4,23700.0,23600,ATM+10,PUT,23100,2026-06-11
2026-06-11 14:39:00+05:30,490.65,504.0,488.85,495.55,8775,486005,17.271544,23217.1,23700.0,23600,ATM+10,PUT,23100,2026-06-11
2026-06-11 14:40:00+05:30,494.45,503.9,492.6,498.85,1950,485160,16.712911,23208.25,23700.0,23600,ATM+10,PUT,23100,2026-06-11
2026-06-11 14:41:00+05:30,501.95,507.0,498.0,500.0,3705,484575,17.510679,23213.8,23700.0,23600,ATM+10,PUT,23100,2026-06-11
2026-06-11 14:42:00+05:30,497.1,505.0,495.45,504.05,4030,484965,17.711196,23210.65,23700.0,23600,ATM+10,PUT,23100,2026-06-11
2026-06-11 14:43:00+05:30,503.25,516.8,503.1,516.8,5265,483600,17.959945,23197.3,23700.0,23600,ATM+10,PUT,23100,2026-06-11
2026-06-11 14:44:00+05:30,518.45,519.85,511.4,514.65,2210,482495,17.991504,23200.2,23700.0,23600,ATM+10,PUT,23100,2026-06-11
2026-06-11 14:45:00+05:30,510.6,519.4,510.6,517.3,3445,482755,18.024101,23197.25,23700.0,23600,ATM+10,PUT,23100,2026-06-11
2026-06-11 14:46:00+05:30,520.0,523.6,507.75,521.6,2925,482885,18.023437,23192.0,23700.0,23600,ATM+10,PUT,23100,2026-06-11
2026-06-11 14:47:00+05:30,479.8,500.0,477.4,499.6,9295,206375,17.852311,23167.1,23650.0,23600,ATM+10,PUT,23100,2026-06-11
2026-06-11 14:48:00+05:30,546.15,546.15,530.0,530.0,3120,482235,17.852571,23180.35,23700.0,23600,ATM+10,PUT,23100,2026-06-11
2026-06-11 14:49:00+05:30,529.45,530.0,520.0,520.25,2405,482495,17.963965,23193.1,23700.0,23600,ATM+10,PUT,23100,2026-06-11
2026-06-11 14:50:00+05:30,488.1,495.05,476.0,495.05,3380,205400,17.858148,23172.75,23650.0,23600,ATM+10,PUT,23100,2026-06-11
2026-06-11 14:51:00+05:30,491.45,495.05,486.0,493.35,1560,205205,17.595359,23172.4,23650.0,23600,ATM+10,PUT,23100,2026-06-11
2026-06-11 14:52:00+05:30,492.4,494.95,492.4,494.95,130,205205,17.668689,23171.1,23650.0,23600,ATM+10,PUT,23100,2026-06-11
2026-06-11 14:53:00+05:30,494.95,494.95,494.95,494.95,0,205205,17.979883,23174.0,23650.0,23600,ATM+10,PUT,23100,2026-06-11
2026-06-11 14:54:00+05:30,491.9,494.95,491.8,491.8,260,205205,17.311807,23171.7,23650.0,23600,ATM+10,PUT,23100,2026-06-11
2026-06-11 14:55:00+05:30,493.1,493.8,489.75,489.75,585,205335,17.133552,23172.6,23650.0,23600,ATM+10,PUT,23100,2026-06-11
2026-06-11 14:56:00+05:30,490.75,492.3,489.75,492.3,650,205465,17.230813,23170.35,23650.0,23600,ATM+10,PUT,23100,2026-06-11
2026-06-11 14:57:00+05:30,497.35,499.5,490.1,490.1,1755,205465,16.443517,23166.2,23650.0,23600,ATM+10,PUT,23100,2026-06-11
2026-06-11 14:58:00+05:30,494.15,494.7,490.1,491.1,2015,205205,17.308073,23172.5,23650.0,23600,ATM+10,PUT,23100,2026-06-11
2026-06-11 14:59:00+05:30,535.0,543.4,533.5,534.05,1755,480740,18.046095,23177.05,23700.0,23600,ATM+10,PUT,23100,2026-06-11
2026-06-11 15:00:00+05:30,480.0,497.6,468.85,497.6,2535,204555,16.041382,23154.0,23650.0,23600,ATM+10,PUT,23100,2026-06-11
2026-06-11 15:01:00+05:30,504.1,511.8,497.6,506.6,1755,204490,17.252754,23153.15,23650.0,23600,ATM+10,PUT,23100,2026-06-11
2026-06-11 15:02:00+05:30,506.6,517.65,504.55,504.55,1170,204620,17.61604,23158.8,23650.0,23600,ATM+10,PUT,23100,2026-06-11
2026-06-11 15:03:00+05:30,506.75,510.3,504.55,506.65,910,204425,17.841957,23158.25,23650.0,23600,ATM+10,PUT,23100,2026-06-11
2026-06-11 15:04:00+05:30,506.7,511.6,505.05,511.6,2925,204945,16.998963,23145.0,23650.0,23600,ATM+10,PUT,23100,2026-06-11
2026-06-11 15:05:00+05:30,513.65,518.5,510.7,510.7,3380,204945,17.177047,23147.55,23650.0,23600,ATM+10,PUT,23100,2026-06-11
2026-06-11 15:06:00+05:30,509.4,519.4,508.8,517.45,9295,204100,17.164293,23139.35,23650.0,23600,ATM+10,PUT,23100,2026-06-11
2026-06-11 15:07:00+05:30,521.05,521.05,510.95,511.05,2210,208845,17.293724,23148.1,23650.0,23600,ATM+10,PUT,23100,2026-06-11
2026-06-11 15:08:00+05:30,508.3,511.05,505.05,507.2,1365,208520,15.169077,23136.4,23650.0,23600,ATM+10,PUT,23100,2026-06-11
2026-06-11 15:09:00+05:30,510.7,510.7,505.85,505.85,585,208520,15.98966,23143.85,23650.0,23600,ATM+10,PUT,23100,2026-06-11
2026-06-11 15:10:00+05:30,500.0,505.85,493.8,493.8,715,208585,15.148931,23151.75,23650.0,23600,ATM+10,PUT,23100,2026-06-11
2026-06-11 15:11:00+05:30,492.7,502.75,491.05,502.75,3510,208390,15.533262,23144.1,23650.0,23600,ATM+10,PUT,23100,2026-06-11
2026-06-11 15:12:00+05:30,503.0,505.15,502.75,505.15,585,208390,16.861299,23151.55,23650.0,23600,ATM+10,PUT,23100,2026-06-11
2026-06-11 15:13:00+05:30,493.6,505.15,493.6,493.6,130,208845,16.433603,23161.85,23650.0,23600,ATM+10,PUT,23100,2026-06-11
2026-06-11 15:14:00+05:30,487.2,493.7,487.2,493.4,780,208520,16.875257,23165.8,23650.0,23600,ATM+10,PUT,23100,2026-06-11
2026-06-11 15:15:00+05:30,497.15,501.55,492.3,492.3,4290,207285,16.790748,23166.4,23650.0,23600,ATM+10,PUT,23100,2026-06-11
2026-06-11 15:16:00+05:30,536.0,541.1,522.15,524.8,4095,473850,17.137551,23180.55,23700.0,23600,ATM+10,PUT,23100,2026-06-11
2026-06-11 15:17:00+05:30,518.3,524.8,518.3,522.0,910,473525,16.889365,23181.9,23700.0,23600,ATM+10,PUT,23100,2026-06-11
2026-06-11 15:18:00+05:30,525.5,532.0,522.0,532.0,260,473525,18.248272,23181.15,23700.0,23600,ATM+10,PUT,23100,2026-06-11
2026-06-11 15:19:00+05:30,491.05,491.05,476.5,491.05,390,206505,17.259175,23172.0,23650.0,23600,ATM+10,PUT,23100,2026-06-11
2026-06-11 15:20:00+05:30,535.55,538.3,530.4,530.9,1950,472745,17.745413,23178.2,23700.0,23600,ATM+10,PUT,23100,2026-06-11
2026-06-11 15:21:00+05:30,528.0,530.9,525.85,525.85,455,472745,16.801571,23176.65,23700.0,23600,ATM+10,PUT,23100,2026-06-11
2026-06-11 15:22:00+05:30,488.4,489.45,484.75,489.45,130,205595,16.801058,23169.9,23650.0,23600,ATM+10,PUT,23100,2026-06-11
2026-06-11 15:23:00+05:30,494.0,494.0,489.45,493.4,390,205660,17.459031,23170.9,23650.0,23600,ATM+10,PUT,23100,2026-06-11
2026-06-11 15:24:00+05:30,485.5,493.4,484.8,484.8,260,205660,16.578413,23173.6,23650.0,23600,ATM+10,PUT,23100,2026-06-11
2026-06-11 15:25:00+05:30,476.7,484.8,473.5,473.5,2600,205270,15.010285,23174.4,23650.0,23600,ATM+10,PUT,23100,2026-06-11
2026-06-11 15:26:00+05:30,516.45,522.2,515.2,515.2,2275,472290,15.059966,23176.6,23700.0,23600,ATM+10,PUT,23100,2026-06-11
2026-06-11 15:27:00+05:30,514.35,516.1,513.55,516.1,260,470470,15.584819,23179.1,23700.0,23600,ATM+10,PUT,23100,2026-06-11
2026-06-11 15:28:00+05:30,516.9,518.2,513.95,515.2,1235,470535,15.572242,23180.05,23700.0,23600,ATM+10,PUT,23100,2026-06-11
2026-06-11 15:29:00+05:30,516.4,516.4,511.3,512.55,2730,469170,16.048194,23186.55,23700.0,23600,ATM+10,PUT,23100,2026-06-11
